,0
0,0.7609
1,0.7609
2,0.7609
3,0.7599
4,0.76
5,0.7601
6,0.7606
7,0.7609
8,0.7611
9,0.7614
10,0.7593
11,0.759
12,0.7598
13,0.7613
14,0.7617
15,0.7615
16,0.7618
17,0.7569
18,0.7569
19,0.7369
20,0.7307
21,0.7358
22,0.7344
23,0.735
24,0.735
25,0.7343
26,0.7345
27,0.7314
28,0.7344
29,0.7348
30,0.7394
31,0.739
32,0.7383
33,0.7381
34,0.7393
35,0.7397
36,0.7272
37,0.7401
38,0.7401
39,0.7399
40,0.7294
41,0.7298
42,0.7304
43,0.731
44,0.7291
45,0.7264
46,0.7257
47,0.73
48,0.7297
49,0.7301
50,0.7302
51,0.7309
52,0.7309
53,0.7305
54,0.7275
55,0.7348
56,0.6817
57,0.7274
58,0.7326
59,0.7426
60,0.7383
61,0.7557
62,0.757
63,0.7581
64,0.7582
65,0.754
66,0.7599
67,0.7333
68,0.7281
69,0.7273
70,0.7563
71,0.7558
72,0.7354
73,0.7566
74,0.7585
75,0.7566
76,0.7567
77,0.7544
78,0.7308
79,0.7295
80,0.7353
81,0.7311
82,0.7389
83,0.7367
84,0.7597
85,0.7544
86,0.7465
87,0.7474
88,0.744
89,0.7505
90,0.7494
91,0.7569
92,0.748
93,0.7543
94,0.7512
95,0.732
96,0.7347
97,0.7524
98,0.7541
99,0.7571
100,0.7579
101,0.7535
102,0.7527
103,0.7544
104,0.7358
105,0.7567
106,0.7578
107,0.7393
108,0.7436
109,0.752
110,0.7474
111,0.7533
112,0.7543
113,0.7551
114,0.7498
115,0.7534
116,0.7523
117,0.7353
118,0.7371
119,0.7371
120,0.7331
121,0.754
122,0.7538
123,0.7573
124,0.7391
125,0.7405
126,0.7446
127,0.7561
128,0.7412
129,0.7631
130,0.7542
131,0.7522
132,0.7543
133,0.7417
134,0.7595
135,0.7452
136,0.7386
137,0.7566
138,0.756
139,0.7528
140,0.7414
141,0.7555
142,0.7543
143,0.7531
144,0.7571
145,0.7374
146,0.7589
147,0.7549
148,0.7558
149,0.758
150,0.7323
151,0.7353
152,0.7598
153,0.7559
154,0.746
155,0.7595
156,0.7619
157,0.7426
158,0.7625
159,0.7589
160,0.761
161,0.7595
162,0.7624
163,0.7424
164,0.7635
165,0.7625
166,0.7594
167,0.7359
168,0.7576
169,0.753
170,0.7489
171,0.7279
172,0.7345
173,0.7258
174,0.7314
175,0.7507
176,0.7309
177,0.7573
178,0.7504
179,0.7545
180,0.7592
181,0.7383
182,0.7307
183,0.7602
184,0.7589
185,0.7482
186,0.7627
187,0.7599
188,0.7576
189,0.7609
190,0.7345
191,0.7543
192,0.7532
193,0.7529
194,0.7361
195,0.7448
196,0.7382
197,0.7604
198,0.7579
199,0.7475
200,0.7285
201,0.7114
202,0.7566
203,0.7541
204,0.7505
205,0.7521
206,0.7505
207,0.7529
208,0.7424
209,0.7468
210,0.7282
211,0.7475
212,0.7536
213,0.7528
214,0.7319
215,0.7332
216,0.7459
217,0.7593
218,0.7432
219,0.7541
220,0.7389
221,0.763
222,0.7337
223,0.7628
224,0.7566
225,0.7567
226,0.7381
227,0.7615
228,0.7612
229,0.7588
230,0.737
231,0.7446
232,0.7468
233,0.7529
234,0.7521
235,0.759
236,0.755
237,0.7546
238,0.7627
239,0.7444
240,0.7412
241,0.7244
242,0.7595
243,0.7418
244,0.7648
245,0.7176
246,0.7356
247,0.7478
248,0.7635
249,0.736
250,0.7416
251,0.7356
252,0.7544
253,0.7573
254,0.7548
255,0.7312
256,0.7347
257,0.7502
258,0.7611
259,0.7503
260,0.7402
261,0.759
262,0.7623
263,0.7383
264,0.7567
265,0.7564
266,0.7479
267,0.7416
268,0.7625
269,0.7591
270,0.741
271,0.7546
272,0.7556
273,0.7387
274,0.7391
275,0.7345
276,0.7296
277,0.7562
278,0.7578
279,0.7615
280,0.7564
281,0.7638
282,0.7611
283,0.7584
284,0.764
285,0.743
286,0.7466
287,0.7385
288,0.7424
289,0.7343
290,0.7223
291,0.7677
292,0.7647
293,0.7674
294,0.7505
295,0.7577
296,0.7662
297,0.7634
298,0.7671
299,0.7642
300,0.7668
301,0.7615
302,0.7605
303,0.7604
304,0.7428
305,0.7369
306,0.743
307,0.7635
308,0.7512
309,0.7432
310,0.7625
311,0.7394
312,0.7558
313,0.7615
314,0.7609
315,0.7619
316,0.7571
317,0.7666
318,0.7419
319,0.7413
320,0.7535
321,0.7652
322,0.756
323,0.7425
324,0.7405
325,0.7609
326,0.7489
327,0.7595
328,0.7519
329,0.7467
330,0.7553
331,0.7495
332,0.7642
333,0.7418
334,0.7459
335,0.7578
336,0.7372
337,0.7487
338,0.7528
339,0.7628
340,0.751
341,0.7491
342,0.7645
343,0.7653
344,0.7612
345,0.7623
346,0.7585
347,0.7593
348,0.7441
349,0.7243
350,0.7476
351,0.744
352,0.7607
353,0.7589
354,0.7524
355,0.7548
356,0.7535
357,0.7452
358,0.7654
359,0.7558
360,0.7638
361,0.7664
362,0.7581
363,0.7498
364,0.7455
365,0.7659
366,0.7626
367,0.7625
368,0.7663
369,0.7635
370,0.7654
371,0.761
372,0.7638
373,0.7462
374,0.7547
375,0.7517
376,0.7591
377,0.7523
378,0.7279
379,0.7629
380,0.766
381,0.7629
382,0.7519
383,0.7666
384,0.7667
385,0.7599
386,0.7675
387,0.7619
388,0.7522
389,0.7431
390,0.7619
391,0.7623
392,0.7598
393,0.7595
394,0.7573
395,0.7561
396,0.7579
397,0.7459
398,0.7605
399,0.7427
400,0.7531
401,0.7384
402,0.7412
403,0.7611
404,0.7576
405,0.7487
406,0.7619
407,0.7633
408,0.7534
409,0.763
410,0.7505
411,0.752
412,0.7561
413,0.7622
414,0.7325
415,0.7596
416,0.7589
417,0.7634
418,0.7399
419,0.7673
420,0.7633
421,0.7597
422,0.7669
423,0.758
424,0.7574
425,0.7568
426,0.7636
427,0.7592
428,0.7672
429,0.7584
430,0.7386
431,0.7431
432,0.7633
433,0.7549
434,0.7595
435,0.7606
436,0.7598
437,0.7635
438,0.7639
439,0.7512
440,0.7488
441,0.7543
442,0.7539
443,0.7625
444,0.7475
445,0.7615
446,0.7624
447,0.7618
448,0.7565
449,0.7647
450,0.7651
451,0.7602
452,0.7495
453,0.7611
454,0.7397
455,0.7479
456,0.7683
457,0.7577
458,0.7389
459,0.7562
460,0.7615
461,0.7625
462,0.7479
463,0.7414
464,0.7545
465,0.7629
466,0.7617
467,0.7474
468,0.7541
469,0.7525
470,0.7495
471,0.7525
472,0.7607
473,0.7418
474,0.7501
475,0.7448
476,0.7555
477,0.7572
478,0.7701
479,0.7673
480,0.7637
481,0.7588
482,0.7633
483,0.7595
484,0.7562
485,0.7594
486,0.7596
487,0.7647
488,0.7588
489,0.7629
490,0.7598
491,0.7652
492,0.7611
493,0.7654
494,0.7665
495,0.7611
496,0.7743
497,0.7615
498,0.7633
499,0.7625
500,0.7682
501,0.7614
502,0.7592
503,0.7456
504,0.747
505,0.7521
506,0.7563
507,0.7649
508,0.7685
509,0.754
510,0.7672
511,0.7635
512,0.759
513,0.7617
514,0.7627
515,0.7685
516,0.7643
517,0.7683
518,0.7651
519,0.7598
520,0.7648
521,0.7554
522,0.7642
523,0.7663
524,0.7571
525,0.7611
526,0.7528
527,0.7632
528,0.7519
529,0.7595
530,0.7596
531,0.7599
532,0.7588
533,0.7599
534,0.7413
535,0.7594
536,0.7639
537,0.7458
538,0.7593
539,0.7565
540,0.7469
541,0.7627
542,0.7666
543,0.7544
544,0.7674
545,0.7665
546,0.7683
547,0.7577
548,0.7571
549,0.7606
550,0.7669
551,0.7628
552,0.7543
553,0.7638
554,0.7571
555,0.763
556,0.7674
557,0.759
558,0.7398
559,0.7591
560,0.763
561,0.756
562,0.7583
563,0.7535
564,0.7445
565,0.7537
566,0.7518
567,0.7558
568,0.7632
569,0.7479
570,0.765
571,0.7505
572,0.7592
573,0.7634
574,0.7555
575,0.7609
576,0.7564
577,0.7548
578,0.7631
579,0.7619
580,0.7489
581,0.765
582,0.7643
583,0.7603
584,0.762
585,0.7625
586,0.7564
587,0.763
588,0.7652
589,0.7618
590,0.7598
591,0.7546
592,0.7513
593,0.7657
594,0.7668
595,0.7578
596,0.7524
597,0.7481
598,0.7596
599,0.7672
600,0.7564
601,0.7601
602,0.7593
603,0.7577
604,0.7593
605,0.762
606,0.7645
607,0.742
608,0.7642
609,0.7612
610,0.7676
611,0.7584
612,0.7627
613,0.7643
614,0.7633
615,0.7604
616,0.7422
617,0.7558
618,0.7612
619,0.742
620,0.759
621,0.7609
622,0.7621
623,0.7531
624,0.7568
625,0.7476
626,0.7566
627,0.7669
628,0.754
629,0.7626
630,0.7539
631,0.7599
632,0.7622
633,0.7562
634,0.7644
635,0.7606
636,0.7612
637,0.7561
638,0.7567
639,0.7629
640,0.765
641,0.7694
642,0.7656
643,0.7556
644,0.7481
645,0.7645
646,0.7668
647,0.7706
648,0.761
649,0.7707
650,0.7653
651,0.7688
652,0.7595
653,0.7519
654,0.765
655,0.7654
656,0.7677
657,0.7606
658,0.7603
659,0.7578
660,0.7621
661,0.7683
662,0.7632
663,0.7637
664,0.7674
665,0.7698
666,0.7697
667,0.765
668,0.764
669,0.7614
670,0.765
671,0.7659
672,0.7529
673,0.7721
674,0.7523
675,0.7676
676,0.768
677,0.7561
678,0.757
679,0.7625
680,0.7541
681,0.7559
682,0.7623
683,0.7679
684,0.7473
685,0.7565
686,0.7646
687,0.7549
688,0.7436
689,0.7558
690,0.77
691,0.7624
692,0.7634
693,0.7525
694,0.757
695,0.7598
696,0.7498
697,0.7627
698,0.7524
699,0.7608
700,0.7537
701,0.768
702,0.7677
703,0.7623
704,0.765
705,0.7522
706,0.7613
707,0.7622
708,0.7667
709,0.7628
710,0.7493
711,0.7596
712,0.7678
713,0.7651
714,0.7654
715,0.7646
716,0.7661
717,0.7645
718,0.7615
719,0.7591
720,0.7655
721,0.7663
722,0.7516
723,0.7669
724,0.7611
725,0.7667
726,0.7669
727,0.7626
728,0.7644
729,0.7377
730,0.768
731,0.7695
732,0.7605
733,0.7638
734,0.7601
735,0.7656
736,0.7525
737,0.7523
738,0.7644
739,0.7601
740,0.7611
741,0.7595
742,0.7361
743,0.7609
744,0.763
745,0.7636
746,0.7544
747,0.7607
748,0.7596
749,0.7588
750,0.764
751,0.7574
752,0.7533
753,0.7658
754,0.7594
755,0.7617
756,0.7172
757,0.762
758,0.7644
759,0.7526
760,0.7637
761,0.767
762,0.7669
763,0.7603
764,0.7698
765,0.7639
766,0.7609
767,0.7683
768,0.7587
769,0.7614
770,0.7645
771,0.7677
772,0.763
773,0.7647
774,0.7656
775,0.7675
776,0.7555
777,0.76
778,0.755
779,0.7601
780,0.7641
781,0.7528
782,0.7565
783,0.7693
784,0.7653
785,0.7641
786,0.7679
787,0.7669
788,0.7688
789,0.7616
790,0.7658
791,0.7675
792,0.7709
793,0.7612
794,0.7711
795,0.7689
796,0.7683
797,0.7651
798,0.7577
799,0.7684
800,0.7703
801,0.7691
802,0.7624
803,0.7695
804,0.7685
805,0.7694
806,0.7575
807,0.7722
808,0.7707
809,0.7672
810,0.768
811,0.7741
812,0.7725
813,0.7713
814,0.7694
815,0.7576
816,0.766
817,0.7576
818,0.7615
819,0.7574
820,0.7699
821,0.7687
822,0.7686
823,0.7572
824,0.7384
825,0.7684
826,0.7626
827,0.7644
828,0.7682
829,0.7609
830,0.7627
831,0.7577
832,0.7597
833,0.7692
834,0.765
835,0.7638
836,0.7678
837,0.769
838,0.7684
839,0.7707
840,0.7653
841,0.7605
842,0.7627
843,0.7466
844,0.7672
845,0.7601
846,0.7597
847,0.7523
848,0.7666
849,0.7669
850,0.7688
851,0.7692
852,0.7658
853,0.7577
854,0.7677
855,0.7603
856,0.76
857,0.7669
858,0.7568
859,0.7645
860,0.7677
861,0.7576
862,0.7635
863,0.7561
864,0.7657
865,0.7675
866,0.7684
867,0.7663
868,0.7697
869,0.7702
870,0.7676
871,0.7646
872,0.7682
873,0.7707
874,0.768
875,0.7734
876,0.7599
877,0.7702
878,0.7705
879,0.7673
880,0.7658
881,0.7722
882,0.7703
883,0.7653
884,0.7506
885,0.7669
886,0.7694
887,0.7682
888,0.7699
889,0.7682
890,0.7659
891,0.7666
892,0.7643
893,0.7689
894,0.7657
895,0.7624
896,0.7626
897,0.7673
898,0.7696
899,0.7665
900,0.7727
901,0.7713
902,0.7659
903,0.7711
904,0.772
905,0.762
906,0.7685
907,0.7668
908,0.7729
909,0.7673
910,0.7715
911,0.7661
912,0.766
913,0.7695
914,0.7705
915,0.7675
916,0.7683
917,0.7651
918,0.7706
919,0.7639
920,0.7632
921,0.7666
922,0.7728
923,0.7715
924,0.7697
925,0.7752
926,0.7734
927,0.7721
928,0.766
929,0.7647
930,0.7721
931,0.7731
932,0.7699
933,0.7732
934,0.7602
935,0.769
936,0.7709
937,0.7727
938,0.7707
939,0.7676
940,0.7658
941,0.7751
942,0.7729
943,0.7693
944,0.7758
945,0.7746
946,0.7712
947,0.7714
948,0.7736
949,0.7652
950,0.7715
951,0.7735
952,0.7707
953,0.7728
954,0.7697
955,0.7676
956,0.7701
957,0.7721
958,0.7681
959,0.7698
960,0.7721
961,0.771
962,0.7648
963,0.7653
964,0.7729
965,0.7713
966,0.7698
967,0.7674
968,0.7674
969,0.769
970,0.7706
971,0.7743
972,0.7718
973,0.7742
974,0.7726
975,0.7745
976,0.7701
977,0.7725
978,0.7669
979,0.772
980,0.7778
981,0.7709
982,0.7561
983,0.7745
984,0.7792
985,0.7714
986,0.7739
987,0.7757
988,0.7763
989,0.7749
990,0.7733
991,0.7534
992,0.7719
993,0.7711
994,0.7766
995,0.7765
996,0.7738
997,0.7527
998,0.7735
999,0.7764
1000,0.7755
1001,0.7657
1002,0.7745
1003,0.7704
1004,0.7755
1005,0.7641
1006,0.7721
1007,0.7593
1008,0.7556
1009,0.7747
1010,0.7747
1011,0.776
1012,0.7726
1013,0.7723
1014,0.7676
1015,0.7719
1016,0.7732
1017,0.775
1018,0.7727
1019,0.7562
1020,0.7756
1021,0.7689
1022,0.7504
1023,0.7735
1024,0.7694
1025,0.7515
1026,0.774
1027,0.7694
1028,0.7739
1029,0.7739
1030,0.7739
1031,0.7749
1032,0.7735
1033,0.7751
1034,0.7773
1035,0.7634
1036,0.7705
1037,0.7572
1038,0.7692
1039,0.7653
1040,0.7716
1041,0.7676
1042,0.7692
1043,0.769
1044,0.7751
1045,0.7747
1046,0.7496
1047,0.7744
1048,0.776
1049,0.7746
1050,0.7688
1051,0.7722
1052,0.7774
1053,0.7748
1054,0.775
1055,0.7728
1056,0.7724
1057,0.7664
1058,0.7759
1059,0.7693
1060,0.7645
1061,0.7739
1062,0.7731
1063,0.7737
1064,0.7693
1065,0.7745
1066,0.7752
1067,0.7732
1068,0.7632
1069,0.774
1070,0.7724
1071,0.7744
1072,0.7754
1073,0.7755
1074,0.7754
1075,0.7727
1076,0.773
1077,0.7759
1078,0.7724
1079,0.7759
1080,0.7763
1081,0.7714
1082,0.7757
1083,0.7772
1084,0.7774
1085,0.7704
1086,0.7756
1087,0.7549
1088,0.7662
1089,0.7681
1090,0.7759
1091,0.7698
1092,0.7751
1093,0.7674
1094,0.7735
1095,0.7735
1096,0.7732
1097,0.778
1098,0.7742
1099,0.7754
1100,0.77
1101,0.7658
1102,0.7777
1103,0.7682
1104,0.7736
1105,0.7769
1106,0.7742
1107,0.7745
1108,0.7738
1109,0.7697
1110,0.7763
1111,0.7773
1112,0.7695
1113,0.7753
1114,0.7656
1115,0.7607
1116,0.7723
1117,0.7711
1118,0.7724
1119,0.7623
1120,0.7713
1121,0.7747
1122,0.7714
1123,0.775
1124,0.7747
1125,0.7707
1126,0.772
1127,0.7751
1128,0.7752
1129,0.7737
1130,0.7739
1131,0.7746
1132,0.7717
1133,0.7642
1134,0.767
1135,0.7738
1136,0.7712
1137,0.7742
1138,0.7751
1139,0.7686
1140,0.772
1141,0.7763
1142,0.7713
1143,0.7753
1144,0.7744
1145,0.7735
1146,0.7765
1147,0.7783
1148,0.7723
1149,0.765
1150,0.7766
1151,0.7703
1152,0.7708
1153,0.7779
1154,0.7659
1155,0.7741
1156,0.7772
1157,0.7804
1158,0.7758
1159,0.7774
1160,0.7709
1161,0.7736
1162,0.7685
1163,0.7814
1164,0.7793
1165,0.7752
1166,0.7777
1167,0.778
1168,0.78
1169,0.7783
1170,0.775
1171,0.7794
1172,0.7786
1173,0.772
1174,0.7739
1175,0.7775
1176,0.7752
1177,0.7779
1178,0.7811
1179,0.7799
1180,0.7782
1181,0.7788
1182,0.7759
1183,0.7712
1184,0.7794
1185,0.7539
1186,0.7729
1187,0.7775
1188,0.7813
1189,0.7779
1190,0.7798
1191,0.7746
1192,0.7764
1193,0.7733
1194,0.7749
1195,0.7771
1196,0.7769
1197,0.7764
1198,0.7782
1199,0.7812
1200,0.7737
1201,0.7791
1202,0.7806
1203,0.7773
1204,0.7778
1205,0.7653
1206,0.7726
1207,0.7817
1208,0.7742
1209,0.777
1210,0.7783
1211,0.7813
1212,0.7745
1213,0.7837
1214,0.7848
1215,0.7847
1216,0.7842
1217,0.7839
1218,0.7764
1219,0.7813
1220,0.7751
1221,0.7784
1222,0.7856
1223,0.7794
1224,0.777
1225,0.783
1226,0.778
1227,0.7776
1228,0.7777
1229,0.7798
1230,0.7781
1231,0.7765
1232,0.7717
1233,0.7782
1234,0.7721
1235,0.7762
1236,0.7798
1237,0.7803
1238,0.7773
1239,0.7777
1240,0.7762
1241,0.7753
1242,0.7784
1243,0.7786
1244,0.7785
1245,0.7718
1246,0.7744
1247,0.7799
1248,0.7773
1249,0.7744
1250,0.7679
1251,0.7789
1252,0.7775
1253,0.7724
1254,0.7772
1255,0.7773
1256,0.7592
1257,0.7778
1258,0.7782
1259,0.7784
1260,0.7781
1261,0.7778
1262,0.7792
1263,0.7833
1264,0.7795
1265,0.7759
1266,0.7774
1267,0.7766
1268,0.784
1269,0.7743
1270,0.7777
1271,0.7802
1272,0.7843
1273,0.7833
1274,0.7735
1275,0.7755
1276,0.7801
1277,0.7755
1278,0.7825
1279,0.7702
1280,0.7797
1281,0.7713
1282,0.7831
1283,0.7847
1284,0.7822
1285,0.7789
1286,0.7787
1287,0.7818
1288,0.7819
1289,0.7781
1290,0.7784
1291,0.7802
1292,0.7557
1293,0.7762
1294,0.7806
1295,0.7762
1296,0.7804
1297,0.7731
1298,0.7804
1299,0.784
1300,0.7845
1301,0.7748
1302,0.7797
1303,0.7728
1304,0.7779
1305,0.7765
1306,0.7786
1307,0.7789
1308,0.7844
1309,0.7852
1310,0.7821
1311,0.778
1312,0.7816
1313,0.7863
1314,0.7849
1315,0.7769
1316,0.7825
1317,0.7889
1318,0.7832
1319,0.788
1320,0.7868
1321,0.7843
1322,0.7853
1323,0.7895
1324,0.7858
1325,0.787
1326,0.7903
1327,0.786
1328,0.7876
1329,0.7828
1330,0.7865
1331,0.7794
1332,0.7873
1333,0.7909
1334,0.7896
1335,0.788
1336,0.7786
1337,0.7914
1338,0.7866
1339,0.7916
1340,0.7916
1341,0.7887
1342,0.7902
1343,0.7904
1344,0.7921
1345,0.7884
1346,0.7888
1347,0.779
1348,0.7912
1349,0.7892
1350,0.7798
1351,0.7877
1352,0.7879
1353,0.7928
1354,0.7933
1355,0.793
1356,0.779
1357,0.7825
1358,0.7884
1359,0.7928
1360,0.7918
1361,0.782
1362,0.7899
1363,0.7901
1364,0.7909
1365,0.7828
1366,0.7901
1367,0.7945
1368,0.7879
1369,0.7849
1370,0.7905
1371,0.7911
1372,0.791
1373,0.7921
1374,0.7898
1375,0.7927
1376,0.7947
1377,0.7933
1378,0.7903
1379,0.7911
1380,0.7875
1381,0.7905
1382,0.7904
1383,0.79
1384,0.7868
1385,0.7874
1386,0.7905
1387,0.7921
1388,0.7909
1389,0.7924
1390,0.7947
1391,0.7937
1392,0.7892
1393,0.7927
1394,0.789
1395,0.771
1396,0.787
1397,0.7915
1398,0.7892
1399,0.7908
1400,0.7788
1401,0.7919
1402,0.7902
1403,0.7926
1404,0.7928
1405,0.7888
1406,0.7911
1407,0.7859
1408,0.7899
1409,0.7919
1410,0.7815
1411,0.7913
1412,0.7917
1413,0.7871
1414,0.792
1415,0.7922
1416,0.7713
1417,0.7797
1418,0.7839
1419,0.7863
1420,0.7898
1421,0.7899
1422,0.7924
1423,0.7877
1424,0.7897
1425,0.7897
1426,0.7875
1427,0.7901
1428,0.7881
1429,0.7937
1430,0.7959
1431,0.7897
1432,0.7909
1433,0.7931
1434,0.7944
1435,0.7917
1436,0.7908
1437,0.7878
1438,0.7925
1439,0.7838
1440,0.7879
1441,0.7926
1442,0.7961
1443,0.7837
1444,0.7924
1445,0.793
1446,0.7857
1447,0.7917
1448,0.7922
1449,0.7952
1450,0.7906
1451,0.7902
1452,0.792
1453,0.7912
1454,0.7918
1455,0.7864
1456,0.7855
1457,0.786
1458,0.7822
1459,0.7853
1460,0.7795
1461,0.7859
1462,0.7906
1463,0.7845
1464,0.7893
1465,0.7929
1466,0.7902
1467,0.7715
1468,0.7889
1469,0.796
1470,0.7906
1471,0.7931
1472,0.7852
1473,0.7921
1474,0.7912
1475,0.7918
1476,0.7915
1477,0.774
1478,0.7881
1479,0.7883
1480,0.7891
1481,0.7919
1482,0.7936
1483,0.7916
1484,0.7902
1485,0.7892
1486,0.7914
1487,0.7868
1488,0.7966
1489,0.789
1490,0.7829
1491,0.7876
1492,0.786
1493,0.7883
1494,0.7927
1495,0.7938
1496,0.783
1497,0.7886
1498,0.7868
1499,0.7874
1500,0.788
1501,0.786
1502,0.7905
1503,0.7916
1504,0.7883
1505,0.7962
1506,0.7879
1507,0.7843
1508,0.7837
1509,0.7847
1510,0.7847
1511,0.7942
1512,0.792
1513,0.7883
1514,0.7855
1515,0.795
1516,0.7725
1517,0.787
1518,0.7879
1519,0.7905
1520,0.7896
1521,0.7904
1522,0.7893
1523,0.7894
1524,0.7931
1525,0.7948
1526,0.793
1527,0.7927
1528,0.7936
1529,0.7875
1530,0.7847
1531,0.7883
1532,0.7858
1533,0.7834
1534,0.7872
1535,0.7892
1536,0.7901
1537,0.7887
1538,0.7911
1539,0.7885
1540,0.7847
1541,0.7911
1542,0.7917
1543,0.7866
1544,0.7951
1545,0.7874
1546,0.7889
1547,0.7896
1548,0.7947
1549,0.7957
1550,0.7897
1551,0.79
1552,0.7936
1553,0.7872
1554,0.7893
1555,0.7872
1556,0.7914
1557,0.7885
1558,0.7895
1559,0.7882
1560,0.7879
1561,0.7831
1562,0.7901
1563,0.7914
1564,0.7881
1565,0.7917
1566,0.7912
1567,0.7941
1568,0.7944
1569,0.7938
1570,0.7881
1571,0.7963
1572,0.7927
1573,0.7882
1574,0.7886
1575,0.7886
1576,0.7919
1577,0.793
1578,0.789
1579,0.7932
1580,0.7936
1581,0.7943
1582,0.7939
1583,0.7875
1584,0.7922
1585,0.7892
1586,0.7949
1587,0.7964
1588,0.7942
1589,0.7924
1590,0.7855
1591,0.7794
1592,0.7901
1593,0.7961
1594,0.7936
1595,0.7909
1596,0.7962
1597,0.7955
1598,0.7934
1599,0.7945
1600,0.7944
1601,0.7937
1602,0.7936
1603,0.797
1604,0.7954
1605,0.7964
1606,0.7938
1607,0.7898
1608,0.7871
1609,0.7926
1610,0.792
1611,0.7962
1612,0.7952
1613,0.7903
1614,0.7917
1615,0.7902
1616,0.7901
1617,0.7912
1618,0.7902
1619,0.789
1620,0.7911
1621,0.7884
1622,0.7865
1623,0.7894
1624,0.7832
1625,0.7872
1626,0.7826
1627,0.7888
1628,0.7819
1629,0.7922
1630,0.7885
1631,0.7908
1632,0.7786
1633,0.7916
1634,0.7947
1635,0.79
1636,0.7898
1637,0.786
1638,0.784
1639,0.7884
1640,0.7901
1641,0.7874
1642,0.7884
1643,0.7888
1644,0.786
1645,0.7908
1646,0.7865
1647,0.7847
1648,0.7878
1649,0.7876
1650,0.7896
1651,0.787
1652,0.787
1653,0.7868
1654,0.7901
1655,0.7903
1656,0.7895
1657,0.7884
1658,0.7846
1659,0.7873
1660,0.7891
1661,0.7831
1662,0.7934
1663,0.7941
1664,0.7943
1665,0.7913
1666,0.7914
1667,0.7889
1668,0.787
1669,0.789
1670,0.7906
1671,0.7869
1672,0.7879
1673,0.7893
1674,0.7912
1675,0.7907
1676,0.7905
1677,0.7913
1678,0.7963
1679,0.7933
1680,0.7896
1681,0.7929
1682,0.7938
1683,0.7842
1684,0.7927
1685,0.7915
1686,0.792
1687,0.7907
1688,0.7915
1689,0.7874
1690,0.7837
1691,0.7909
1692,0.7839
1693,0.794
1694,0.7903
1695,0.7896
1696,0.7903
1697,0.7873
1698,0.7862
1699,0.7901
1700,0.7922
1701,0.7944
1702,0.7945
1703,0.7895
1704,0.7893
1705,0.7917
1706,0.7921
1707,0.7944
1708,0.792
1709,0.7922
1710,0.7953
1711,0.7873
1712,0.7924
1713,0.7947
1714,0.7831
1715,0.7889
1716,0.7906
1717,0.7873
1718,0.7909
1719,0.7913
1720,0.7909
1721,0.7878
1722,0.7906
1723,0.7933
1724,0.7949
1725,0.7927
1726,0.7936
1727,0.792
1728,0.7932
1729,0.7972
1730,0.7897
1731,0.7859
1732,0.7908
1733,0.792
1734,0.7942
1735,0.7938
1736,0.7894
1737,0.7926
1738,0.7867
1739,0.7904
1740,0.7941
1741,0.791
1742,0.7935
1743,0.7913
1744,0.7956
1745,0.7742
1746,0.7952
1747,0.7941
1748,0.7943
1749,0.7943
1750,0.7924
1751,0.7923
1752,0.7937
1753,0.7952
1754,0.7957
1755,0.7953
1756,0.7936
1757,0.7934
1758,0.7931
1759,0.7939
1760,0.7921
1761,0.795
1762,0.7966
1763,0.793
1764,0.7938
1765,0.7953
1766,0.7978
1767,0.7979
1768,0.793
1769,0.7871
1770,0.7924
1771,0.7936
1772,0.7904
1773,0.7938
1774,0.7934
1775,0.7891
1776,0.7903
1777,0.7945
1778,0.7928
1779,0.7911
1780,0.7809
1781,0.7927
1782,0.7943
1783,0.7922
1784,0.7922
1785,0.7964
1786,0.7913
1787,0.7938
1788,0.7924
1789,0.7892
1790,0.7838
1791,0.7885
1792,0.7932
1793,0.796
1794,0.7929
1795,0.7964
1796,0.7919
1797,0.7878
1798,0.7938
1799,0.7894
1800,0.7924
1801,0.7883
1802,0.7922
1803,0.7891
1804,0.7936
1805,0.7921
1806,0.7922
1807,0.7879
1808,0.7871
1809,0.7896
1810,0.7859
1811,0.7906
1812,0.7867
1813,0.7696
1814,0.7922
1815,0.7893
1816,0.7901
1817,0.7887
1818,0.793
1819,0.7769
1820,0.789
1821,0.7794
1822,0.7858
1823,0.787
1824,0.7832
1825,0.7876
1826,0.7911
1827,0.7919
1828,0.7906
1829,0.7908
1830,0.7889
1831,0.7852
1832,0.7936
1833,0.7924
1834,0.7878
1835,0.7912
1836,0.7857
1837,0.7876
1838,0.7864
1839,0.7905
1840,0.7665
1841,0.7931
1842,0.7959
1843,0.792
1844,0.7924
1845,0.785
1846,0.7923
1847,0.793
1848,0.788
1849,0.792
1850,0.7736
1851,0.7856
1852,0.7867
1853,0.7873
1854,0.7902
1855,0.7875
1856,0.7852
1857,0.7869
1858,0.7859
1859,0.7916
1860,0.7878
1861,0.7907
1862,0.7915
1863,0.7867
1864,0.7903
1865,0.7856
1866,0.7881
1867,0.7867
1868,0.7898
1869,0.784
1870,0.7868
1871,0.7832
1872,0.7853
1873,0.7851
1874,0.7835
1875,0.7837
1876,0.7864
1877,0.7853
1878,0.7863
1879,0.7842
1880,0.7814
1881,0.7897
1882,0.7869
1883,0.784
1884,0.7837
1885,0.791
1886,0.7897
1887,0.7901
1888,0.7856
1889,0.786
1890,0.7863
1891,0.7835
1892,0.7856
1893,0.7851
1894,0.7817
1895,0.7854
1896,0.7827
1897,0.7884
1898,0.7793
1899,0.7759
1900,0.789
1901,0.7711
1902,0.7891
1903,0.7847
1904,0.7864
1905,0.7812
1906,0.7891
1907,0.7868
1908,0.7863
1909,0.7866
1910,0.7805
1911,0.7885
1912,0.7896
1913,0.7923
1914,0.7894
1915,0.7894
1916,0.7927
1917,0.7903
1918,0.789
1919,0.7887
1920,0.7891
1921,0.7832
1922,0.7896
1923,0.7846
1924,0.7862
1925,0.791
1926,0.7873
1927,0.7908
1928,0.7883
1929,0.7864
1930,0.7865
1931,0.7896
1932,0.7908
1933,0.7869
1934,0.7853
1935,0.7879
1936,0.7893
1937,0.7817
1938,0.791
1939,0.7919
1940,0.7897
1941,0.7815
1942,0.7854
1943,0.789
1944,0.7883
1945,0.7903
1946,0.7894
1947,0.7857
1948,0.786
1949,0.7872
1950,0.7702
1951,0.7857
1952,0.7835
1953,0.7813
1954,0.7874
1955,0.7842
1956,0.7851
1957,0.7857
1958,0.7862
1959,0.7858
1960,0.7836
1961,0.7816
1962,0.7852
1963,0.7844
1964,0.7828
1965,0.7878
1966,0.7865
1967,0.7885
1968,0.7864
1969,0.7836
1970,0.7848
1971,0.785
1972,0.7844
1973,0.7885
1974,0.7913
1975,0.7907
1976,0.7858
1977,0.7891
1978,0.7917
1979,0.7844
1980,0.7851
1981,0.7888
1982,0.7878
1983,0.7855
1984,0.7866
1985,0.784
1986,0.7848
1987,0.7847
1988,0.7839
1989,0.7897
1990,0.7856
1991,0.7845
1992,0.7833
1993,0.7876
1994,0.7835
1995,0.7842
1996,0.7835
1997,0.786
1998,0.7847
1999,0.7889
2000,0.7846
2001,0.7805
2002,0.7872
2003,0.7869
2004,0.7855
2005,0.7839
2006,0.7763
2007,0.7863
2008,0.7847
2009,0.7859
2010,0.7881
2011,0.7823
2012,0.7868
2013,0.7852
2014,0.7906
2015,0.7938
2016,0.7888
2017,0.7873
2018,0.7865
2019,0.7868
2020,0.79
2021,0.7896
2022,0.788
2023,0.7788
2024,0.7873
2025,0.7867
2026,0.7886
2027,0.7786
2028,0.7818
2029,0.7861
2030,0.7845
2031,0.7816
2032,0.7868
2033,0.7864
2034,0.7874
2035,0.7909
2036,0.7882
2037,0.7868
2038,0.7895
2039,0.7874
2040,0.7909
2041,0.7872
2042,0.7834
2043,0.7845
2044,0.7843
2045,0.7866
2046,0.7882
2047,0.786
2048,0.7891
2049,0.7864
2050,0.7828
2051,0.7844
2052,0.7834
2053,0.7861
2054,0.7891
2055,0.7801
2056,0.7837
2057,0.7839
2058,0.7837
2059,0.7839
2060,0.787
2061,0.7883
2062,0.7876
2063,0.7817
2064,0.7839
2065,0.7885
2066,0.7872
2067,0.7884
2068,0.7831
2069,0.7853
2070,0.7794
2071,0.7834
2072,0.7856
2073,0.7882
2074,0.7882
2075,0.7893
2076,0.7852
2077,0.7848
2078,0.7834
2079,0.7845
2080,0.7848
2081,0.7851
2082,0.7867
2083,0.7829
2084,0.7831
2085,0.7838
2086,0.7848
2087,0.7846
2088,0.7846
2089,0.7841
2090,0.7804
2091,0.7857
2092,0.7842
2093,0.7863
2094,0.7853
2095,0.7853
2096,0.7843
2097,0.7874
2098,0.786
2099,0.7923
2100,0.7899
2101,0.7839
2102,0.7883
2103,0.7895
2104,0.7896
2105,0.7853
2106,0.7855
2107,0.7888
2108,0.7848
2109,0.7862
2110,0.7894
2111,0.7889
2112,0.7866
2113,0.7822
2114,0.7875
2115,0.7847
2116,0.7866
2117,0.7825
2118,0.7849
2119,0.7897
2120,0.7875
2121,0.7864
2122,0.7861
2123,0.7836
2124,0.7832
2125,0.7871
2126,0.7863
2127,0.7871
2128,0.7905
2129,0.7886
2130,0.7891
2131,0.7896
2132,0.7868
2133,0.7879
2134,0.7886
2135,0.7859
2136,0.7863
2137,0.7865
2138,0.7859
2139,0.783
2140,0.7848
2141,0.7856
2142,0.7877
2143,0.7884
2144,0.7884
2145,0.7867
2146,0.7852
2147,0.7875
2148,0.7865
2149,0.786
2150,0.7903
2151,0.7836
2152,0.7881
2153,0.787
2154,0.7889
2155,0.7836
2156,0.7895
2157,0.7858
2158,0.7916
2159,0.7896
2160,0.786
2161,0.789
2162,0.7868
2163,0.7831
2164,0.7849
2165,0.7893
2166,0.7749
2167,0.7874
2168,0.7886
2169,0.7865
2170,0.7859
2171,0.7858
2172,0.7876
2173,0.7843
2174,0.7842
2175,0.7863
2176,0.7879
2177,0.7909
2178,0.7852
2179,0.7903
2180,0.7889
2181,0.7866
2182,0.7869
2183,0.7889
2184,0.7916
2185,0.7858
2186,0.792
2187,0.7865
2188,0.786
2189,0.785
2190,0.7894
2191,0.7866
2192,0.7893
2193,0.7891
2194,0.79
2195,0.7913
2196,0.7896
2197,0.7913
2198,0.7899
2199,0.7879
2200,0.788
2201,0.7847
2202,0.7852
2203,0.7831
2204,0.7871
2205,0.785
2206,0.7853
2207,0.788
2208,0.7867
2209,0.7861
2210,0.7917
2211,0.7877
2212,0.7855
2213,0.7801
2214,0.789
2215,0.7877
2216,0.7885
2217,0.7908
2218,0.7876
2219,0.7874
2220,0.786
2221,0.7846
2222,0.7843
2223,0.7854
2224,0.7864
2225,0.7875
2226,0.7897
2227,0.7885
2228,0.7906
2229,0.7879
2230,0.7865
2231,0.7829
2232,0.7891
2233,0.784
2234,0.7923
2235,0.7906
2236,0.7902
2237,0.7886
2238,0.771
2239,0.7848
2240,0.7869
2241,0.79
2242,0.79
2243,0.7875
2244,0.7879
2245,0.7905
2246,0.7902
2247,0.7887
2248,0.7896
2249,0.7904
2250,0.7901
2251,0.7905
2252,0.7926
2253,0.7907
2254,0.7858
2255,0.7914
2256,0.7902
2257,0.7909
2258,0.7896
2259,0.787
2260,0.7883
2261,0.7861
2262,0.7908
2263,0.789
2264,0.785
2265,0.79
2266,0.7866
2267,0.7927
2268,0.7929
2269,0.7901
2270,0.7864
2271,0.7928
2272,0.7952
2273,0.7925
2274,0.7888
2275,0.7898
2276,0.7833
2277,0.7896
2278,0.7892
2279,0.7911
2280,0.7894
2281,0.7882
2282,0.7902
2283,0.7899
2284,0.7939
2285,0.7906
2286,0.785
2287,0.7873
2288,0.7873
2289,0.7908
2290,0.7868
2291,0.7891
2292,0.7871
2293,0.7902
2294,0.7887
2295,0.7883
2296,0.7913
2297,0.784
2298,0.7888
2299,0.791
2300,0.7901
2301,0.7927
2302,0.7915
2303,0.791
2304,0.7937
2305,0.7895
2306,0.7921
2307,0.794
2308,0.7923
2309,0.7948
2310,0.7938
2311,0.7912
2312,0.7932
2313,0.7926
2314,0.7898
2315,0.7914
2316,0.7932
2317,0.792
2318,0.7914
2319,0.7899
2320,0.7938
2321,0.7943
2322,0.7954
2323,0.7891
2324,0.7904
2325,0.7886
2326,0.7886
2327,0.7902
2328,0.7896
2329,0.7858
2330,0.7903
2331,0.788
2332,0.7903
2333,0.7914
2334,0.791
2335,0.7914
2336,0.7894
2337,0.7935
2338,0.7904
2339,0.7905
2340,0.7939
2341,0.7942
2342,0.7927
2343,0.7915
2344,0.7923
2345,0.7908
2346,0.7895
2347,0.7901
2348,0.7929
2349,0.793
2350,0.7936
2351,0.7903
2352,0.7902
2353,0.7887
2354,0.7925
2355,0.7884
2356,0.7919
2357,0.7888
2358,0.7937
2359,0.7902
2360,0.7892
2361,0.7849
2362,0.7877
2363,0.7906
2364,0.7923
2365,0.7924
2366,0.7897
2367,0.7909
2368,0.7921
2369,0.7902
2370,0.793
2371,0.7896
2372,0.7903
2373,0.7864
2374,0.7924
2375,0.7914
2376,0.7919
2377,0.7913
2378,0.7912
2379,0.7916
2380,0.7902
2381,0.7902
2382,0.7915
2383,0.7914
2384,0.7909
2385,0.791
2386,0.7909
2387,0.7917
2388,0.7916
2389,0.7907
2390,0.7865
2391,0.7922
2392,0.7917
2393,0.7892
2394,0.7924
2395,0.7952
2396,0.7936
2397,0.7931
2398,0.7931
2399,0.7931
2400,0.7912
2401,0.7897
2402,0.7922
2403,0.7953
2404,0.7947
2405,0.7953
2406,0.7903
2407,0.7925
2408,0.7929
2409,0.7896
2410,0.7925
2411,0.7951
2412,0.7932
2413,0.7901
2414,0.7954
2415,0.7917
2416,0.7899
2417,0.7904
2418,0.7923
2419,0.7956
2420,0.7926
2421,0.7945
2422,0.7961
2423,0.7944
2424,0.7922
2425,0.7892
2426,0.7891
2427,0.7868
2428,0.7883
2429,0.7832
2430,0.787
2431,0.7855
2432,0.789
2433,0.7875
2434,0.7897
2435,0.7892
2436,0.7929
2437,0.7903
2438,0.793
2439,0.7895
2440,0.7855
2441,0.7853
2442,0.7896
2443,0.7897
2444,0.7914
2445,0.7916
2446,0.7896
2447,0.7894
2448,0.789
2449,0.7859
2450,0.7966
2451,0.7907
2452,0.7934
2453,0.7903
2454,0.7903
2455,0.791
2456,0.7936
2457,0.7924
2458,0.7893
2459,0.7896
2460,0.7908
2461,0.7949
2462,0.7933
2463,0.7913
2464,0.786
2465,0.7907
2466,0.7896
2467,0.7901
2468,0.7919
2469,0.7873
2470,0.7912
2471,0.7885
2472,0.7844
2473,0.7882
2474,0.7858
2475,0.7922
2476,0.7915
2477,0.7861
2478,0.7907
2479,0.7895
2480,0.7883
2481,0.7828
2482,0.7831
2483,0.7923
2484,0.7904
2485,0.7896
2486,0.7842
2487,0.7866
2488,0.7917
2489,0.793
2490,0.7911
2491,0.7901
2492,0.7906
2493,0.7885
2494,0.7867
2495,0.7906
2496,0.7902
2497,0.7886
2498,0.7868
2499,0.7909
2500,0.7916
2501,0.7844
2502,0.7896
2503,0.7925
2504,0.7854
2505,0.7921
2506,0.7888
2507,0.7874
2508,0.7888
2509,0.7814
2510,0.79
2511,0.79
2512,0.7894
2513,0.7904
2514,0.7899
2515,0.7885
2516,0.788
2517,0.7893
2518,0.7903
2519,0.7898
2520,0.7927
2521,0.7887
2522,0.7887
2523,0.7909
2524,0.7903
2525,0.7876
2526,0.7891
2527,0.7891
2528,0.7903
2529,0.7857
2530,0.7882
2531,0.7909
2532,0.7877
2533,0.7862
2534,0.7904
2535,0.789
2536,0.7856
2537,0.7905
2538,0.7908
2539,0.792
2540,0.7883
2541,0.7877
2542,0.7899
2543,0.7871
2544,0.7883
2545,0.7859
2546,0.7819
2547,0.7892
2548,0.7915
2549,0.788
2550,0.7888
2551,0.7883
2552,0.7858
2553,0.7861
2554,0.7868
2555,0.7878
2556,0.7945
2557,0.7875
2558,0.7916
2559,0.7901
2560,0.7805
2561,0.7913
2562,0.7917
2563,0.7856
2564,0.7905
2565,0.7919
2566,0.7891
2567,0.7918
2568,0.7931
2569,0.787
2570,0.7889
2571,0.7885
2572,0.7867
2573,0.786
2574,0.7878
2575,0.7868
2576,0.7859
2577,0.7865
2578,0.7893
2579,0.7879
2580,0.7942
2581,0.7926
2582,0.7892
2583,0.789
2584,0.7902
2585,0.7907
2586,0.7904
2587,0.7928
2588,0.7882
2589,0.7908
2590,0.7908
2591,0.7916
2592,0.7829
2593,0.7883
2594,0.788
2595,0.786
2596,0.7905
2597,0.7888
2598,0.7872
2599,0.7919
2600,0.7866
2601,0.7912
2602,0.7941
2603,0.7936
2604,0.7881
2605,0.7882
2606,0.7844
2607,0.7885
2608,0.7873
2609,0.7923
2610,0.7913
2611,0.7907
2612,0.7871
2613,0.7952
2614,0.7931
2615,0.7896
2616,0.7895
2617,0.7913
2618,0.7906
2619,0.7913
2620,0.794
2621,0.7905
2622,0.7915
2623,0.7882
2624,0.786
2625,0.7883
2626,0.7923
2627,0.792
2628,0.787
2629,0.7903
2630,0.7904
2631,0.7916
2632,0.7903
2633,0.7918
2634,0.7884
2635,0.79
2636,0.7892
2637,0.7912
2638,0.7873
2639,0.7886
2640,0.7871
2641,0.7921
2642,0.7923
2643,0.7902
2644,0.7923
2645,0.7901
2646,0.7912
2647,0.7908
2648,0.7939
2649,0.7929
2650,0.7924
2651,0.7877
2652,0.788
2653,0.7905
2654,0.7873
2655,0.7896
2656,0.7921
2657,0.791
2658,0.7902
2659,0.7899
2660,0.7863
2661,0.7928
2662,0.7934
2663,0.791
2664,0.793
2665,0.7886
2666,0.7921
2667,0.7938
2668,0.7922
2669,0.7901
2670,0.7877
2671,0.7903
2672,0.7899
2673,0.7922
2674,0.788
2675,0.792
2676,0.7933
2677,0.7905
2678,0.7879
2679,0.7855
2680,0.7887
2681,0.7886
2682,0.7898
2683,0.7869
2684,0.7842
2685,0.7892
2686,0.7897
2687,0.7863
2688,0.7893
2689,0.7866
2690,0.7895
2691,0.7887
2692,0.7869
2693,0.7903
2694,0.7923
2695,0.7922
2696,0.7876
2697,0.7891
2698,0.789
2699,0.7919
2700,0.7879
2701,0.7878
2702,0.7886
2703,0.7894
2704,0.7923
2705,0.7924
2706,0.7865
2707,0.7903
2708,0.7904
2709,0.7915
2710,0.7921
2711,0.7911
2712,0.7902
2713,0.7896
2714,0.7921
2715,0.7896
2716,0.7889
2717,0.7925
2718,0.7878
2719,0.7867
2720,0.7875
2721,0.7871
2722,0.7906
2723,0.7921
2724,0.7921
2725,0.7926
2726,0.7915
2727,0.7917
2728,0.7929
2729,0.7945
2730,0.7936
2731,0.7898
2732,0.7917
2733,0.7928
2734,0.7874
2735,0.7947
2736,0.7892
2737,0.7914
2738,0.7931
2739,0.7896
2740,0.7916
2741,0.7922
2742,0.7902
2743,0.7906
2744,0.793
2745,0.7867
2746,0.7836
2747,0.7909
2748,0.7894
2749,0.7906
2750,0.7925
2751,0.7953
2752,0.7934
2753,0.7906
2754,0.7909
2755,0.7905
2756,0.7851
2757,0.7912
2758,0.7916
2759,0.7901
2760,0.7813
2761,0.7888
2762,0.7904
2763,0.7864
2764,0.7896
2765,0.7915
2766,0.794
2767,0.7931
2768,0.7937
2769,0.7932
2770,0.7943
2771,0.7917
2772,0.7932
2773,0.7898
2774,0.7912
2775,0.7921
2776,0.7935
2777,0.7899
2778,0.7935
2779,0.7917
2780,0.7927
2781,0.7915
2782,0.7909
2783,0.7866
2784,0.7904
2785,0.7873
2786,0.7863
2787,0.7833
2788,0.7813
2789,0.7851
2790,0.7881
2791,0.7879
2792,0.7922
2793,0.792
2794,0.7931
2795,0.7871
2796,0.7886
2797,0.79
2798,0.7892
2799,0.7911
2800,0.7871
2801,0.7928
2802,0.7936
2803,0.7907
2804,0.7883
2805,0.7876
2806,0.7845
2807,0.7876
2808,0.7895
2809,0.7884
2810,0.7901
2811,0.7836
2812,0.7853
2813,0.7863
2814,0.7883
2815,0.7891
2816,0.7888
2817,0.7846
2818,0.7876
2819,0.7866
2820,0.7903
2821,0.7915
2822,0.7893
2823,0.7844
2824,0.7824
2825,0.7897
2826,0.7872
2827,0.7895
2828,0.7895
2829,0.7865
2830,0.7865
2831,0.791
2832,0.7882
2833,0.7922
2834,0.7927
2835,0.7919
2836,0.7908
2837,0.7915
2838,0.7855
2839,0.7893
2840,0.791
2841,0.7912
2842,0.7926
2843,0.789
2844,0.7891
2845,0.7882
2846,0.7937
2847,0.7907
2848,0.7925
2849,0.7896
2850,0.7889
2851,0.7889
2852,0.7885
2853,0.793
2854,0.7932
2855,0.7943
2856,0.7878
2857,0.7877
2858,0.7894
2859,0.7928
2860,0.7918
2861,0.7929
2862,0.7935
2863,0.7919
2864,0.7892
2865,0.7916
2866,0.7934
2867,0.7925
2868,0.7946
2869,0.7936
2870,0.7869
2871,0.7928
2872,0.7887
2873,0.7869
2874,0.7883
2875,0.7923
2876,0.7879
2877,0.7909
2878,0.7922
2879,0.7938
2880,0.792
2881,0.7937
2882,0.7922
2883,0.7902
2884,0.7905
2885,0.7914
2886,0.7875
2887,0.7931
2888,0.7903
2889,0.7919
2890,0.7905
2891,0.7863
2892,0.7862
2893,0.7891
2894,0.7892
2895,0.7826
2896,0.7864
2897,0.7816
2898,0.7858
2899,0.7869
2900,0.7886
2901,0.7902
2902,0.7894
2903,0.79
2904,0.7828
2905,0.7841
2906,0.7851
2907,0.794
2908,0.7923
2909,0.7874
2910,0.788
2911,0.7865
2912,0.7874
2913,0.7892
2914,0.786
2915,0.7906
2916,0.7907
2917,0.7884
2918,0.7892
2919,0.7862
2920,0.786
2921,0.787
2922,0.7811
2923,0.7869
2924,0.7886
2925,0.7886
2926,0.7904
2927,0.7916
2928,0.7902
2929,0.7886
2930,0.7908
2931,0.7917
2932,0.7894
2933,0.7915
2934,0.7917
2935,0.7892
2936,0.7902
2937,0.7881
2938,0.7919
2939,0.7938
2940,0.7913
2941,0.7909
2942,0.7922
2943,0.7929
2944,0.7939
2945,0.7919
2946,0.7932
2947,0.7916
2948,0.7956
2949,0.79
2950,0.7943
2951,0.7862
2952,0.7948
2953,0.791
2954,0.7907
2955,0.7902
2956,0.7896
2957,0.7882
2958,0.7951
2959,0.7904
2960,0.7935
2961,0.7929
2962,0.7918
2963,0.7906
2964,0.7922
2965,0.7929
2966,0.7937
2967,0.7913
2968,0.7903
2969,0.7898
2970,0.7918
2971,0.7937
2972,0.7924
2973,0.7925
2974,0.7926
2975,0.7911
2976,0.7921
2977,0.7913
2978,0.7906
2979,0.7907
2980,0.7881
2981,0.7891
2982,0.7894
2983,0.7891
2984,0.7889
2985,0.7894
2986,0.7887
2987,0.7927
2988,0.7828
2989,0.7922
2990,0.789
2991,0.7916
2992,0.7906
2993,0.7909
2994,0.7893
2995,0.7931
2996,0.7926
2997,0.7934
2998,0.7917
2999,0.7894
3000,0.789
3001,0.7917
3002,0.7925
3003,0.7956
3004,0.792
3005,0.7931
3006,0.7905
3007,0.789
3008,0.7881
3009,0.7843
3010,0.7922
3011,0.7911
3012,0.7852
3013,0.7896
3014,0.7924
3015,0.7911
3016,0.7894
3017,0.7878
3018,0.792
3019,0.7892
3020,0.7921
3021,0.7909
3022,0.7886
3023,0.7856
3024,0.7879
3025,0.7876
3026,0.7862
3027,0.7886
3028,0.7884
3029,0.787
3030,0.7864
3031,0.7884
3032,0.7828
3033,0.7854
3034,0.7852
3035,0.7881
3036,0.7859
3037,0.7902
3038,0.7918
3039,0.7895
3040,0.79
3041,0.7885
3042,0.789
3043,0.7883
3044,0.7888
3045,0.7859
3046,0.7892
3047,0.7874
3048,0.7903
3049,0.7918
3050,0.7912
3051,0.7912
3052,0.7898
3053,0.7904
3054,0.792
3055,0.7889
3056,0.7922
3057,0.7925
3058,0.7903
3059,0.7883
3060,0.7911
3061,0.7864
3062,0.7913
3063,0.7899
3064,0.7902
3065,0.7918
3066,0.7918
3067,0.7916
3068,0.7883
3069,0.7891
3070,0.7886
3071,0.7898
3072,0.7919
3073,0.7876
3074,0.7911
3075,0.7887
3076,0.7917
3077,0.7908
3078,0.7925
3079,0.7909
3080,0.7886
3081,0.7917
3082,0.792
3083,0.787
3084,0.7922
3085,0.7917
3086,0.7904
3087,0.7907
3088,0.7869
3089,0.7872
3090,0.7878
3091,0.7909
3092,0.79
3093,0.7914
3094,0.7904
3095,0.7874
3096,0.788
3097,0.7906
3098,0.7884
3099,0.7879
3100,0.7913
3101,0.7863
3102,0.7893
3103,0.7883
3104,0.7915
3105,0.7888
3106,0.7882
3107,0.7897
3108,0.7834
3109,0.7817
3110,0.7884
3111,0.7884
3112,0.7844
3113,0.7847
3114,0.7868
3115,0.7889
3116,0.7891
3117,0.7897
3118,0.7869
3119,0.7885
3120,0.7893
3121,0.79
3122,0.7852
3123,0.785
3124,0.787
3125,0.7889
3126,0.7913
3127,0.7895
3128,0.7886
3129,0.7874
3130,0.7889
3131,0.7878
3132,0.7862
3133,0.7844
3134,0.789
3135,0.7883
3136,0.786
3137,0.7891
3138,0.7894
3139,0.7901
3140,0.7861
3141,0.7894
3142,0.7884
3143,0.7859
3144,0.7867
3145,0.7875
3146,0.7875
3147,0.7861
3148,0.7832
3149,0.7879
3150,0.7885
3151,0.7888
3152,0.7882
3153,0.7861
3154,0.7861
3155,0.7861
3156,0.7863
3157,0.7862
3158,0.7878
3159,0.7881
3160,0.7845
3161,0.7871
3162,0.7862
3163,0.7874
3164,0.7872
3165,0.788
3166,0.7874
3167,0.7894
3168,0.7871
3169,0.7902
3170,0.7929
3171,0.7904
3172,0.7877
3173,0.7877
3174,0.788
3175,0.7856
3176,0.7911
3177,0.7905
3178,0.7905
3179,0.7909
3180,0.7916
3181,0.7875
3182,0.7898
3183,0.7903
3184,0.7921
3185,0.7904
3186,0.7936
3187,0.7908
3188,0.7852
3189,0.7873
3190,0.7877
3191,0.7873
3192,0.7885
3193,0.7882
3194,0.7898
3195,0.7886
3196,0.7879
3197,0.7884
3198,0.791
3199,0.7883
3200,0.789
3201,0.7877
3202,0.7861
3203,0.7872
3204,0.7847
3205,0.783
3206,0.7881
3207,0.7899
3208,0.7858
3209,0.7892
3210,0.7881
3211,0.7882
3212,0.7855
3213,0.7864
3214,0.7829
3215,0.7842
3216,0.786
3217,0.7872
3218,0.7846
3219,0.7843
3220,0.7861
3221,0.7849
3222,0.7858
3223,0.7854
3224,0.7913
3225,0.7863
3226,0.7857
3227,0.7836
3228,0.787
3229,0.7805
3230,0.7869
3231,0.7847
3232,0.7856
3233,0.7849
3234,0.7855
3235,0.7806
3236,0.7807
3237,0.7844
3238,0.7867
3239,0.7857
3240,0.7859
3241,0.7869
3242,0.7876
3243,0.7864
3244,0.7872
3245,0.787
3246,0.7876
3247,0.7881
3248,0.7876
3249,0.7867
3250,0.7845
3251,0.7875
3252,0.789
3253,0.7868
3254,0.7841
3255,0.7848
3256,0.7846
3257,0.784
3258,0.7837
3259,0.7845
3260,0.7837
3261,0.7854
3262,0.7844
3263,0.7857
3264,0.7861
3265,0.7847
3266,0.7848
3267,0.7872
3268,0.7829
3269,0.7855
3270,0.7885
3271,0.7854
3272,0.7867
3273,0.7853
3274,0.7861
3275,0.7875
3276,0.7882
3277,0.7876
3278,0.7827
3279,0.7818
3280,0.7848
3281,0.7813
3282,0.7842
3283,0.7859
3284,0.7832
3285,0.7861
3286,0.7837
3287,0.7833
3288,0.7848
3289,0.7851
3290,0.7844
3291,0.7863
3292,0.7822
3293,0.7832
3294,0.7818
3295,0.7811
3296,0.7826
3297,0.7831
3298,0.7821
3299,0.7813
3300,0.7834
3301,0.7828
3302,0.7834
3303,0.7805
3304,0.7814
3305,0.7814
3306,0.7792
3307,0.7815
3308,0.7802
3309,0.7835
3310,0.7793
3311,0.7846
3312,0.7842
3313,0.7831
3314,0.7824
3315,0.7825
3316,0.7811
3317,0.7792
3318,0.7744
3319,0.7773
3320,0.7831
3321,0.7844
3322,0.7847
3323,0.7802
3324,0.7793
3325,0.7811
3326,0.7806
3327,0.7839
3328,0.7881
3329,0.7847
3330,0.785
3331,0.7863
3332,0.782
3333,0.7818
3334,0.7778
3335,0.7801
3336,0.777
3337,0.7806
3338,0.7793
3339,0.7783
3340,0.7827
3341,0.7811
3342,0.7809
3343,0.7837
3344,0.782
3345,0.7808
3346,0.7816
3347,0.7805
3348,0.7777
3349,0.7837
3350,0.785
3351,0.7768
3352,0.7773
3353,0.7793
3354,0.7803
3355,0.7804
3356,0.7798
3357,0.777
3358,0.7764
3359,0.781
3360,0.7777
3361,0.7778
3362,0.7816
3363,0.7807
3364,0.7795
3365,0.7806
3366,0.7804
3367,0.7769
3368,0.7813
3369,0.7799
3370,0.7828
3371,0.7815
3372,0.7822
3373,0.7827
3374,0.7812
3375,0.7844
3376,0.7819
3377,0.7835
3378,0.7811
3379,0.7821
3380,0.784
3381,0.7817
3382,0.7783
3383,0.7795
3384,0.7788
3385,0.7812
3386,0.7805
3387,0.7746
3388,0.7779
3389,0.7819
3390,0.7791
3391,0.779
3392,0.7799
3393,0.7793
3394,0.7827
3395,0.7826
3396,0.782
3397,0.7832
3398,0.783
3399,0.784
3400,0.7825
3401,0.7839
3402,0.7864
3403,0.7862
3404,0.7896
3405,0.7861
3406,0.7838
3407,0.7873
3408,0.782
3409,0.7806
3410,0.7828
3411,0.7809
3412,0.7782
3413,0.7781
3414,0.7815
3415,0.7824
3416,0.7815
3417,0.778
3418,0.7801
3419,0.7797
3420,0.7834
3421,0.7832
3422,0.7847
3423,0.781
3424,0.7815
3425,0.7838
3426,0.7774
3427,0.7791
3428,0.781
3429,0.7783
3430,0.7818
3431,0.7795
3432,0.7789
3433,0.7815
3434,0.7843
3435,0.7848
3436,0.7818
3437,0.7811
3438,0.7828
3439,0.783
3440,0.7841
3441,0.7851
3442,0.7804
3443,0.7859
3444,0.7865
3445,0.7849
3446,0.7853
3447,0.7849
3448,0.7829
3449,0.7814
3450,0.7828
3451,0.7837
3452,0.7753
3453,0.7795
3454,0.7834
3455,0.7841
3456,0.784
3457,0.7842
3458,0.7839
3459,0.7826
3460,0.7804
3461,0.778
3462,0.7878
3463,0.7819
3464,0.7834
3465,0.7832
3466,0.784
3467,0.785
3468,0.7821
3469,0.786
3470,0.7825
3471,0.7862
3472,0.7825
3473,0.7846
3474,0.7837
3475,0.7811
3476,0.7801
3477,0.7852
3478,0.7844
3479,0.7823
3480,0.7843
3481,0.7854
3482,0.781
3483,0.782
3484,0.786
3485,0.786
3486,0.7845
3487,0.7859
3488,0.7796
3489,0.7845
3490,0.7836
3491,0.7826
3492,0.7786
3493,0.7783
3494,0.7768
3495,0.7781
3496,0.7779
3497,0.7771
3498,0.7804
3499,0.7817
3500,0.781
3501,0.7815
3502,0.7776
3503,0.7801
3504,0.7804
3505,0.7807
3506,0.7811
3507,0.7832
3508,0.7802
3509,0.7829
3510,0.7822
3511,0.782
3512,0.7841
3513,0.7844
3514,0.7853
3515,0.7839
3516,0.782
3517,0.7807
3518,0.7841
3519,0.7836
3520,0.7841
3521,0.7838
3522,0.782
3523,0.7802
3524,0.7837
3525,0.7818
3526,0.7842
3527,0.7859
3528,0.7852
3529,0.7832
3530,0.7818
3531,0.7827
3532,0.7854
3533,0.7833
3534,0.7815
3535,0.782
3536,0.7835
3537,0.7813
3538,0.7834
3539,0.7752
3540,0.7774
3541,0.7832
3542,0.7836
3543,0.7784
3544,0.7801
3545,0.783
3546,0.7805
3547,0.7792
3548,0.7823
3549,0.7815
3550,0.7818
3551,0.7829
3552,0.784
3553,0.7812
3554,0.7799
3555,0.7809
3556,0.7803
3557,0.783
3558,0.7814
3559,0.7781
3560,0.7828
3561,0.7826
3562,0.7803
3563,0.7815
3564,0.7837
3565,0.7819
3566,0.7795
3567,0.7807
3568,0.7813
3569,0.7788
3570,0.7813
3571,0.7824
3572,0.7822
3573,0.7785
3574,0.7799
3575,0.7777
3576,0.7806
3577,0.7803
3578,0.7813
3579,0.7793
3580,0.777
3581,0.7782
3582,0.7802
3583,0.7837
3584,0.7828
3585,0.7841
3586,0.7794
3587,0.782
3588,0.7825
3589,0.7855
3590,0.7845
3591,0.7851
3592,0.7827
3593,0.7822
3594,0.7842
3595,0.7804
3596,0.7823
3597,0.7814
3598,0.7805
3599,0.7787
3600,0.7809
3601,0.7806
3602,0.7826
3603,0.7813
3604,0.7802
3605,0.7785
3606,0.7785
3607,0.7814
3608,0.7806
3609,0.7805
3610,0.7791
3611,0.7792
3612,0.7793
3613,0.7804
3614,0.7798
3615,0.7808
3616,0.7831
3617,0.7816
3618,0.7812
3619,0.7823
3620,0.7798
3621,0.7788
3622,0.7784
3623,0.7789
3624,0.7794
3625,0.78
3626,0.778
3627,0.7815
3628,0.7788
3629,0.7791
3630,0.7793
3631,0.7791
3632,0.7771
3633,0.778
3634,0.7794
3635,0.7814
3636,0.7806
3637,0.7803
3638,0.7806
3639,0.7795
3640,0.7807
3641,0.7807
3642,0.7786
3643,0.7807
3644,0.7797
3645,0.7799
3646,0.7816
3647,0.7838
3648,0.7821
3649,0.7838
3650,0.7811
3651,0.7791
3652,0.7797
3653,0.7801
3654,0.7805
3655,0.7824
3656,0.7832
3657,0.7837
3658,0.7819
3659,0.7832
3660,0.7809
3661,0.7815
3662,0.7808
3663,0.7814
3664,0.7818
3665,0.7839
3666,0.7824
3667,0.7796
3668,0.7819
3669,0.7803
3670,0.7821
3671,0.7831
3672,0.7837
3673,0.783
3674,0.7826
3675,0.7805
3676,0.7786
3677,0.7783
3678,0.7795
3679,0.7793
3680,0.7783
3681,0.7774
3682,0.7793
3683,0.7763
3684,0.7781
3685,0.7783
3686,0.7801
3687,0.7813
3688,0.778
3689,0.781
3690,0.7808
3691,0.7795
3692,0.7802
3693,0.7759
3694,0.7817
3695,0.7797
3696,0.781
3697,0.7819
3698,0.782
3699,0.7837
3700,0.7823
3701,0.7802
3702,0.7823
3703,0.7819
3704,0.7839
3705,0.7843
3706,0.7846
3707,0.7849
3708,0.7865
3709,0.7854
3710,0.7818
3711,0.7825
3712,0.7804
3713,0.779
3714,0.7792
3715,0.7796
3716,0.7807
3717,0.7799
3718,0.7813
3719,0.7802
3720,0.7789
3721,0.7805
3722,0.7805
3723,0.7819
3724,0.7837
3725,0.7849
3726,0.783
3727,0.7799
3728,0.7829
3729,0.7817
3730,0.7817
3731,0.7832
3732,0.7825
3733,0.7818
3734,0.7782
3735,0.7829
3736,0.7812
3737,0.7815
3738,0.7823
3739,0.7786
3740,0.7824
3741,0.7831
3742,0.7827
3743,0.7809
3744,0.7844
3745,0.7844
3746,0.7841
3747,0.7838
3748,0.7873
3749,0.7873
3750,0.7835
3751,0.7852
3752,0.7837
3753,0.7817
3754,0.7816
3755,0.7818
3756,0.7838
3757,0.7814
3758,0.7812
3759,0.7813
3760,0.7819
3761,0.7797
3762,0.7812
3763,0.7816
3764,0.7774
3765,0.781
3766,0.7813
3767,0.7818
3768,0.7826
3769,0.782
3770,0.782
3771,0.7808
3772,0.7807
3773,0.7767
3774,0.782
3775,0.7819
3776,0.7808
3777,0.7815
3778,0.7803
3779,0.779
3780,0.7821
3781,0.7799
3782,0.7798
3783,0.7824
3784,0.7817
3785,0.7833
3786,0.7828
3787,0.784
3788,0.7847
3789,0.7832
3790,0.7837
3791,0.7823
3792,0.7829
3793,0.7834
3794,0.7843
3795,0.7839
3796,0.785
3797,0.7835
3798,0.7824
3799,0.7835
3800,0.7832
3801,0.7801
3802,0.7817
3803,0.7815
3804,0.7791
3805,0.782
3806,0.7821
3807,0.7833
3808,0.7814
3809,0.7794
3810,0.7816
3811,0.7807
3812,0.7813
3813,0.7812
3814,0.7812
3815,0.7808
3816,0.7805
3817,0.7797
3818,0.7831
3819,0.7829
3820,0.7822
3821,0.7791
3822,0.7792
3823,0.7806
3824,0.7805
3825,0.783
3826,0.7828
3827,0.7832
3828,0.7805
3829,0.7812
3830,0.7835
3831,0.784
3832,0.7849
3833,0.7839
3834,0.7827
3835,0.7807
3836,0.7832
3837,0.7818
3838,0.7796
3839,0.7816
3840,0.781
3841,0.7841
3842,0.7843
3843,0.7831
3844,0.7839
3845,0.7841
3846,0.7813
3847,0.7828
3848,0.7836
3849,0.7843
3850,0.7849
3851,0.7843
3852,0.7832
3853,0.7834
3854,0.7817
3855,0.7824
3856,0.7846
3857,0.7832
3858,0.7842
3859,0.78
3860,0.7843
3861,0.7833
3862,0.7827
3863,0.783
3864,0.7821
3865,0.7842
3866,0.7834
3867,0.7832
3868,0.7812
3869,0.7813
3870,0.7818
3871,0.7813
3872,0.7826
3873,0.7848
3874,0.7835
3875,0.7824
3876,0.7837
3877,0.7833
3878,0.7824
3879,0.7824
3880,0.7809
3881,0.785
3882,0.7825
3883,0.7817
3884,0.7835
3885,0.7808
3886,0.7813
3887,0.782
3888,0.7814
3889,0.783
3890,0.779
3891,0.7824
3892,0.7816
3893,0.7815
3894,0.7823
3895,0.7826
3896,0.781
3897,0.7831
3898,0.7808
3899,0.7819
3900,0.7819
3901,0.7826
3902,0.7821
3903,0.7851
3904,0.7823
3905,0.7834
3906,0.7832
3907,0.7829
3908,0.7834
3909,0.7832
3910,0.7815
3911,0.7806
3912,0.7815
3913,0.7831
3914,0.7842
3915,0.7842
3916,0.7843
3917,0.7839
3918,0.7824
3919,0.782
3920,0.7836
3921,0.7835
3922,0.7833
3923,0.7806
3924,0.7809
3925,0.7807
3926,0.7814
3927,0.781
3928,0.7823
3929,0.7839
3930,0.7807
3931,0.7805
3932,0.7815
3933,0.7822
3934,0.7828
3935,0.7818
3936,0.7828
3937,0.783
3938,0.7841
3939,0.7851
3940,0.7811
3941,0.7843
3942,0.7837
3943,0.7816
3944,0.7829
3945,0.784
3946,0.7835
3947,0.7778
3948,0.7805
3949,0.7803
3950,0.7827
3951,0.7826
3952,0.7787
3953,0.7806
3954,0.7801
3955,0.7829
3956,0.7833
3957,0.7826
3958,0.7825
3959,0.7843
3960,0.783
3961,0.7818
3962,0.7826
3963,0.7831
3964,0.7832
3965,0.7846
3966,0.7852
3967,0.7837
3968,0.7828
3969,0.7822
3970,0.7828
3971,0.7823
3972,0.7822
3973,0.7814
3974,0.7826
3975,0.7821
3976,0.7834
3977,0.784
3978,0.7836
3979,0.7821
3980,0.7829
3981,0.7814
3982,0.7815
3983,0.783
3984,0.783
3985,0.7826
3986,0.7826
3987,0.7807
3988,0.7841
3989,0.7804
3990,0.7822
3991,0.785
3992,0.7838
3993,0.7823
3994,0.7819
3995,0.7815
3996,0.7824
3997,0.7832
3998,0.7828
3999,0.7827
4000,0.7831
4001,0.7814
4002,0.7812
4003,0.7802
4004,0.7796
4005,0.7817
4006,0.7815
4007,0.781
4008,0.78
4009,0.7812
4010,0.7822
4011,0.7801
4012,0.7783
4013,0.7813
4014,0.7819
4015,0.7811
4016,0.7807
4017,0.7801
4018,0.781
4019,0.7806
4020,0.7808
4021,0.779
4022,0.7802
4023,0.781
4024,0.7813
4025,0.7818
4026,0.7801
4027,0.7789
4028,0.779
4029,0.7794
4030,0.7787
4031,0.7799
4032,0.7819
4033,0.7776
4034,0.7779
4035,0.7799
4036,0.7777
4037,0.7799
4038,0.7792
4039,0.7812
4040,0.7803
4041,0.7795
4042,0.7787
4043,0.7791
4044,0.785
4045,0.7832
4046,0.7846
4047,0.7803
4048,0.7811
4049,0.7822
4050,0.7821
4051,0.7823
4052,0.7796
4053,0.7815
4054,0.7822
4055,0.7824
4056,0.7817
4057,0.7793
4058,0.7807
4059,0.7797
4060,0.7767
4061,0.7801
4062,0.778
4063,0.7752
4064,0.774
4065,0.7783
4066,0.7771
4067,0.7751
4068,0.7754
4069,0.7765
4070,0.7768
4071,0.7791
4072,0.7746
4073,0.7744
4074,0.7748
4075,0.7757
4076,0.7744
4077,0.7738
4078,0.7738
4079,0.7734
4080,0.7754
4081,0.7728
4082,0.7746
4083,0.7755
4084,0.7773
4085,0.7744
4086,0.7733
4087,0.775
4088,0.7728
4089,0.774
4090,0.7752
4091,0.7744
4092,0.7767
4093,0.7797
4094,0.7751
4095,0.7749
4096,0.7749
4097,0.7731
4098,0.7721
4099,0.774
4100,0.7706
4101,0.7749
4102,0.7741
4103,0.7701
4104,0.7721
4105,0.7697
4106,0.7716
4107,0.7726
4108,0.771
4109,0.7727
4110,0.7725
4111,0.7714
4112,0.771
4113,0.773
4114,0.7717
4115,0.7739
4116,0.7699
4117,0.7734
4118,0.7688
4119,0.7727
4120,0.7715
4121,0.7732
4122,0.7753
4123,0.7715
4124,0.7707
4125,0.7693
4126,0.772
4127,0.7735
4128,0.7719
4129,0.771
4130,0.7709
4131,0.7728
4132,0.7727
4133,0.7731
4134,0.7733
4135,0.7736
4136,0.7762
4137,0.7739
4138,0.774
4139,0.7759
4140,0.7773
4141,0.7757
4142,0.7749
4143,0.7758
4144,0.7752
4145,0.7766
4146,0.7762
4147,0.775
4148,0.7763
4149,0.7775
4150,0.7803
4151,0.7776
4152,0.7766
4153,0.7779
4154,0.7781
4155,0.773
4156,0.7722
4157,0.7725
4158,0.7762
4159,0.7768
4160,0.7793
4161,0.7782
4162,0.7783
4163,0.7755
4164,0.7762
4165,0.7768
4166,0.7756
4167,0.7741
4168,0.7737
4169,0.775
4170,0.7732
4171,0.7782
4172,0.7757
4173,0.7752
4174,0.7707
4175,0.7721
4176,0.7746
4177,0.7747
4178,0.7757
4179,0.7771
4180,0.7733
4181,0.7747
4182,0.771
4183,0.774
4184,0.7756
4185,0.774
4186,0.7734
4187,0.7736
4188,0.7731
4189,0.7737
4190,0.773
4191,0.7707
4192,0.7724
4193,0.7734
4194,0.7708
4195,0.7747
4196,0.773
4197,0.7761
4198,0.7711
4199,0.7725
4200,0.7708
4201,0.7731
4202,0.7712
4203,0.7716
4204,0.7688
4205,0.7704
4206,0.7432
4207,0.7758
4208,0.7732
4209,0.7751
4210,0.7723
4211,0.7722
4212,0.7751
4213,0.7758
4214,0.7718
4215,0.7712
4216,0.7692
4217,0.7713
4218,0.7715
4219,0.7719
4220,0.7685
4221,0.7696
4222,0.771
4223,0.7737
4224,0.7739
4225,0.7718
4226,0.7669
4227,0.7668
4228,0.7697
4229,0.7706
4230,0.7697
4231,0.715
4232,0.7676
4233,0.7699
4234,0.7657
4235,0.7709
4236,0.7774
4237,0.7756
4238,0.7742
4239,0.7744
4240,0.7697
4241,0.7698
4242,0.7728
4243,0.7714
4244,0.7698
4245,0.7715
4246,0.7707
4247,0.7732
4248,0.7737
4249,0.7723
4250,0.7726
4251,0.774
4252,0.7711
4253,0.7708
4254,0.7746
4255,0.7682
4256,0.7714
4257,0.7691
4258,0.7707
4259,0.7725
4260,0.7709
4261,0.77
4262,0.7625
4263,0.7697
4264,0.7143
4265,0.7698
4266,0.7722
4267,0.771
4268,0.7699
4269,0.7696
4270,0.7155
4271,0.7707
4272,0.7705
4273,0.7717
4274,0.7712
4275,0.771
4276,0.7721
4277,0.7714
4278,0.7715
4279,0.7744
4280,0.7744
4281,0.7704
4282,0.7711
4283,0.7703
4284,0.7714
4285,0.775
4286,0.772
4287,0.7183
4288,0.7751
4289,0.7728
4290,0.7732
4291,0.7738
4292,0.7764
4293,0.7726
4294,0.7687
4295,0.7707
4296,0.7729
4297,0.7727
4298,0.7745
4299,0.772
4300,0.7709
4301,0.7727
4302,0.7737
4303,0.7745
4304,0.7722
4305,0.7746
4306,0.7742
4307,0.7723
4308,0.7733
4309,0.7702
4310,0.7681
4311,0.7703
4312,0.7708
4313,0.7724
4314,0.773
4315,0.7727
4316,0.7707
4317,0.7736
4318,0.7707
4319,0.7689
4320,0.7684
4321,0.7689
4322,0.7688
4323,0.7705
4324,0.7675
4325,0.7696
4326,0.7712
4327,0.7667
4328,0.7711
4329,0.7701
4330,0.7683
4331,0.7726
4332,0.7723
4333,0.7718
4334,0.7726
4335,0.7728
4336,0.7732
4337,0.7731
4338,0.7721
4339,0.7725
4340,0.7722
4341,0.7728
4342,0.7713
4343,0.7704
4344,0.7721
4345,0.7725
4346,0.7723
4347,0.7734
4348,0.7682
4349,0.771
4350,0.7706
4351,0.7722
4352,0.7717
4353,0.7708
4354,0.77
4355,0.7729
4356,0.7732
4357,0.7714
4358,0.7712
4359,0.7679
4360,0.7694
4361,0.7685
4362,0.7402
4363,0.7719
4364,0.775
4365,0.7716
4366,0.7709
4367,0.7699
4368,0.7739
4369,0.7712
4370,0.7716
4371,0.773
4372,0.7707
4373,0.7718
4374,0.7704
4375,0.7711
4376,0.7694
4377,0.7713
4378,0.7709
4379,0.7692
4380,0.7678
4381,0.7701
4382,0.7692
4383,0.7685
4384,0.7714
4385,0.7691
4386,0.7686
4387,0.7692
4388,0.7687
4389,0.7701
4390,0.7736
4391,0.7716
4392,0.771
4393,0.7719
4394,0.7698
4395,0.7692
4396,0.7694
4397,0.7661
4398,0.7677
4399,0.769
4400,0.771
4401,0.7719
4402,0.7699
4403,0.7708
4404,0.7718
4405,0.7706
4406,0.7686
4407,0.7677
4408,0.7665
4409,0.7647
4410,0.7644
4411,0.7674
4412,0.7346
4413,0.7736
4414,0.7737
4415,0.7732
4416,0.7712
4417,0.7734
4418,0.7701
4419,0.7701
4420,0.7695
4421,0.7681
4422,0.7683
4423,0.767
4424,0.7701
4425,0.7708
4426,0.7731
4427,0.7688
4428,0.7695
4429,0.7673
4430,0.7696
4431,0.7699
4432,0.7692
4433,0.7465
4434,0.7684
4435,0.772
4436,0.7703
4437,0.7718
4438,0.7721
4439,0.7723
4440,0.7723
4441,0.7723
4442,0.7709
4443,0.7713
4444,0.7713
4445,0.7688
4446,0.77
4447,0.7677
4448,0.7712
4449,0.7718
4450,0.7704
4451,0.7716
4452,0.7711
4453,0.7699
4454,0.7707
4455,0.7698
4456,0.7697
4457,0.772
4458,0.7709
4459,0.7721
4460,0.7695
4461,0.7698
4462,0.7703
4463,0.7712
4464,0.771
4465,0.7725
4466,0.7752
4467,0.7728
4468,0.7716
4469,0.7688
4470,0.7717
4471,0.7773
4472,0.7755
4473,0.7747
4474,0.7745
4475,0.7727
4476,0.7712
4477,0.7724
4478,0.7751
4479,0.772
4480,0.7739
4481,0.7755
4482,0.7732
4483,0.7716
4484,0.7708
4485,0.7725
4486,0.7701
4487,0.7711
4488,0.7703
4489,0.7724
4490,0.7715
4491,0.773
4492,0.7757
4493,0.7745
4494,0.7722
4495,0.7692
4496,0.771
4497,0.7709
4498,0.7711
4499,0.7723
4500,0.7725
4501,0.773
4502,0.7699
4503,0.7706
4504,0.7722
4505,0.7731
4506,0.7714
4507,0.7723
4508,0.772
4509,0.7711
4510,0.7713
4511,0.7684
4512,0.769
4513,0.7703
4514,0.7678
4515,0.7697
4516,0.7712
4517,0.7709
4518,0.7665
4519,0.771
4520,0.7684
4521,0.7709
4522,0.7691
4523,0.7708
4524,0.7658
4525,0.7729
4526,0.7706
4527,0.7707
4528,0.7713
4529,0.7696
4530,0.7701
4531,0.7721
4532,0.7713
4533,0.7757
4534,0.7731
4535,0.7755
4536,0.7753
4537,0.7745
4538,0.7741
4539,0.7737
4540,0.7711
4541,0.7709
4542,0.7742
4543,0.772
4544,0.7719
4545,0.7757
4546,0.7732
4547,0.7744
4548,0.7734
4549,0.7711
4550,0.7725
4551,0.7735
4552,0.7729
4553,0.7747
4554,0.7758
4555,0.771
4556,0.77
4557,0.7701
4558,0.7713
4559,0.7731
4560,0.7738
4561,0.7744
4562,0.7699
4563,0.7696
4564,0.7738
4565,0.7715
4566,0.7724
4567,0.7711
4568,0.772
4569,0.7721
4570,0.7748
4571,0.7735
4572,0.7724
4573,0.7727
4574,0.7736
4575,0.7746
4576,0.7734
4577,0.7725
4578,0.7738
4579,0.7736
4580,0.7744
4581,0.7755
4582,0.7723
4583,0.7714
4584,0.7725
4585,0.7739
4586,0.7749
4587,0.7727
4588,0.7718
4589,0.7715
4590,0.7687
4591,0.7726
4592,0.7711
4593,0.7704
4594,0.7737
4595,0.7721
4596,0.7715
4597,0.774
4598,0.7732
4599,0.7712
4600,0.7746
4601,0.7729
4602,0.7727
4603,0.7697
4604,0.772
4605,0.7728
4606,0.7714
4607,0.7689
4608,0.7715
4609,0.7732
4610,0.7723
4611,0.77
4612,0.7729
4613,0.7732
4614,0.7694
4615,0.7715
4616,0.7718
4617,0.7742
4618,0.7744
4619,0.7745
4620,0.7739
4621,0.774
4622,0.7743
4623,0.7734
4624,0.7734
4625,0.7741
4626,0.7739
4627,0.7749
4628,0.7752
4629,0.7725
4630,0.7752
4631,0.7762
4632,0.7748
4633,0.7731
4634,0.7735
4635,0.7718
4636,0.7745
4637,0.7726
4638,0.7687
4639,0.7714
4640,0.7709
4641,0.7726
4642,0.7727
4643,0.773
4644,0.7724
4645,0.7696
4646,0.7723
4647,0.7722
4648,0.7708
4649,0.7721
4650,0.7727
4651,0.7732
4652,0.7721
4653,0.7715
4654,0.7695
4655,0.7715
4656,0.7729
4657,0.7733
4658,0.772
4659,0.7697
4660,0.7723
4661,0.7724
4662,0.7722
4663,0.7718
4664,0.774
4665,0.774
4666,0.7745
4667,0.7729
4668,0.7734
4669,0.7727
4670,0.7726
4671,0.7754
4672,0.7772
4673,0.7761
4674,0.777
4675,0.7752
4676,0.7746
4677,0.778
4678,0.7732
4679,0.77
4680,0.7709
4681,0.7743
4682,0.7745
4683,0.7741
4684,0.7725
4685,0.7763
4686,0.7747
4687,0.7745
4688,0.7753
4689,0.7748
4690,0.7751
4691,0.7754
4692,0.7753
4693,0.7738
4694,0.7754
4695,0.7751
4696,0.7759
4697,0.7749
4698,0.7767
4699,0.7755
4700,0.7718
4701,0.774
4702,0.7736
4703,0.7739
4704,0.7729
4705,0.7731
4706,0.7735
4707,0.7733
4708,0.773
4709,0.7709
4710,0.7715
4711,0.7724
4712,0.7739
4713,0.775
4714,0.7753
4715,0.7753
4716,0.7736
4717,0.7758
4718,0.7745
4719,0.773
4720,0.7749
4721,0.7746
4722,0.7744
4723,0.7716
4724,0.772
4725,0.7753
4726,0.7743
4727,0.7741
4728,0.7731
4729,0.7748
4730,0.7749
4731,0.772
4732,0.7748
4733,0.774
4734,0.7728
4735,0.776
4736,0.7771
4737,0.7769
4738,0.7764
4739,0.7763
4740,0.776
4741,0.7755
4742,0.7741
4743,0.7761
4744,0.7733
4745,0.7757
4746,0.7752
4747,0.7739
4748,0.7739
4749,0.7752
4750,0.7742
4751,0.7743
4752,0.7739
4753,0.7743
4754,0.7739
4755,0.7731
4756,0.7723
4757,0.775
4758,0.7747
4759,0.7727
4760,0.7711
4761,0.7727
4762,0.7736
4763,0.7718
4764,0.7736
4765,0.7736
4766,0.7724
4767,0.7729
4768,0.7732
4769,0.7748
4770,0.7741
4771,0.7733
4772,0.7733
4773,0.776
4774,0.7761
4775,0.7737
4776,0.7761
4777,0.7735
4778,0.7745
4779,0.7759
4780,0.7748
4781,0.774
4782,0.7721
4783,0.7732
4784,0.7744
4785,0.7749
4786,0.7736
4787,0.775
4788,0.7727
4789,0.7732
4790,0.7744
4791,0.7747
4792,0.7737
4793,0.7712
4794,0.7728
4795,0.7752
4796,0.7747
4797,0.7742
4798,0.7745
4799,0.774
4800,0.7777
4801,0.7756
4802,0.7761
4803,0.7752
4804,0.776
4805,0.7747
4806,0.7755
4807,0.7751
4808,0.7757
4809,0.7776
4810,0.7777
4811,0.7767
4812,0.7743
4813,0.7753
4814,0.7773
4815,0.7773
4816,0.7739
4817,0.7737
4818,0.7751
4819,0.775
4820,0.7759
4821,0.7756
4822,0.774
4823,0.7762
4824,0.7748
4825,0.7742
4826,0.774
4827,0.7746
4828,0.7752
4829,0.7756
4830,0.7735
4831,0.7723
4832,0.7731
4833,0.7753
4834,0.7736
4835,0.7721
4836,0.7732
4837,0.7715
4838,0.7729
4839,0.7726
4840,0.7752
4841,0.7718
4842,0.7782
4843,0.7784
4844,0.7763
4845,0.7752
4846,0.775
4847,0.7767
4848,0.7748
4849,0.7735
4850,0.773
4851,0.7718
4852,0.775
4853,0.7765
4854,0.7736
4855,0.7725
4856,0.7733
4857,0.7733
4858,0.7738
4859,0.7763
4860,0.776
4861,0.7754
4862,0.7732
4863,0.773
4864,0.7728
4865,0.7741
4866,0.7722
4867,0.773
4868,0.7733
4869,0.7732
4870,0.7758
4871,0.7753
4872,0.7762
4873,0.7765
4874,0.7748
4875,0.7751
4876,0.7747
4877,0.7748
4878,0.773
4879,0.7751
4880,0.775
4881,0.7752
4882,0.7749
4883,0.7748
4884,0.7743
4885,0.7759
4886,0.7752
4887,0.7748
4888,0.7743
4889,0.7755
4890,0.7751
4891,0.7755
4892,0.7741
4893,0.7711
4894,0.7734
4895,0.7759
4896,0.775
4897,0.776
4898,0.7749
4899,0.7717
4900,0.7717
4901,0.7725
4902,0.7746
4903,0.7726
4904,0.7734
4905,0.7724
4906,0.7737
4907,0.7747
4908,0.7732
4909,0.7713
4910,0.7721
4911,0.7732
4912,0.7723
4913,0.7729
4914,0.7703
4915,0.7713
4916,0.7733
4917,0.7729
4918,0.7733
4919,0.7724
4920,0.7708
4921,0.773
4922,0.7716
4923,0.7712
4924,0.7727
4925,0.7724
4926,0.7718
4927,0.7685
4928,0.7709
4929,0.7687
4930,0.7723
4931,0.7701
4932,0.7713
4933,0.7722
4934,0.7722
4935,0.7717
4936,0.7722
4937,0.7703
4938,0.7724
4939,0.7708
4940,0.7719
4941,0.7718
4942,0.7718
4943,0.7723
4944,0.7723
4945,0.7725
4946,0.7718
4947,0.7694
4948,0.7722
4949,0.7697
4950,0.7715
4951,0.7713
4952,0.7707
4953,0.7733
4954,0.7728
4955,0.7737
4956,0.7737
4957,0.7747
4958,0.7731
4959,0.774
4960,0.7688
4961,0.7703
4962,0.7729
4963,0.7726
4964,0.7702
4965,0.771
4966,0.769
4967,0.7747
4968,0.7725
4969,0.7741
4970,0.7723
4971,0.7704
4972,0.7692
4973,0.7675
4974,0.7715
4975,0.7706
4976,0.7702
4977,0.7704
4978,0.7724
4979,0.7705
4980,0.7701
4981,0.7708
4982,0.77
4983,0.7712
4984,0.771
4985,0.7731
4986,0.7726
4987,0.7711
4988,0.7735
4989,0.7712
4990,0.7708
4991,0.7712
4992,0.7707
4993,0.7711
4994,0.7715
4995,0.7713
4996,0.7719
4997,0.7728
4998,0.7734
4999,0.7716
5000,0.7679
5001,0.7702
5002,0.7724
5003,0.7714
5004,0.7716
5005,0.7718
5006,0.7701
5007,0.7737
5008,0.7703
5009,0.7705
5010,0.7702
5011,0.7706
5012,0.77
5013,0.7734
5014,0.7703
5015,0.7704
5016,0.7712
5017,0.7716
5018,0.7719
5019,0.7702
5020,0.7708
5021,0.7713
5022,0.772
5023,0.7717
5024,0.7699
5025,0.7723
5026,0.7723
5027,0.7717
5028,0.7717
5029,0.7704
5030,0.7708
5031,0.773
5032,0.7722
5033,0.7714
5034,0.7701
5035,0.772
5036,0.772
5037,0.7699
5038,0.7727
5039,0.7722
5040,0.7717
5041,0.7731
5042,0.771
5043,0.7721
5044,0.7711
5045,0.7722
5046,0.7705
5047,0.7706
5048,0.7722
5049,0.7731
5050,0.7729
5051,0.7716
5052,0.7721
5053,0.7709
5054,0.7685
5055,0.7682
5056,0.7699
5057,0.7709
5058,0.7699
5059,0.7693
5060,0.7683
5061,0.7709
5062,0.7715
5063,0.7677
5064,0.7707
5065,0.771
5066,0.7712
5067,0.7699
5068,0.7709
5069,0.7712
5070,0.7726
5071,0.7731
5072,0.7756
5073,0.7731
5074,0.7714
5075,0.7709
5076,0.7717
5077,0.7714
5078,0.772
5079,0.7733
5080,0.7718
5081,0.7679
5082,0.7674
5083,0.7697
5084,0.7718
5085,0.7717
5086,0.7735
5087,0.7742
5088,0.7736
5089,0.7695
5090,0.7687
5091,0.7672
5092,0.768
5093,0.7692
5094,0.7684
5095,0.7714
5096,0.7703
5097,0.767
5098,0.7695
5099,0.7697
5100,0.7697
5101,0.7673
5102,0.7685
5103,0.7651
5104,0.767
5105,0.7678
5106,0.7678
5107,0.7678
5108,0.7692
5109,0.7686
5110,0.7662
5111,0.768
5112,0.7693
5113,0.7685
5114,0.7675
5115,0.7668
5116,0.7695
5117,0.7688
5118,0.769
5119,0.7703
5120,0.7722
5121,0.7714
5122,0.7701
5123,0.7718
5124,0.7711
5125,0.7708
5126,0.7716
5127,0.7719
5128,0.7721
5129,0.7715
5130,0.773
5131,0.7727
5132,0.7722
5133,0.7707
5134,0.7724
5135,0.7711
5136,0.77
5137,0.7714
5138,0.7714
5139,0.7777
5140,0.7751
5141,0.7736
5142,0.7742
5143,0.7702
5144,0.7688
5145,0.7726
5146,0.7698
5147,0.7715
5148,0.7718
5149,0.7695
5150,0.7678
5151,0.768
5152,0.7682
5153,0.7667
5154,0.7683
5155,0.7665
5156,0.7687
5157,0.7689
5158,0.7698
5159,0.77
5160,0.7708
5161,0.7674
5162,0.7699
5163,0.7718
5164,0.7684
5165,0.7706
5166,0.77
5167,0.7708
5168,0.7686
5169,0.7689
5170,0.7726
5171,0.7728
5172,0.7701
5173,0.7716
5174,0.7707
5175,0.769
5176,0.7705
5177,0.7712
5178,0.7702
5179,0.7697
5180,0.7707
5181,0.7727
5182,0.7709
5183,0.7691
5184,0.769
5185,0.7684
5186,0.7704
5187,0.7682
5188,0.7688
5189,0.7681
5190,0.7686
5191,0.7697
5192,0.7697
5193,0.7714
5194,0.7705
5195,0.7717
5196,0.7712
5197,0.7706
5198,0.7697
5199,0.7701
5200,0.7692
5201,0.7683
5202,0.7695
5203,0.7708
5204,0.7713
5205,0.7714
5206,0.769
5207,0.768
5208,0.7677
5209,0.7688
5210,0.7677
5211,0.7709
5212,0.7698
5213,0.7689
5214,0.7693
5215,0.7733
5216,0.77
5217,0.7707
5218,0.766
5219,0.7681
5220,0.7699
5221,0.7716
5222,0.7701
5223,0.7687
5224,0.7697
5225,0.7715
5226,0.7655
5227,0.7715
5228,0.767
5229,0.7666
5230,0.7685
5231,0.7666
5232,0.7689
5233,0.768
5234,0.7654
5235,0.7664
5236,0.7677
5237,0.7678
5238,0.7666
5239,0.7601
5240,0.7679
5241,0.7649
5242,0.7668
5243,0.7683
5244,0.7658
5245,0.7643
5246,0.7658
5247,0.7651
5248,0.7635
5249,0.7635
5250,0.7625
5251,0.7619
5252,0.7633
5253,0.7632
5254,0.7638
5255,0.7642
5256,0.7604
5257,0.7656
5258,0.7641
5259,0.7651
5260,0.7623
5261,0.7659
5262,0.7628
5263,0.7636
5264,0.7633
5265,0.7608
5266,0.7578
5267,0.7624
5268,0.7641
5269,0.7631
5270,0.7635
5271,0.7547
5272,0.7543
5273,0.7643
5274,0.7618
5275,0.7635
5276,0.7647
5277,0.7633
5278,0.7635
5279,0.7633
5280,0.7618
5281,0.7622
5282,0.7636
5283,0.7614
5284,0.7653
5285,0.7593
5286,0.7646
5287,0.7623
5288,0.7661
5289,0.7655
5290,0.7653
5291,0.7649
5292,0.7616
5293,0.7627
5294,0.7661
5295,0.7656
5296,0.7632
5297,0.7662
5298,0.767
5299,0.7649
5300,0.7637
5301,0.7631
5302,0.7625
5303,0.7631
5304,0.732
5305,0.7629
5306,0.7623
5307,0.7636
5308,0.7646
5309,0.763
5310,0.763
5311,0.7634
5312,0.7628
5313,0.7608
5314,0.7633
5315,0.7625
5316,0.7626
5317,0.7642
5318,0.767
5319,0.7647
5320,0.7645
5321,0.765
5322,0.7645
5323,0.764
5324,0.7664
5325,0.7647
5326,0.765
5327,0.7656
5328,0.766
5329,0.7653
5330,0.7676
5331,0.7638
5332,0.7615
5333,0.7622
5334,0.7667
5335,0.7666
5336,0.7671
5337,0.7683
5338,0.7672
5339,0.7643
5340,0.7658
5341,0.767
5342,0.7642
5343,0.7643
5344,0.7651
5345,0.7623
5346,0.7642
5347,0.7652
5348,0.7652
5349,0.7672
5350,0.7655
5351,0.761
5352,0.7627
5353,0.766
5354,0.7662
5355,0.757
5356,0.766
5357,0.7651
5358,0.7655
5359,0.7643
5360,0.7642
5361,0.7645
5362,0.7626
5363,0.7649
5364,0.7655
5365,0.7667
5366,0.7644
5367,0.7644
5368,0.7639
5369,0.7631
5370,0.7647
5371,0.7632
5372,0.7643
5373,0.7654
5374,0.7632
5375,0.7656
5376,0.766
5377,0.7677
5378,0.7677
5379,0.7629
5380,0.7632
5381,0.7655
5382,0.763
5383,0.7621
5384,0.7642
5385,0.765
5386,0.7661
5387,0.7659
5388,0.7641
5389,0.765
5390,0.7627
5391,0.7613
5392,0.7656
5393,0.7657
5394,0.7649
5395,0.7688
5396,0.7683
5397,0.7663
5398,0.7739
5399,0.7751
5400,0.7748
5401,0.7762
5402,0.7766
5403,0.7762
5404,0.7748
5405,0.7755
5406,0.7728
5407,0.7725
5408,0.7777
5409,0.7741
5410,0.7755
5411,0.7711
5412,0.7726
5413,0.7718
5414,0.7717
5415,0.7713
5416,0.7711
5417,0.7721
5418,0.7713
5419,0.7705
5420,0.7719
5421,0.773
5422,0.7721
5423,0.7708
5424,0.7699
5425,0.7727
5426,0.7693
5427,0.7726
5428,0.7698
5429,0.7724
5430,0.7706
5431,0.7715
5432,0.7724
5433,0.7701
5434,0.7711
5435,0.7709
5436,0.7717
5437,0.7701
5438,0.7717
5439,0.7729
5440,0.7723
5441,0.7703
5442,0.7713
5443,0.7707
5444,0.7682
5445,0.7656
5446,0.7686
5447,0.7688
5448,0.769
5449,0.7663
5450,0.7682
5451,0.7682
5452,0.7693
5453,0.7674
5454,0.7703
5455,0.7698
5456,0.7703
5457,0.7708
5458,0.7689
5459,0.7694
5460,0.77
5461,0.7716
5462,0.769
5463,0.7688
5464,0.7706
5465,0.7686
5466,0.7713
5467,0.7702
5468,0.7709
5469,0.7706
5470,0.7704
5471,0.7705
5472,0.7688
5473,0.7694
5474,0.7692
5475,0.7692
5476,0.7684
5477,0.7686
5478,0.7683
5479,0.7689
5480,0.7707
5481,0.7696
5482,0.77
5483,0.7704
5484,0.7702
5485,0.7693
5486,0.7705
5487,0.7702
5488,0.7675
5489,0.7693
5490,0.7673
5491,0.7708
5492,0.7708
5493,0.768
5494,0.7689
5495,0.7693
5496,0.7697
5497,0.7692
5498,0.769
5499,0.7665
5500,0.764
5501,0.7624
5502,0.7654
5503,0.7653
5504,0.7646
5505,0.7658
5506,0.7657
5507,0.7658
5508,0.7685
5509,0.7685
5510,0.7688
5511,0.7681
5512,0.7646
5513,0.7672
5514,0.7656
5515,0.7659
5516,0.7657
5517,0.7664
5518,0.7664
5519,0.7657
5520,0.7679
5521,0.7674
5522,0.7669
5523,0.7655
5524,0.7667
5525,0.7665
5526,0.7666
5527,0.7675
5528,0.7642
5529,0.7669
5530,0.7664
5531,0.7671
5532,0.7656
5533,0.7676
5534,0.7678
5535,0.7694
5536,0.7693
5537,0.7699
5538,0.7677
5539,0.7715
5540,0.7714
5541,0.769
5542,0.7663
5543,0.7663
5544,0.7665
5545,0.7645
5546,0.7666
5547,0.7659
5548,0.7659
5549,0.7656
5550,0.765
5551,0.769
5552,0.7657
5553,0.766
5554,0.7639
5555,0.7662
5556,0.7693
5557,0.7668
5558,0.7672
5559,0.767
5560,0.7653
5561,0.7678
5562,0.7685
5563,0.7666
5564,0.7671
5565,0.7631
5566,0.767
5567,0.7658
5568,0.7664
5569,0.7672
5570,0.7672
5571,0.7679
5572,0.7668
5573,0.7681
5574,0.768
5575,0.7688
5576,0.7667
5577,0.7672
5578,0.7671
5579,0.7657
5580,0.7662
5581,0.7671
5582,0.7674
5583,0.7683
5584,0.7684
5585,0.7668
5586,0.7681
5587,0.7668
5588,0.7669
5589,0.7672
5590,0.7674
5591,0.7678
5592,0.7657
5593,0.7664
5594,0.767
5595,0.7658
5596,0.7674
5597,0.7627
5598,0.7627
5599,0.7639
5600,0.7642
5601,0.7643
5602,0.7617
5603,0.7638
5604,0.7623
5605,0.7626
5606,0.7631
5607,0.7645
5608,0.7657
5609,0.7629
5610,0.7627
5611,0.7609
5612,0.7625
5613,0.7609
5614,0.7606
5615,0.7635
5616,0.7639
5617,0.7637
5618,0.7644
5619,0.7634
5620,0.7631
5621,0.7626
5622,0.7637
5623,0.76
5624,0.7611
5625,0.761
5626,0.7601
5627,0.7618
5628,0.7609
5629,0.7615
5630,0.7603
5631,0.762
5632,0.7627
5633,0.7638
5634,0.7639
5635,0.7638
5636,0.7646
5637,0.76
5638,0.7632
5639,0.763
5640,0.7629
5641,0.7607
5642,0.7628
5643,0.7639
5644,0.7641
5645,0.7655
5646,0.7628
5647,0.7616
5648,0.7636
5649,0.7648
5650,0.7635
5651,0.7635
5652,0.7623
5653,0.7627
5654,0.7638
5655,0.7626
5656,0.7636
5657,0.7611
5658,0.7627
5659,0.7627
5660,0.7627
5661,0.762
5662,0.7644
5663,0.7639
5664,0.7637
5665,0.7631
5666,0.7626
5667,0.7651
5668,0.7634
5669,0.7607
5670,0.7647
5671,0.7643
5672,0.7621
5673,0.7656
5674,0.7646
5675,0.7648
5676,0.766
5677,0.7655
5678,0.7654
5679,0.7642
5680,0.7601
5681,0.764
5682,0.7623
5683,0.7631
5684,0.7651
5685,0.7658
5686,0.7665
5687,0.7634
5688,0.7657
5689,0.7652
5690,0.7647
5691,0.7617
5692,0.7643
5693,0.7646
5694,0.7648
5695,0.7647
5696,0.7639
5697,0.7647
5698,0.7635
5699,0.7632
5700,0.7655
5701,0.7629
5702,0.7634
5703,0.7645
5704,0.7647
5705,0.7634
5706,0.7626
5707,0.7655
5708,0.7671
5709,0.7652
5710,0.7672
5711,0.7641
5712,0.765
5713,0.7612
5714,0.7652
5715,0.7646
5716,0.7629
5717,0.7667
5718,0.7646
5719,0.7681
5720,0.7647
5721,0.7647
5722,0.7646
5723,0.7631
5724,0.7629
5725,0.7647
5726,0.7656
5727,0.7664
5728,0.7666
5729,0.7664
5730,0.7666
5731,0.7678
5732,0.7661
5733,0.7653
5734,0.7643
5735,0.7645
5736,0.7654
5737,0.7664
5738,0.7672
5739,0.7657
5740,0.7649
5741,0.765
5742,0.7657
5743,0.7653
5744,0.7674
5745,0.7633
5746,0.766
5747,0.7656
5748,0.7662
5749,0.7686
5750,0.7658
5751,0.766
5752,0.7662
5753,0.7672
5754,0.767
5755,0.7627
5756,0.7662
5757,0.765
5758,0.7657
5759,0.7648
5760,0.7666
5761,0.7661
5762,0.7664
5763,0.7671
5764,0.765
5765,0.7662
5766,0.7676
5767,0.766
5768,0.765
5769,0.7656
5770,0.7652
5771,0.7657
5772,0.7666
5773,0.7677
5774,0.7665
5775,0.766
5776,0.7669
5777,0.767
5778,0.7648
5779,0.7658
5780,0.7663
5781,0.7656
5782,0.7639
5783,0.7652
5784,0.7645
5785,0.7642
5786,0.7647
5787,0.765
5788,0.765
5789,0.7645
5790,0.764
5791,0.7657
5792,0.7663
5793,0.7649
5794,0.7658
5795,0.7683
5796,0.7668
5797,0.7659
5798,0.7668
5799,0.7682
5800,0.768
5801,0.7682
5802,0.7689
5803,0.7676
5804,0.7633
5805,0.7673
5806,0.7682
5807,0.7685
5808,0.7688
5809,0.7673
5810,0.767
5811,0.7679
5812,0.7674
5813,0.769
5814,0.7706
5815,0.7689
5816,0.7691
5817,0.7689
5818,0.7665
5819,0.7675
5820,0.7682
5821,0.7688
5822,0.7675
5823,0.769
5824,0.7689
5825,0.7658
5826,0.7672
5827,0.7653
5828,0.7655
5829,0.768
5830,0.7679
5831,0.7678
5832,0.7683
5833,0.7677
5834,0.768
5835,0.7668
5836,0.7651
5837,0.7654
5838,0.7649
5839,0.7656
5840,0.7681
5841,0.7684
5842,0.7688
5843,0.7698
5844,0.7672
5845,0.7675
5846,0.7683
5847,0.7661
5848,0.7669
5849,0.7678
5850,0.7666
5851,0.7678
5852,0.7659
5853,0.7686
5854,0.7671
5855,0.7652
5856,0.7678
5857,0.7694
5858,0.7681
5859,0.7672
5860,0.7681
5861,0.7677
5862,0.7683
5863,0.7693
5864,0.7674
5865,0.7657
5866,0.7674
5867,0.7687
5868,0.7653
5869,0.7669
5870,0.771
5871,0.7664
5872,0.7671
5873,0.7678
5874,0.7685
5875,0.7684
5876,0.7665
5877,0.767
5878,0.7688
5879,0.7666
5880,0.7666
5881,0.7665
5882,0.7683
5883,0.7653
5884,0.7635
5885,0.765
5886,0.7641
5887,0.765
5888,0.7668
5889,0.7655
5890,0.7671
5891,0.7697
5892,0.7625
5893,0.7668
5894,0.7672
5895,0.7685
5896,0.7687
5897,0.7677
5898,0.7663
5899,0.7647
5900,0.7666
5901,0.7664
5902,0.7662
5903,0.7674
5904,0.7668
5905,0.766
5906,0.7648
5907,0.7671
5908,0.766
5909,0.7653
5910,0.7662
5911,0.7699
5912,0.77
5913,0.7677
5914,0.7698
5915,0.7705
5916,0.7713
5917,0.7678
5918,0.7714
5919,0.7716
5920,0.7706
5921,0.7704
5922,0.7679
5923,0.7708
5924,0.7697
5925,0.7699
5926,0.7686
5927,0.7696
5928,0.7691
5929,0.7701
5930,0.7719
5931,0.768
5932,0.7697
5933,0.7705
5934,0.7679
5935,0.7694
5936,0.7701
5937,0.7709
5938,0.7723
5939,0.7712
5940,0.7697
5941,0.7683
5942,0.7693
5943,0.7711
5944,0.7704
5945,0.7704
5946,0.7698
5947,0.7712
5948,0.7729
5949,0.7724
5950,0.7691
5951,0.7696
5952,0.7705
5953,0.7712
5954,0.7698
5955,0.77
5956,0.7668
5957,0.7666
5958,0.7683
5959,0.7693
5960,0.7688
5961,0.7679
5962,0.7696
5963,0.7698
5964,0.7692
5965,0.7694
5966,0.7687
5967,0.7696
5968,0.7712
5969,0.7707
5970,0.7681
5971,0.7674
5972,0.7689
5973,0.7701
5974,0.7711
5975,0.771
5976,0.7702
5977,0.7698
5978,0.7713
5979,0.7686
5980,0.7697
5981,0.7698
5982,0.7702
5983,0.7709
5984,0.7685
5985,0.7693
5986,0.7701
5987,0.7694
5988,0.7705
5989,0.7693
5990,0.7698
5991,0.7726
5992,0.7698
5993,0.7694
5994,0.7695
5995,0.7699
5996,0.7706
5997,0.7679
5998,0.7681
5999,0.769
6000,0.7697
6001,0.77
6002,0.7697
6003,0.7712
6004,0.7709
6005,0.7712
6006,0.7696
6007,0.7705
6008,0.7694
6009,0.7722
6010,0.7695
6011,0.7702
6012,0.7702
6013,0.7711
6014,0.7711
6015,0.7697
6016,0.7706
6017,0.771
6018,0.7688
6019,0.7699
6020,0.7679
6021,0.7694
6022,0.7674
6023,0.7666
6024,0.7662
6025,0.7655
6026,0.7663
6027,0.7671
6028,0.7657
6029,0.7673
6030,0.7645
6031,0.7663
6032,0.766
6033,0.7652
6034,0.7659
6035,0.7671
6036,0.7662
6037,0.7651
6038,0.7677
6039,0.7679
6040,0.769
6041,0.7693
6042,0.7708
6043,0.7699
6044,0.7686
6045,0.7682
6046,0.7671
6047,0.7687
6048,0.7684
6049,0.7667
6050,0.77
6051,0.7681
6052,0.7678
6053,0.7693
6054,0.7686
6055,0.7708
6056,0.7674
6057,0.7682
6058,0.7702
6059,0.7675
6060,0.7674
6061,0.7686
6062,0.7693
6063,0.7658
6064,0.7666
6065,0.7656
6066,0.7638
6067,0.7632
6068,0.7647
6069,0.7671
6070,0.7681
6071,0.7684
6072,0.7676
6073,0.7679
6074,0.7685
6075,0.7666
6076,0.7666
6077,0.7694
6078,0.7718
6079,0.7714
6080,0.7707
6081,0.7698
6082,0.7664
6083,0.7658
6084,0.7668
6085,0.7668
6086,0.7675
6087,0.7685
6088,0.7683
6089,0.7676
6090,0.7677
6091,0.7677
6092,0.7691
6093,0.7694
6094,0.7676
6095,0.768
6096,0.7675
6097,0.7677
6098,0.7689
6099,0.7668
6100,0.7686
6101,0.7671
6102,0.766
6103,0.7681
6104,0.7689
6105,0.7694
6106,0.7704
6107,0.7685
6108,0.7679
6109,0.7677
6110,0.7703
6111,0.771
6112,0.77
6113,0.7696
6114,0.7695
6115,0.7675
6116,0.7669
6117,0.7666
6118,0.7663
6119,0.7665
6120,0.767
6121,0.7669
6122,0.7672
6123,0.7675
6124,0.7678
6125,0.7691
6126,0.7693
6127,0.7675
6128,0.7691
6129,0.7692
6130,0.7669
6131,0.768
6132,0.7676
6133,0.7689
6134,0.7703
6135,0.7685
6136,0.77
6137,0.7687
6138,0.7694
6139,0.7679
6140,0.7685
6141,0.7675
6142,0.77
6143,0.7694
6144,0.7697
6145,0.77
6146,0.7702
6147,0.7716
6148,0.7694
6149,0.7672
6150,0.7685
6151,0.767
6152,0.7675
6153,0.7689
6154,0.7703
6155,0.7684
6156,0.766
6157,0.769
6158,0.7679
6159,0.7679
6160,0.7658
6161,0.7673
6162,0.7651
6163,0.7653
6164,0.7662
6165,0.767
6166,0.7664
6167,0.7664
6168,0.7659
6169,0.767
6170,0.7702
6171,0.7688
6172,0.7679
6173,0.7669
6174,0.7668
6175,0.7662
6176,0.7672
6177,0.7636
6178,0.7659
6179,0.7648
6180,0.7678
6181,0.7667
6182,0.768
6183,0.7673
6184,0.768
6185,0.7669
6186,0.768
6187,0.768
6188,0.7675
6189,0.7673
6190,0.7683
6191,0.7634
6192,0.7659
6193,0.764
6194,0.7654
6195,0.7659
6196,0.7645
6197,0.7648
6198,0.7666
6199,0.7657
6200,0.767
6201,0.7627
6202,0.7638
6203,0.7649
6204,0.767
6205,0.7637
6206,0.7647
6207,0.7676
6208,0.7696
6209,0.7658
6210,0.7666
6211,0.7661
6212,0.7664
6213,0.7664
6214,0.7673
6215,0.7661
6216,0.7673
6217,0.7658
6218,0.767
6219,0.768
6220,0.7681
6221,0.7657
6222,0.7646
6223,0.7684
6224,0.7707
6225,0.769
6226,0.7695
6227,0.7697
6228,0.766
6229,0.7677
6230,0.7692
6231,0.7684
6232,0.7685
6233,0.7654
6234,0.7655
6235,0.7685
6236,0.7666
6237,0.7671
6238,0.7671
6239,0.7682
6240,0.7659
6241,0.7669
6242,0.7661
6243,0.7657
6244,0.7659
6245,0.7678
6246,0.7686
6247,0.766
6248,0.7673
6249,0.7704
6250,0.7674
6251,0.7691
6252,0.7697
6253,0.7694
6254,0.7672
6255,0.7674
6256,0.7679
6257,0.7655
6258,0.7676
6259,0.7678
6260,0.7691
6261,0.7694
6262,0.7693
6263,0.7678
6264,0.768
6265,0.7661
6266,0.7641
6267,0.7653
6268,0.7657
6269,0.7653
6270,0.7661
6271,0.7681
6272,0.7665
6273,0.7646
6274,0.7646
6275,0.7657
6276,0.7654
6277,0.766
6278,0.7657
6279,0.7646
6280,0.7646
6281,0.7665
6282,0.7668
6283,0.7686
6284,0.7681
6285,0.7663
6286,0.7649
6287,0.7651
6288,0.7656
6289,0.7645
6290,0.7662
6291,0.769
6292,0.7695
6293,0.7658
6294,0.7664
6295,0.766
6296,0.7666
6297,0.7672
6298,0.7657
6299,0.7667
6300,0.7656
6301,0.7655
6302,0.7661
6303,0.7637
6304,0.7672
6305,0.7663
6306,0.7677
6307,0.7677
6308,0.7637
6309,0.7649
6310,0.7653
6311,0.7663
6312,0.767
6313,0.7668
6314,0.7661
6315,0.7655
6316,0.7632
6317,0.7644
6318,0.7663
6319,0.7668
6320,0.7644
6321,0.7685
6322,0.7668
6323,0.7673
6324,0.7684
6325,0.7682
6326,0.7672
6327,0.7668
6328,0.7657
6329,0.767
6330,0.7668
6331,0.7666
6332,0.7676
6333,0.7649
6334,0.7652
6335,0.7649
6336,0.7634
6337,0.7661
6338,0.7631
6339,0.7656
6340,0.7653
6341,0.7628
6342,0.7666
6343,0.7658
6344,0.768
6345,0.7665
6346,0.7676
6347,0.7678
6348,0.7657
6349,0.7662
6350,0.7653
6351,0.7654
6352,0.7653
6353,0.765
6354,0.7638
6355,0.7646
6356,0.7653
6357,0.7657
6358,0.7639
6359,0.7629
6360,0.7664
6361,0.766
6362,0.767
6363,0.7657
6364,0.7663
6365,0.7705
6366,0.7664
6367,0.7673
6368,0.7635
6369,0.7659
6370,0.767
6371,0.7654
6372,0.7659
6373,0.7625
6374,0.7645
6375,0.7645
6376,0.7659
6377,0.7654
6378,0.7647
6379,0.7646
6380,0.7644
6381,0.7679
6382,0.7669
6383,0.765
6384,0.766
6385,0.7651
6386,0.7638
6387,0.7645
6388,0.7658
6389,0.7657
6390,0.7667
6391,0.7663
6392,0.7658
6393,0.7625
6394,0.7641
6395,0.7674
6396,0.7655
6397,0.7624
6398,0.7637
6399,0.7621
6400,0.7644
6401,0.7676
6402,0.767
6403,0.7672
6404,0.7683
6405,0.7689
6406,0.7679
6407,0.7672
6408,0.7651
6409,0.7645
6410,0.7664
6411,0.7668
6412,0.7661
6413,0.7655
6414,0.7646
6415,0.7669
6416,0.764
6417,0.7654
6418,0.7657
6419,0.7678
6420,0.7666
6421,0.7669
6422,0.766
6423,0.767
6424,0.7646
6425,0.7653
6426,0.7653
6427,0.7643
6428,0.7642
6429,0.7637
6430,0.7629
6431,0.7619
6432,0.7658
6433,0.7659
6434,0.7661
6435,0.7636
6436,0.7655
6437,0.7646
6438,0.7648
6439,0.7637
6440,0.7656
6441,0.7651
6442,0.7662
6443,0.7674
6444,0.7653
6445,0.764
6446,0.7623
6447,0.766
6448,0.7634
6449,0.7628
6450,0.7623
6451,0.7641
6452,0.7643
6453,0.7664
6454,0.7661
6455,0.7632
6456,0.7616
6457,0.7642
6458,0.7629
6459,0.7639
6460,0.763
6461,0.7619
6462,0.763
6463,0.7645
6464,0.7645
6465,0.7667
6466,0.766
6467,0.764
6468,0.765
6469,0.7648
6470,0.765
6471,0.7647
6472,0.7621
6473,0.7643
6474,0.7675
6475,0.7632
6476,0.7636
6477,0.7622
6478,0.7638
6479,0.766
6480,0.7659
6481,0.7651
6482,0.7645
6483,0.7651
6484,0.7653
6485,0.7677
6486,0.7659
6487,0.7634
6488,0.7659
6489,0.7694
6490,0.7681
6491,0.767
6492,0.7671
6493,0.766
6494,0.7656
6495,0.7659
6496,0.7656
6497,0.7626
6498,0.7642
6499,0.7635
6500,0.765
6501,0.764
6502,0.7646
6503,0.7629
6504,0.7604
6505,0.7588
6506,0.7618
6507,0.7615
6508,0.763
6509,0.7643
6510,0.7619
6511,0.762
6512,0.7613
6513,0.7606
6514,0.7631
6515,0.7617
6516,0.7622
6517,0.7629
6518,0.7605
6519,0.7655
6520,0.7613
6521,0.7631
6522,0.7636
6523,0.7635
6524,0.7629
6525,0.764
6526,0.7642
6527,0.7595
6528,0.7607
6529,0.7628
6530,0.7641
6531,0.7645
6532,0.7626
6533,0.7628
6534,0.7647
6535,0.7623
6536,0.7645
6537,0.7639
6538,0.7646
6539,0.7603
6540,0.7625
6541,0.7644
6542,0.765
6543,0.7648
6544,0.7639
6545,0.7625
6546,0.7608
6547,0.7619
6548,0.7631
6549,0.7664
6550,0.7635
6551,0.7628
6552,0.7634
6553,0.764
6554,0.7639
6555,0.7649
6556,0.7615
6557,0.7631
6558,0.7633
6559,0.7637
6560,0.7629
6561,0.7634
6562,0.7617
6563,0.7615
6564,0.7638
6565,0.7623
6566,0.7617
6567,0.7619
6568,0.7621
6569,0.765
6570,0.7653
6571,0.7644
6572,0.7648
6573,0.762
6574,0.7649
6575,0.7625
6576,0.7634
6577,0.763
6578,0.7632
6579,0.7633
6580,0.7643
6581,0.7637
6582,0.7627
6583,0.7635
6584,0.764
6585,0.765
6586,0.7624
6587,0.7638
6588,0.76
6589,0.7641
6590,0.762
6591,0.7632
6592,0.763
6593,0.7635
6594,0.7621
6595,0.7623
6596,0.7604
6597,0.7648
6598,0.7613
6599,0.7652
6600,0.7645
6601,0.7633
6602,0.763
6603,0.7632
6604,0.7641
6605,0.7642
6606,0.7622
6607,0.7627
6608,0.763
6609,0.7636
6610,0.7623
6611,0.7627
6612,0.7638
6613,0.7631
6614,0.7631
6615,0.7638
6616,0.7642
6617,0.763
6618,0.7616
6619,0.7631
6620,0.765
6621,0.7659
6622,0.7634
6623,0.7662
6624,0.7646
6625,0.7635
6626,0.764
6627,0.7637
6628,0.7619
6629,0.7625
6630,0.765
6631,0.7644
6632,0.7633
6633,0.7619
6634,0.759
6635,0.7612
6636,0.763
6637,0.764
6638,0.7663
6639,0.7645
6640,0.7665
6641,0.7651
6642,0.7649
6643,0.7636
6644,0.7648
6645,0.7643
6646,0.7634
6647,0.7651
6648,0.765
6649,0.7648
6650,0.7664
6651,0.7661
6652,0.7621
6653,0.7633
6654,0.7641
6655,0.7623
6656,0.7621
6657,0.763
6658,0.7648
6659,0.7646
6660,0.7629
6661,0.7648
6662,0.7608
6663,0.7624
6664,0.7601
6665,0.759
6666,0.7595
6667,0.76
6668,0.7589
6669,0.7611
6670,0.7604
6671,0.7585
6672,0.7585
6673,0.7607
6674,0.7598
6675,0.7587
6676,0.7624
6677,0.7626
6678,0.7611
6679,0.7592
6680,0.7596
6681,0.7603
6682,0.7592
6683,0.7569
6684,0.7567
6685,0.7558
6686,0.755
6687,0.7572
6688,0.7591
6689,0.7568
6690,0.7568
6691,0.7543
6692,0.7548
6693,0.7572
6694,0.7571
6695,0.7576
6696,0.7589
6697,0.7579
6698,0.7593
6699,0.7594
6700,0.7571
6701,0.7558
6702,0.7576
6703,0.7562
6704,0.7586
6705,0.7587
6706,0.7534
6707,0.7569
6708,0.7552
6709,0.7553
6710,0.7566
6711,0.7565
6712,0.759
6713,0.7584
6714,0.7563
6715,0.7581
6716,0.7586
6717,0.7576
6718,0.756
6719,0.7579
6720,0.7579
6721,0.7587
6722,0.7587
6723,0.7589
6724,0.7562
6725,0.758
6726,0.758
6727,0.7571
6728,0.7598
6729,0.7595
6730,0.754
6731,0.7581
6732,0.758
6733,0.7571
6734,0.7577
6735,0.7577
6736,0.7589
6737,0.7575
6738,0.7572
6739,0.7586
6740,0.755
6741,0.7582
6742,0.7566
6743,0.76
6744,0.7592
6745,0.7574
6746,0.7571
6747,0.7563
6748,0.7588
6749,0.7565
6750,0.7563
6751,0.7597
6752,0.758
6753,0.7576
6754,0.76
6755,0.7597
6756,0.7571
6757,0.7601
6758,0.7599
6759,0.7607
6760,0.7581
6761,0.7588
6762,0.7589
6763,0.7601
6764,0.761
6765,0.7584
6766,0.7594
6767,0.7588
6768,0.7568
6769,0.7596
6770,0.7585
6771,0.7547
6772,0.7566
6773,0.7608
6774,0.7593
6775,0.759
6776,0.7534
6777,0.7582
6778,0.7571
6779,0.7565
6780,0.755
6781,0.7578
6782,0.7572
6783,0.7592
6784,0.7595
6785,0.7587
6786,0.7566
6787,0.7561
6788,0.7569
6789,0.7571
6790,0.7565
6791,0.758
6792,0.7582
6793,0.7581
6794,0.7579
6795,0.7568
6796,0.7569
6797,0.7573
6798,0.7583
6799,0.7581
6800,0.7592
6801,0.758
6802,0.7594
6803,0.7585
6804,0.7579
6805,0.7577
6806,0.7567
6807,0.7554
6808,0.7569
6809,0.7551
6810,0.7565
6811,0.7554
6812,0.7568
6813,0.7574
6814,0.7584
6815,0.7589
6816,0.7582
6817,0.7555
6818,0.7568
6819,0.7554
6820,0.7564
6821,0.7576
6822,0.7557
6823,0.7555
6824,0.7566
6825,0.7555
6826,0.757
6827,0.7576
6828,0.7568
6829,0.757
6830,0.7577
6831,0.7583
6832,0.7578
6833,0.7576
6834,0.7536
6835,0.7588
6836,0.7585
6837,0.7585
6838,0.7592
6839,0.7579
6840,0.7589
6841,0.7585
6842,0.7591
6843,0.7557
6844,0.7562
6845,0.7554
6846,0.7566
6847,0.7548
6848,0.756
6849,0.7563
6850,0.7553
6851,0.7582
6852,0.7586
6853,0.7587
6854,0.7596
6855,0.7587
6856,0.7588
6857,0.7593
6858,0.7599
6859,0.7596
6860,0.7601
6861,0.7585
6862,0.76
6863,0.7605
6864,0.759
6865,0.7592
6866,0.7591
6867,0.759
6868,0.7569
6869,0.7576
6870,0.759
6871,0.759
6872,0.7594
6873,0.7581
6874,0.7586
6875,0.7575
6876,0.757
6877,0.7585
6878,0.7563
6879,0.7567
6880,0.7551
6881,0.7538
6882,0.7586
6883,0.7598
6884,0.759
6885,0.7617
6886,0.758
6887,0.7573
6888,0.7578
6889,0.7587
6890,0.7591
6891,0.759
6892,0.7598
6893,0.7575
6894,0.7559
6895,0.7566
6896,0.7562
6897,0.7563
6898,0.7573
6899,0.7564
6900,0.7574
6901,0.756
6902,0.7572
6903,0.7575
6904,0.7566
6905,0.7595
6906,0.7561
6907,0.7577
6908,0.7581
6909,0.7572
6910,0.7567
6911,0.7586
6912,0.7592
6913,0.7591
6914,0.759
6915,0.7594
6916,0.7572
6917,0.7587
6918,0.7582
6919,0.7591
6920,0.7577
6921,0.7585
6922,0.759
6923,0.7593
6924,0.7595
6925,0.7578
6926,0.758
6927,0.758
6928,0.7576
6929,0.7574
6930,0.7583
6931,0.7569
6932,0.7592
6933,0.7593
6934,0.7603
6935,0.7605
6936,0.7599
6937,0.7594
6938,0.7569
6939,0.7569
6940,0.7575
6941,0.7593
6942,0.7596
6943,0.7583
6944,0.7577
6945,0.759
6946,0.7597
6947,0.7594
6948,0.7593
6949,0.7594
6950,0.757
6951,0.7568
6952,0.7571
6953,0.7564
6954,0.7585
6955,0.7581
6956,0.7585
6957,0.7584
6958,0.7582
6959,0.7575
6960,0.7598
6961,0.7562
6962,0.7587
6963,0.7598
6964,0.7603
6965,0.7551
6966,0.7566
6967,0.7573
6968,0.7582
6969,0.7606
6970,0.7605
6971,0.7637
6972,0.7614
6973,0.7604
6974,0.7589
6975,0.7578
6976,0.7577
6977,0.7577
6978,0.763
6979,0.761
6980,0.7626
6981,0.7623
6982,0.7635
6983,0.7634
6984,0.7621
6985,0.759
6986,0.7595
6987,0.7615
6988,0.757
6989,0.7606
6990,0.7575
6991,0.759
6992,0.7595
6993,0.7589
6994,0.7567
6995,0.7568
6996,0.7566
6997,0.7573
6998,0.7589
6999,0.7582
7000,0.7591
7001,0.7566
7002,0.7567
7003,0.7575
7004,0.7562
7005,0.7575
7006,0.7589
7007,0.7575
7008,0.7583
7009,0.758
7010,0.7581
7011,0.7572
7012,0.7567
7013,0.7564
7014,0.7574
7015,0.7587
7016,0.7572
7017,0.7589
7018,0.7559
7019,0.757
7020,0.7583
7021,0.7578
7022,0.7591
7023,0.7606
7024,0.7598
7025,0.7567
7026,0.7585
7027,0.7578
7028,0.7579
7029,0.7587
7030,0.7587
7031,0.7586
7032,0.7574
7033,0.7586
7034,0.7587
7035,0.7563
7036,0.7552
7037,0.7571
7038,0.7574
7039,0.7581
7040,0.7582
7041,0.7553
7042,0.7559
7043,0.7561
7044,0.7588
7045,0.7574
7046,0.7588
7047,0.7586
7048,0.7586
7049,0.7569
7050,0.7629
7051,0.7589
7052,0.7579
7053,0.7595
7054,0.7593
7055,0.76
7056,0.7604
7057,0.7604
7058,0.7594
7059,0.7576
7060,0.759
7061,0.7577
7062,0.7563
7063,0.7569
7064,0.7571
7065,0.757
7066,0.7568
7067,0.7576
7068,0.7582
7069,0.7574
7070,0.7585
7071,0.7574
7072,0.7553
7073,0.7553
7074,0.762
7075,0.7622
7076,0.7625
7077,0.7619
7078,0.761
7079,0.7607
7080,0.7601
7081,0.7576
7082,0.7576
7083,0.7578
7084,0.757
7085,0.758
7086,0.7555
7087,0.7591
7088,0.7591
7089,0.7558
7090,0.7571
7091,0.7554
7092,0.7552
7093,0.7578
7094,0.7567
7095,0.7556
7096,0.7572
7097,0.7642
7098,0.7627
7099,0.7628
7100,0.7592
7101,0.7598
7102,0.7585
7103,0.7587
7104,0.753
7105,0.7553
7106,0.7561
7107,0.7553
7108,0.7588
7109,0.7594
7110,0.759
7111,0.7572
7112,0.7566
7113,0.757
7114,0.7568
7115,0.7578
7116,0.758
7117,0.759
7118,0.7586
7119,0.7588
7120,0.759
7121,0.7605
7122,0.7585
7123,0.7594
7124,0.7592
7125,0.7557
7126,0.7556
7127,0.7571
7128,0.7595
7129,0.7568
7130,0.7576
7131,0.7582
7132,0.7558
7133,0.7565
7134,0.7572
7135,0.7572
7136,0.7578
7137,0.7576
7138,0.7591
7139,0.7587
7140,0.7589
7141,0.7579
7142,0.7585
7143,0.7571
7144,0.7557
7145,0.7577
7146,0.76
7147,0.7611
7148,0.7632
7149,0.7613
7150,0.7601
7151,0.76
7152,0.7581
7153,0.7573
7154,0.7552
7155,0.7578
7156,0.7568
7157,0.7571
7158,0.7573
7159,0.7572
7160,0.7557
7161,0.757
7162,0.757
7163,0.7587
7164,0.7581
7165,0.7547
7166,0.7561
7167,0.7611
7168,0.7606
7169,0.7602
7170,0.7596
7171,0.7616
7172,0.7619
7173,0.7572
7174,0.7611
7175,0.7611
7176,0.7618
7177,0.7618
7178,0.7616
7179,0.7564
7180,0.7586
7181,0.7571
7182,0.7598
7183,0.759
7184,0.7561
7185,0.7555
7186,0.7554
7187,0.7552
7188,0.7566
7189,0.7599
7190,0.7615
7191,0.7604
7192,0.7601
7193,0.7574
7194,0.7582
7195,0.7586
7196,0.7597
7197,0.7593
7198,0.7604
7199,0.7594
7200,0.7584
7201,0.758
7202,0.7566
7203,0.7537
7204,0.758
7205,0.7575
7206,0.7574
7207,0.7566
7208,0.7585
7209,0.7592
7210,0.7608
7211,0.7581
7212,0.7578
7213,0.7545
7214,0.757
7215,0.7567
7216,0.7573
7217,0.758
7218,0.7578
7219,0.7601
7220,0.7607
7221,0.7601
7222,0.7586
7223,0.7582
7224,0.7581
7225,0.7572
7226,0.7568
7227,0.7584
7228,0.7579
7229,0.7574
7230,0.7605
7231,0.7564
7232,0.7573
7233,0.7574
7234,0.7562
7235,0.7566
7236,0.7615
7237,0.7604
7238,0.7591
7239,0.7595
7240,0.7595
7241,0.7568
7242,0.758
7243,0.7589
7244,0.7568
7245,0.7584
7246,0.7585
7247,0.758
7248,0.7582
7249,0.763
7250,0.7594
7251,0.7604
7252,0.7597
7253,0.7574
7254,0.7606
7255,0.7604
7256,0.7584
7257,0.7574
7258,0.759
7259,0.7581
7260,0.7573
7261,0.7582
7262,0.7558
7263,0.7584
7264,0.7575
7265,0.7569
7266,0.7585
7267,0.7577
7268,0.7592
7269,0.7596
7270,0.7602
7271,0.7602
7272,0.7606
7273,0.7601
7274,0.764
7275,0.7634
7276,0.7617
7277,0.7594
7278,0.7606
7279,0.7569
7280,0.7582
7281,0.7589
7282,0.7574
7283,0.7562
7284,0.7565
7285,0.7574
7286,0.7545
7287,0.757
7288,0.7575
7289,0.7567
7290,0.7549
7291,0.7569
7292,0.7605
7293,0.7588
7294,0.7595
7295,0.7588
7296,0.7588
7297,0.7577
7298,0.7538
7299,0.7522
7300,0.7546
7301,0.7547
7302,0.7544
7303,0.7554
7304,0.7576
7305,0.7586
7306,0.7583
7307,0.7575
7308,0.7589
7309,0.7589
7310,0.7586
7311,0.756
7312,0.7582
7313,0.7602
7314,0.7584
7315,0.7585
7316,0.758
7317,0.7574
7318,0.7563
7319,0.7555
7320,0.7571
7321,0.7532
7322,0.7588
7323,0.758
7324,0.7566
7325,0.7555
7326,0.7573
7327,0.7574
7328,0.7577
7329,0.7591
7330,0.7579
7331,0.7571
7332,0.7574
7333,0.7569
7334,0.7589
7335,0.7533
7336,0.7561
7337,0.7591
7338,0.7567
7339,0.7562
7340,0.756
7341,0.7536
7342,0.7557
7343,0.7547
7344,0.7544
7345,0.7572
7346,0.7583
7347,0.7596
7348,0.7611
7349,0.7569
7350,0.759
7351,0.7593
7352,0.7586
7353,0.7583
7354,0.7558
7355,0.7611
7356,0.7608
7357,0.7606
7358,0.7622
7359,0.7591
7360,0.7563
7361,0.7614
7362,0.7627
7363,0.759
7364,0.7609
7365,0.7599
7366,0.7576
7367,0.7595
7368,0.7574
7369,0.7578
7370,0.7552
7371,0.758
7372,0.7603
7373,0.7585
7374,0.7567
7375,0.7584
7376,0.7578
7377,0.7584
7378,0.7571
7379,0.7577
7380,0.7582
7381,0.7543
7382,0.7566
7383,0.7552
7384,0.758
7385,0.7574
7386,0.7573
7387,0.7586
7388,0.7562
7389,0.7568
7390,0.7564
7391,0.7586
7392,0.7565
7393,0.7588
7394,0.7591
7395,0.7609
7396,0.7613
7397,0.7578
7398,0.7577
7399,0.7586
7400,0.7564
7401,0.7551
7402,0.7551
7403,0.7562
7404,0.7556
7405,0.7559
7406,0.7558
7407,0.7529
7408,0.7553
7409,0.7562
7410,0.7533
7411,0.7543
7412,0.7555
7413,0.7546
7414,0.7569
7415,0.7577
7416,0.755
7417,0.7556
7418,0.757
7419,0.7578
7420,0.7584
7421,0.7563
7422,0.7544
7423,0.7547
7424,0.7568
7425,0.7549
7426,0.7556
7427,0.7568
7428,0.7551
7429,0.755
7430,0.7558
7431,0.7558
7432,0.7581
7433,0.7595
7434,0.7594
7435,0.7585
7436,0.7581
7437,0.758
7438,0.7566
7439,0.7509
7440,0.7523
7441,0.7546
7442,0.7559
7443,0.756
7444,0.7557
7445,0.7577
7446,0.7592
7447,0.7591
7448,0.7572
7449,0.7552
7450,0.7561
7451,0.756
7452,0.7571
7453,0.7576
7454,0.7593
7455,0.7562
7456,0.758
7457,0.7582
7458,0.7564
7459,0.7572
7460,0.7572
7461,0.7578
7462,0.7578
7463,0.7574
7464,0.7558
7465,0.7545
7466,0.7571
7467,0.7565
7468,0.7561
7469,0.7556
7470,0.7551
7471,0.7569
7472,0.7566
7473,0.7588
7474,0.7579
7475,0.757
7476,0.759
7477,0.759
7478,0.7568
7479,0.7559
7480,0.7584
7481,0.7574
7482,0.7561
7483,0.7567
7484,0.7584
7485,0.7582
7486,0.7563
7487,0.7577
7488,0.7561
7489,0.7554
7490,0.7582
7491,0.7563
7492,0.7561
7493,0.7568
7494,0.7577
7495,0.7567
7496,0.7606
7497,0.7612
7498,0.7602
7499,0.7592
7500,0.7586
7501,0.7589
7502,0.7583
7503,0.7586
7504,0.7624
7505,0.7618
7506,0.7614
7507,0.7625
7508,0.7588
7509,0.759
7510,0.7568
7511,0.7567
7512,0.7581
7513,0.7583
7514,0.757
7515,0.7571
7516,0.7593
7517,0.7573
7518,0.7557
7519,0.7603
7520,0.7599
7521,0.7583
7522,0.7579
7523,0.7575
7524,0.7559
7525,0.7557
7526,0.7595
7527,0.7575
7528,0.7601
7529,0.7598
7530,0.7587
7531,0.7617
7532,0.7598
7533,0.7535
7534,0.7548
7535,0.7601
7536,0.7588
7537,0.7562
7538,0.7571
7539,0.7578
7540,0.7589
7541,0.7585
7542,0.7594
7543,0.7593
7544,0.7593
7545,0.7578
7546,0.758
7547,0.7577
7548,0.7591
7549,0.7551
7550,0.7568
7551,0.7561
7552,0.7559
7553,0.7568
7554,0.7548
7555,0.756
7556,0.7565
7557,0.7549
7558,0.7562
7559,0.7552
7560,0.7567
7561,0.7542
7562,0.7562
7563,0.7562
7564,0.7565
7565,0.7574
7566,0.7574
7567,0.7568
7568,0.758
7569,0.7583
7570,0.7584
7571,0.7563
7572,0.7556
7573,0.757
7574,0.7573
7575,0.7546
7576,0.7568
7577,0.7568
7578,0.7578
7579,0.7572
7580,0.7571
7581,0.757
7582,0.7565
7583,0.7583
7584,0.7558
7585,0.7569
7586,0.7549
7587,0.7557
7588,0.7581
7589,0.7583
7590,0.7582
7591,0.758
7592,0.7599
7593,0.7597
7594,0.7586
7595,0.7596
7596,0.7596
7597,0.7591
7598,0.7609
7599,0.7585
7600,0.7583
7601,0.7605
7602,0.7602
7603,0.7592
7604,0.7583
7605,0.7576
7606,0.7539
7607,0.7561
7608,0.7556
7609,0.7565
7610,0.7553
7611,0.7555
7612,0.7564
7613,0.7562
7614,0.7587
7615,0.7585
7616,0.7561
7617,0.7572
7618,0.7571
7619,0.7588
7620,0.7584
7621,0.7551
7622,0.758
7623,0.7563
7624,0.7577
7625,0.7574
7626,0.7552
7627,0.7576
7628,0.7587
7629,0.759
7630,0.7563
7631,0.7586
7632,0.7581
7633,0.759
7634,0.7588
7635,0.7594
7636,0.7596
7637,0.7585
7638,0.7596
7639,0.7595
7640,0.7557
7641,0.7592
7642,0.7588
7643,0.7586
7644,0.7596
7645,0.7578
7646,0.7587
7647,0.7575
7648,0.757
7649,0.7573
7650,0.7575
7651,0.7585
7652,0.757
7653,0.7563
7654,0.7564
7655,0.7573
7656,0.7541
7657,0.7566
7658,0.7577
7659,0.757
7660,0.7569
7661,0.7557
7662,0.7568
7663,0.7577
7664,0.7567
7665,0.756
7666,0.7564
7667,0.7563
7668,0.7568
7669,0.7567
7670,0.758
7671,0.7586
7672,0.7591
7673,0.7556
7674,0.7565
7675,0.7559
7676,0.7575
7677,0.7573
7678,0.757
7679,0.757
7680,0.7575
7681,0.7584
7682,0.7593
7683,0.7594
7684,0.7588
7685,0.7595
7686,0.7591
7687,0.7622
7688,0.7596
7689,0.7589
7690,0.7579
7691,0.7587
7692,0.7586
7693,0.7545
7694,0.755
7695,0.754
7696,0.7582
7697,0.7592
7698,0.7602
7699,0.7597
7700,0.7588
7701,0.7599
7702,0.7587
7703,0.7596
7704,0.7603
7705,0.761
7706,0.7602
7707,0.7608
7708,0.7613
7709,0.7571
7710,0.7569
7711,0.7553
7712,0.7544
7713,0.7585
7714,0.7573
7715,0.7576
7716,0.7588
7717,0.7549
7718,0.7537
7719,0.7484
7720,0.7545
7721,0.7592
7722,0.7582
7723,0.7582
7724,0.7542
7725,0.7556
7726,0.7544
7727,0.7545
7728,0.7548
7729,0.7542
7730,0.7541
7731,0.7548
7732,0.7549
7733,0.7529
7734,0.7495
7735,0.7497
7736,0.7517
7737,0.7536
7738,0.7557
7739,0.7555
7740,0.7551
7741,0.7559
7742,0.7541
7743,0.7548
7744,0.7551
7745,0.7533
7746,0.7542
7747,0.755
7748,0.7559
7749,0.7564
7750,0.7552
7751,0.7544
7752,0.755
7753,0.754
7754,0.7529
7755,0.7543
7756,0.7522
7757,0.7542
7758,0.7551
7759,0.7557
7760,0.756
7761,0.7566
7762,0.7566
7763,0.7565
7764,0.7543
7765,0.7551
7766,0.7557
7767,0.7548
7768,0.7553
7769,0.7586
7770,0.7571
7771,0.7569
7772,0.7577
7773,0.7534
7774,0.7531
7775,0.7544
7776,0.7535
7777,0.7532
7778,0.7546
7779,0.7565
7780,0.7555
7781,0.7557
7782,0.7553
7783,0.7545
7784,0.7553
7785,0.7561
7786,0.7575
7787,0.7583
7788,0.7566
7789,0.7558
7790,0.7529
7791,0.7537
7792,0.7504
7793,0.7541
7794,0.7492
7795,0.7514
7796,0.7533
7797,0.7558
7798,0.755
7799,0.7536
7800,0.7537
7801,0.7554
7802,0.7495
7803,0.7563
7804,0.756
7805,0.7567
7806,0.7563
7807,0.7558
7808,0.7526
7809,0.7532
7810,0.755
7811,0.7548
7812,0.7553
7813,0.7551
7814,0.7545
7815,0.7559
7816,0.7547
7817,0.7535
7818,0.7566
7819,0.7552
7820,0.7543
7821,0.7555
7822,0.7533
7823,0.7522
7824,0.7556
7825,0.7549
7826,0.7546
7827,0.7544
7828,0.7567
7829,0.7562
7830,0.7527
7831,0.7544
7832,0.7552
7833,0.7547
7834,0.7544
7835,0.7561
7836,0.757
7837,0.7566
7838,0.7564
7839,0.7557
7840,0.7524
7841,0.7551
7842,0.7564
7843,0.7546
7844,0.754
7845,0.7554
7846,0.7561
7847,0.7547
7848,0.7519
7849,0.7535
7850,0.7534
7851,0.7533
7852,0.7539
7853,0.7554
7854,0.7538
7855,0.7558
7856,0.7563
7857,0.7521
7858,0.7538
7859,0.7556
7860,0.7555
7861,0.7547
7862,0.7542
7863,0.7487
7864,0.7524
7865,0.7534
7866,0.7562
7867,0.7556
7868,0.7544
7869,0.756
7870,0.7541
7871,0.755
7872,0.7494
7873,0.7529
7874,0.7536
7875,0.754
7876,0.756
7877,0.755
7878,0.7558
7879,0.7531
7880,0.7533
7881,0.7511
7882,0.7558
7883,0.7548
7884,0.7549
7885,0.7554
7886,0.7522
7887,0.7528
7888,0.7544
7889,0.7546
7890,0.753
7891,0.7548
7892,0.7567
7893,0.7534
7894,0.7559
7895,0.7539
7896,0.7545
7897,0.7543
7898,0.7556
7899,0.7557
7900,0.7535
7901,0.7554
7902,0.7532
7903,0.7532
7904,0.7567
7905,0.7553
7906,0.7537
7907,0.754
7908,0.7484
7909,0.7543
7910,0.7534
7911,0.7532
7912,0.7531
7913,0.7508
7914,0.7537
7915,0.7513
7916,0.7573
7917,0.758
7918,0.7517
7919,0.756
7920,0.754
7921,0.7538
7922,0.7538
7923,0.754
7924,0.7589
7925,0.7503
7926,0.7537
7927,0.7456
7928,0.7505
7929,0.751
7930,0.751
7931,0.7483
7932,0.7555
7933,0.7581
7934,0.7584
7935,0.7577
7936,0.7525
7937,0.7537
7938,0.757
7939,0.7593
7940,0.7597
7941,0.7591
7942,0.7605
7943,0.7603
7944,0.7588
7945,0.7602
7946,0.7602
7947,0.76
7948,0.7605
7949,0.7586
7950,0.7556
7951,0.7625
7952,0.7592
7953,0.7592
7954,0.7606
7955,0.7583
7956,0.7576
7957,0.7578
7958,0.7558
7959,0.756
7960,0.7575
7961,0.7593
7962,0.7573
7963,0.7569
7964,0.7561
7965,0.7558
7966,0.7583
7967,0.7574
7968,0.7555
7969,0.7578
7970,0.7592
7971,0.7596
7972,0.7578
7973,0.7559
7974,0.7557
7975,0.7523
7976,0.7552
7977,0.7554
7978,0.7576
7979,0.7527
7980,0.7574
7981,0.7549
7982,0.755
7983,0.7522
7984,0.7529
7985,0.7562
7986,0.7536
7987,0.7569
7988,0.7584
7989,0.7577
7990,0.7556
7991,0.7541
7992,0.7539
7993,0.7552
7994,0.7548
7995,0.7527
7996,0.7527
7997,0.756
7998,0.7572
7999,0.7575
8000,0.7585
8001,0.7583
8002,0.7581
8003,0.7564
8004,0.7548
8005,0.7571
8006,0.7566
8007,0.7534
8008,0.7529
8009,0.7543
8010,0.7556
8011,0.754
8012,0.7558
8013,0.7538
8014,0.7544
8015,0.7559
8016,0.7529
8017,0.7552
8018,0.755
8019,0.755
8020,0.7543
8021,0.7548
8022,0.7495
8023,0.7534
8024,0.7529
8025,0.7551
8026,0.755
8027,0.7554
8028,0.7552
8029,0.7516
8030,0.7544
8031,0.7536
8032,0.7523
8033,0.753
8034,0.7558
8035,0.7523
8036,0.7537
8037,0.7543
8038,0.7553
8039,0.7541
8040,0.7551
8041,0.7535
8042,0.7573
8043,0.7559
8044,0.7556
8045,0.7544
8046,0.7524
8047,0.7523
8048,0.7535
8049,0.7533
8050,0.756
8051,0.7513
8052,0.7535
8053,0.7548
8054,0.7525
8055,0.7545
8056,0.7545
8057,0.7526
8058,0.7557
8059,0.7545
8060,0.7544
8061,0.753
8062,0.7539
8063,0.755
8064,0.7534
8065,0.7545
8066,0.754
8067,0.7552
8068,0.7562
8069,0.7559
8070,0.7546
8071,0.7568
8072,0.7546
8073,0.7561
8074,0.7546
8075,0.7511
8076,0.7496
8077,0.7512
8078,0.7551
8079,0.7547
8080,0.7541
8081,0.7547
8082,0.7525
8083,0.7524
8084,0.7509
8085,0.7544
8086,0.7537
8087,0.7544
8088,0.7534
8089,0.7525
8090,0.7522
8091,0.7525
8092,0.7505
8093,0.7561
8094,0.7548
8095,0.7548
8096,0.7547
8097,0.7528
8098,0.7564
8099,0.7563
8100,0.7559
8101,0.7549
8102,0.7532
8103,0.7548
8104,0.7539
8105,0.752
8106,0.7547
8107,0.7543
8108,0.7562
8109,0.7518
8110,0.7529
8111,0.7551
8112,0.7561
8113,0.7545
8114,0.7553
8115,0.7545
8116,0.7552
8117,0.7533
8118,0.7553
8119,0.7528
8120,0.7544
8121,0.7543
8122,0.7537
8123,0.7543
8124,0.7531
8125,0.7527
8126,0.7523
8127,0.7522
8128,0.7504
8129,0.7501
8130,0.7515
8131,0.7523
8132,0.7526
8133,0.7532
8134,0.7526
8135,0.753
8136,0.7561
8137,0.7533
8138,0.7574
8139,0.7528
8140,0.7537
8141,0.7543
8142,0.7552
8143,0.7534
8144,0.7531
8145,0.7549
8146,0.7558
8147,0.7552
8148,0.7523
8149,0.7491
8150,0.7546
8151,0.7539
8152,0.7518
8153,0.7588
8154,0.7571
8155,0.7558
8156,0.7576
8157,0.7562
8158,0.7574
8159,0.7532
8160,0.7566
8161,0.7552
8162,0.7559
8163,0.7548
8164,0.7541
8165,0.7534
8166,0.7554
8167,0.7554
8168,0.7564
8169,0.7555
8170,0.7585
8171,0.7564
8172,0.7568
8173,0.755
8174,0.7569
8175,0.7564
8176,0.7587
8177,0.7589
8178,0.7517
8179,0.7499
8180,0.7558
8181,0.7584
8182,0.7545
8183,0.7552
8184,0.751
8185,0.7568
8186,0.7556
8187,0.7531
8188,0.752
8189,0.7517
8190,0.7541
8191,0.7542
8192,0.7512
8193,0.7553
8194,0.7507
8195,0.7526
8196,0.7512
8197,0.7551
8198,0.7564
8199,0.7615
8200,0.7543
8201,0.7565
8202,0.7559
8203,0.7526
8204,0.7564
8205,0.7549
8206,0.7548
8207,0.7563
8208,0.7581
8209,0.7556
8210,0.7577
8211,0.7554
8212,0.7554
8213,0.7505
8214,0.7539
8215,0.7545
8216,0.756
8217,0.7549
8218,0.756
8219,0.7567
8220,0.7578
8221,0.7575
8222,0.7565
8223,0.7537
8224,0.7567
8225,0.7556
8226,0.7566
8227,0.7559
8228,0.7565
8229,0.7574
8230,0.7575
8231,0.756
8232,0.7563
8233,0.7572
8234,0.757
8235,0.7568
8236,0.754
8237,0.757
8238,0.7571
8239,0.7567
8240,0.7561
8241,0.7557
8242,0.7567
8243,0.7533
8244,0.7557
8245,0.757
8246,0.7562
8247,0.7561
8248,0.7543
8249,0.754
8250,0.757
8251,0.7545
8252,0.7556
8253,0.7541
8254,0.7564
8255,0.7545
8256,0.7585
8257,0.7536
8258,0.7547
8259,0.7541
8260,0.7558
8261,0.7556
8262,0.7563
8263,0.7564
8264,0.756
8265,0.7572
8266,0.7575
8267,0.7563
8268,0.7551
8269,0.7517
8270,0.7533
8271,0.7534
8272,0.7552
8273,0.7568
8274,0.758
8275,0.7605
8276,0.7585
8277,0.7556
8278,0.7589
8279,0.7583
8280,0.7581
8281,0.7567
8282,0.7555
8283,0.7561
8284,0.7557
8285,0.7572
8286,0.7572
8287,0.7579
8288,0.7587
8289,0.7565
8290,0.759
8291,0.7587
8292,0.759
8293,0.7559
8294,0.7579
8295,0.7561
8296,0.7564
8297,0.7584
8298,0.7562
8299,0.7561
8300,0.7545
8301,0.7563
8302,0.755
8303,0.7566
8304,0.7557
8305,0.7583
8306,0.7585
8307,0.7596
8308,0.7568
8309,0.7564
8310,0.756
8311,0.7539
8312,0.7582
8313,0.7582
8314,0.7573
8315,0.7571
8316,0.7572
8317,0.7558
8318,0.7556
8319,0.7562
8320,0.7576
8321,0.7574
8322,0.7592
8323,0.7577
8324,0.7597
8325,0.7587
8326,0.7572
8327,0.7578
8328,0.758
8329,0.7583
8330,0.7581
8331,0.7553
8332,0.754
8333,0.7551
8334,0.7586
8335,0.7566
8336,0.7563
8337,0.7561
8338,0.7569
8339,0.7553
8340,0.7568
8341,0.7567
8342,0.7556
8343,0.7588
8344,0.758
8345,0.7563
8346,0.7533
8347,0.7541
8348,0.756
8349,0.7556
8350,0.7533
8351,0.7558
8352,0.7551
8353,0.7564
8354,0.7549
8355,0.7578
8356,0.7571
8357,0.7558
8358,0.7561
8359,0.7568
8360,0.7559
8361,0.7532
8362,0.7547
8363,0.7549
8364,0.7591
8365,0.7559
8366,0.7523
8367,0.7553
8368,0.7582
8369,0.7576
8370,0.7581
8371,0.7595
8372,0.7598
8373,0.7604
8374,0.7597
8375,0.7598
8376,0.7603
8377,0.7599
8378,0.7559
8379,0.757
8380,0.7552
8381,0.7571
8382,0.7565
8383,0.7569
8384,0.758
8385,0.757
8386,0.7573
8387,0.7563
8388,0.7565
8389,0.7585
8390,0.756
8391,0.7532
8392,0.7537
8393,0.7524
8394,0.756
8395,0.7569
8396,0.7564
8397,0.7581
8398,0.7567
8399,0.7585
8400,0.7577
8401,0.7567
8402,0.758
8403,0.7577
8404,0.7535
8405,0.7586
8406,0.7547
8407,0.7575
8408,0.7543
8409,0.753
8410,0.7567
8411,0.7544
8412,0.7514
8413,0.7531
8414,0.7557
8415,0.7545
8416,0.7568
8417,0.753
8418,0.75
8419,0.7513
8420,0.7566
8421,0.7539
8422,0.756
8423,0.7571
8424,0.7554
8425,0.7553
8426,0.7519
8427,0.7559
8428,0.7553
8429,0.7542
8430,0.7553
8431,0.7526
8432,0.757
8433,0.757
8434,0.7554
8435,0.757
8436,0.7563
8437,0.7562
8438,0.7546
8439,0.7597
8440,0.7582
8441,0.7559
8442,0.7578
8443,0.7557
8444,0.756
8445,0.7547
8446,0.7561
8447,0.7557
8448,0.7575
8449,0.7545
8450,0.7561
8451,0.7543
8452,0.7532
8453,0.7539
8454,0.7538
8455,0.755
8456,0.7536
8457,0.7544
8458,0.7541
8459,0.7549
8460,0.754
8461,0.7519
8462,0.7552
8463,0.7568
8464,0.7535
8465,0.7537
8466,0.7536
8467,0.7558
8468,0.7536
8469,0.756
8470,0.7536
8471,0.753
8472,0.7576
8473,0.7569
8474,0.7566
8475,0.7521
8476,0.7526
8477,0.7579
8478,0.7553
8479,0.7548
8480,0.7509
8481,0.7538
8482,0.7561
8483,0.7531
8484,0.7559
8485,0.7516
8486,0.7554
8487,0.7561
8488,0.7563
8489,0.7571
8490,0.7559
8491,0.7552
8492,0.7559
8493,0.7533
8494,0.7548
8495,0.7552
8496,0.7562
8497,0.755
8498,0.7552
8499,0.7555
8500,0.7553
8501,0.7533
8502,0.7558
8503,0.7542
8504,0.7545
8505,0.7528
8506,0.7528
8507,0.752
8508,0.7519
8509,0.7525
8510,0.7537
8511,0.7537
8512,0.7523
8513,0.7514
8514,0.7548
8515,0.753
8516,0.7529
8517,0.7536
8518,0.7494
8519,0.7519
8520,0.7532
8521,0.7528
8522,0.7508
8523,0.7531
8524,0.7538
8525,0.753
8526,0.751
8527,0.7505
8528,0.7541
8529,0.7542
8530,0.7544
8531,0.7532
8532,0.7542
8533,0.7542
8534,0.754
8535,0.7521
8536,0.7555
8537,0.7527
8538,0.7551
8539,0.7543
8540,0.7557
8541,0.7576
8542,0.7561
8543,0.7558
8544,0.7534
8545,0.7556
8546,0.7569
8547,0.7566
8548,0.7551
8549,0.7561
8550,0.7559
8551,0.7563
8552,0.7563
8553,0.7547
8554,0.7558
8555,0.7561
8556,0.7561
8557,0.7547
8558,0.7551
8559,0.7537
8560,0.7552
8561,0.7547
8562,0.7554
8563,0.755
8564,0.7549
8565,0.7556
8566,0.7543
8567,0.7553
8568,0.7542
8569,0.7545
8570,0.7531
8571,0.7546
8572,0.7531
8573,0.7541
8574,0.7521
8575,0.7557
8576,0.7547
8577,0.7559
8578,0.7567
8579,0.7508
8580,0.7549
8581,0.7547
8582,0.7564
8583,0.756
8584,0.754
8585,0.7568
8586,0.756
8587,0.7546
8588,0.7586
8589,0.7547
8590,0.754
8591,0.7541
8592,0.7538
8593,0.7563
8594,0.7554
8595,0.7516
8596,0.7525
8597,0.7509
8598,0.7558
8599,0.7561
8600,0.7554
8601,0.7553
8602,0.7548
8603,0.7561
8604,0.7563
8605,0.7576
8606,0.7539
8607,0.7539
8608,0.7544
8609,0.7552
8610,0.7539
8611,0.753
8612,0.7544
8613,0.755
8614,0.7534
8615,0.7537
8616,0.7542
8617,0.7543
8618,0.7537
8619,0.7551
8620,0.7545
8621,0.7497
8622,0.7535
8623,0.7557
8624,0.7576
8625,0.7561
8626,0.7525
8627,0.7546
8628,0.7546
8629,0.7538
8630,0.7503
8631,0.7496
8632,0.7526
8633,0.7531
8634,0.7513
8635,0.755
8636,0.7542
8637,0.7532
8638,0.7542
8639,0.756
8640,0.7574
8641,0.757
8642,0.7568
8643,0.7563
8644,0.7554
8645,0.7557
8646,0.7555
8647,0.7552
8648,0.7565
8649,0.7572
8650,0.7562
8651,0.7564
8652,0.7571
8653,0.7568
8654,0.756
8655,0.7559
8656,0.7553
8657,0.753
8658,0.7542
8659,0.7529
8660,0.7554
8661,0.7561
8662,0.755
8663,0.7551
8664,0.7552
8665,0.7554
8666,0.7551
8667,0.7548
8668,0.7564
8669,0.7559
8670,0.7557
8671,0.7552
8672,0.7556
8673,0.7565
8674,0.7552
8675,0.7568
8676,0.7521
8677,0.7562
8678,0.7579
8679,0.7545
8680,0.7561
8681,0.7553
8682,0.7557
8683,0.7564
8684,0.7554
8685,0.7557
8686,0.7536
8687,0.7559
8688,0.7541
8689,0.7539
8690,0.7562
8691,0.7558
8692,0.7561
8693,0.7565
8694,0.7541
8695,0.7546
8696,0.755
8697,0.7551
8698,0.7519
8699,0.7539
8700,0.7499
8701,0.7508
8702,0.7519
8703,0.7527
8704,0.7526
8705,0.7545
8706,0.7549
8707,0.7527
8708,0.7533
8709,0.7548
8710,0.7542
8711,0.7543
8712,0.7544
8713,0.755
8714,0.7541
8715,0.7537
8716,0.7538
8717,0.7537
8718,0.7546
8719,0.7568
8720,0.7569
8721,0.7556
8722,0.7533
8723,0.7537
8724,0.7539
8725,0.7533
8726,0.7544
8727,0.7556
8728,0.7551
8729,0.7516
8730,0.7542
8731,0.7551
8732,0.7541
8733,0.7525
8734,0.7541
8735,0.7552
8736,0.7522
8737,0.7549
8738,0.7546
8739,0.7546
8740,0.7552
8741,0.7578
8742,0.7549
8743,0.7548
8744,0.7551
8745,0.7557
8746,0.7547
8747,0.7553
8748,0.7558
8749,0.7554
8750,0.7547
8751,0.7537
8752,0.7508
8753,0.753
8754,0.7557
8755,0.7565
8756,0.7541
8757,0.7527
8758,0.7555
8759,0.753
8760,0.7543
8761,0.7542
8762,0.7529
8763,0.7541
8764,0.7555
8765,0.7551
8766,0.7559
8767,0.7542
8768,0.7554
8769,0.7505
8770,0.7533
8771,0.756
8772,0.7573
8773,0.7556
8774,0.7567
8775,0.7563
8776,0.7567
8777,0.7555
8778,0.7548
8779,0.7563
8780,0.7555
8781,0.7569
8782,0.7554
8783,0.7574
8784,0.7565
8785,0.7575
8786,0.7572
8787,0.7543
8788,0.7543
8789,0.756
8790,0.7562
8791,0.7544
8792,0.755
8793,0.755
8794,0.7516
8795,0.7535
8796,0.7557
8797,0.7553
8798,0.7555
8799,0.7552
8800,0.7522
8801,0.7574
8802,0.7552
8803,0.7554
8804,0.7571
8805,0.7547
8806,0.756
8807,0.7568
8808,0.7567
8809,0.757
8810,0.7565
8811,0.7548
8812,0.7585
8813,0.7594
8814,0.7565
8815,0.7577
8816,0.7571
8817,0.7549
8818,0.7548
8819,0.7538
8820,0.7552
8821,0.7552
8822,0.7517
8823,0.7549
8824,0.7555
8825,0.7565
8826,0.755
8827,0.7548
8828,0.753
8829,0.7548
8830,0.755
8831,0.7553
8832,0.7568
8833,0.7554
8834,0.7533
8835,0.7558
8836,0.7541
8837,0.7533
8838,0.7554
8839,0.7557
8840,0.756
8841,0.7538
8842,0.7536
8843,0.7531
8844,0.7561
8845,0.7547
8846,0.7549
8847,0.7547
8848,0.754
8849,0.7512
8850,0.7538
8851,0.7534
8852,0.7534
8853,0.753
8854,0.7539
8855,0.7525
8856,0.7528
8857,0.7531
8858,0.7527
8859,0.7522
8860,0.7562
8861,0.7554
8862,0.7555
8863,0.7554
8864,0.7553
8865,0.756
8866,0.7553
8867,0.7535
8868,0.7534
8869,0.7531
8870,0.752
8871,0.7522
8872,0.7522
8873,0.7518
8874,0.7546
8875,0.7532
8876,0.7524
8877,0.7566
8878,0.756
8879,0.7541
8880,0.7547
8881,0.7545
8882,0.7516
8883,0.7551
8884,0.7542
8885,0.7551
8886,0.7552
8887,0.7548
8888,0.7532
8889,0.7545
8890,0.751
8891,0.7562
8892,0.7559
8893,0.7555
8894,0.7548
8895,0.7581
8896,0.758
8897,0.7561
8898,0.7559
8899,0.7555
8900,0.7535
8901,0.7548
8902,0.7533
8903,0.7539
8904,0.7536
8905,0.7552
8906,0.7549
8907,0.7564
8908,0.7554
8909,0.7561
8910,0.7553
8911,0.7545
8912,0.7557
8913,0.7552
8914,0.7542
8915,0.7531
8916,0.7532
8917,0.7524
8918,0.7549
8919,0.7559
8920,0.7556
8921,0.7599
8922,0.7666
8923,0.77
8924,0.7695
8925,0.7687
8926,0.7661
8927,0.7657
8928,0.763
8929,0.7641
8930,0.7627
8931,0.7591
8932,0.7641
8933,0.7657
8934,0.7649
8935,0.7648
8936,0.7645
8937,0.7643
8938,0.7659
8939,0.766
8940,0.7649
8941,0.7653
8942,0.7665
8943,0.7666
8944,0.7637
8945,0.7631
8946,0.763
8947,0.764
8948,0.7633
8949,0.7637
8950,0.7634
8951,0.7633
8952,0.7636
8953,0.7621
8954,0.7636
8955,0.7646
8956,0.7654
8957,0.7652
8958,0.7645
8959,0.764
8960,0.7601
8961,0.7645
8962,0.7656
8963,0.7646
8964,0.7641
8965,0.7659
8966,0.7616
8967,0.7655
8968,0.7648
8969,0.7648
8970,0.7648
8971,0.7657
8972,0.7643
8973,0.7636
8974,0.7636
8975,0.7637
8976,0.7643
8977,0.7622
8978,0.7606
8979,0.7637
8980,0.7652
8981,0.7643
8982,0.7642
8983,0.7632
8984,0.7634
8985,0.7647
8986,0.7636
8987,0.7618
8988,0.7643
8989,0.7628
8990,0.7604
8991,0.7632
8992,0.7634
8993,0.763
8994,0.7617
8995,0.7615
8996,0.7641
8997,0.761
8998,0.7637
8999,0.7642
9000,0.7639
9001,0.7632
9002,0.7607
9003,0.761
9004,0.7618
9005,0.7621
9006,0.7638
9007,0.7651
9008,0.7637
9009,0.7627
9010,0.7626
9011,0.7618
9012,0.7615
9013,0.7656
9014,0.7615
9015,0.7614
9016,0.7627
9017,0.7591
9018,0.7613
9019,0.7622
9020,0.7625
9021,0.7648
9022,0.7648
9023,0.7629
9024,0.7647
9025,0.7653
9026,0.764
9027,0.7623
9028,0.7621
9029,0.7656
9030,0.7645
9031,0.7638
9032,0.7635
9033,0.7626
9034,0.7629
9035,0.7634
9036,0.7648
9037,0.7641
9038,0.7643
9039,0.7646
9040,0.762
9041,0.7617
9042,0.764
9043,0.7657
9044,0.7646
9045,0.7638
9046,0.7645
9047,0.765
9048,0.7653
9049,0.7669
9050,0.7656
9051,0.7668
9052,0.7674
9053,0.7657
9054,0.7641
9055,0.7651
9056,0.7654
9057,0.7613
9058,0.7626
9059,0.7636
9060,0.7604
9061,0.7606
9062,0.7594
9063,0.7599
9064,0.763
9065,0.7601
9066,0.7638
9067,0.7619
9068,0.7581
9069,0.7617
9070,0.7622
9071,0.7628
9072,0.7627
9073,0.7638
9074,0.764
9075,0.762
9076,0.762
9077,0.7632
9078,0.7643
9079,0.7639
9080,0.7639
9081,0.7641
9082,0.7621
9083,0.7605
9084,0.7618
9085,0.7624
9086,0.7647
9087,0.7645
9088,0.7645
9089,0.7642
9090,0.7634
9091,0.765
9092,0.7649
9093,0.7638
9094,0.7655
9095,0.7655
9096,0.7647
9097,0.7625
9098,0.762
9099,0.7637
9100,0.7627
9101,0.7641
9102,0.7631
9103,0.7611
9104,0.7619
9105,0.7629
9106,0.7612
9107,0.7631
9108,0.7623
9109,0.7624
9110,0.7616
9111,0.7642
9112,0.7638
9113,0.7641
9114,0.7637
9115,0.7639
9116,0.7633
9117,0.7631
9118,0.7641
9119,0.7639
9120,0.763
9121,0.7627
9122,0.7635
9123,0.7632
9124,0.7644
9125,0.7638
9126,0.7625
9127,0.7647
9128,0.7646
9129,0.7652
9130,0.7633
9131,0.7646
9132,0.7628
9133,0.7644
9134,0.7633
9135,0.7632
9136,0.7644
9137,0.7627
9138,0.7632
9139,0.7631
9140,0.762
9141,0.763
9142,0.7611
9143,0.7623
9144,0.7607
9145,0.762
9146,0.7639
9147,0.7639
9148,0.7628
9149,0.7599
9150,0.7588
9151,0.7618
9152,0.761
9153,0.7604
9154,0.7608
9155,0.7616
9156,0.763
9157,0.7632
9158,0.7641
9159,0.763
9160,0.7624
9161,0.7608
9162,0.7599
9163,0.7621
9164,0.761
9165,0.7613
9166,0.7618
9167,0.7636
9168,0.7631
9169,0.7618
9170,0.7626
9171,0.762
9172,0.763
9173,0.7626
9174,0.7637
9175,0.7627
9176,0.7632
9177,0.7621
9178,0.7623
9179,0.7611
9180,0.7614
9181,0.7632
9182,0.7625
9183,0.7622
9184,0.762
9185,0.7625
9186,0.7603
9187,0.763
9188,0.7608
9189,0.7627
9190,0.7615
9191,0.7595
9192,0.7614
9193,0.7624
9194,0.7596
9195,0.7605
9196,0.7578
9197,0.7616
9198,0.7609
9199,0.7605
9200,0.7615
9201,0.7601
9202,0.7591
9203,0.7603
9204,0.7601
9205,0.7605
9206,0.7595
9207,0.7617
9208,0.7621
9209,0.7623
9210,0.761
9211,0.76
9212,0.7626
9213,0.7611
9214,0.761
9215,0.7584
9216,0.7601
9217,0.7562
9218,0.7607
9219,0.7603
9220,0.7591
9221,0.7584
9222,0.7605
9223,0.7587
9224,0.7597
9225,0.7618
9226,0.7609
9227,0.7619
9228,0.761
9229,0.7613
9230,0.762
9231,0.7619
9232,0.7611
9233,0.7606
9234,0.7598
9235,0.7608
9236,0.7596
9237,0.7607
9238,0.7594
9239,0.7605
9240,0.7586
9241,0.7595
9242,0.7608
9243,0.7602
9244,0.7602
9245,0.7595
9246,0.7605
9247,0.7606
9248,0.7591
9249,0.7603
9250,0.7597
9251,0.7583
9252,0.7589
9253,0.7588
9254,0.7541
9255,0.7581
9256,0.7586
9257,0.7598
9258,0.76
9259,0.7596
9260,0.7574
9261,0.7582
9262,0.7578
9263,0.7579
9264,0.7575
9265,0.7573
9266,0.757
9267,0.7548
9268,0.7538
9269,0.7542
9270,0.7566
9271,0.7561
9272,0.7578
9273,0.757
9274,0.7565
9275,0.7582
9276,0.757
9277,0.7572
9278,0.7571
9279,0.7577
9280,0.7575
9281,0.7559
9282,0.7541
9283,0.7577
9284,0.7579
9285,0.7582
9286,0.7587
9287,0.7594
9288,0.7581
9289,0.7574
9290,0.7577
9291,0.7556
9292,0.7566
9293,0.7557
9294,0.7551
9295,0.7546
9296,0.7556
9297,0.7569
9298,0.7574
9299,0.7552
9300,0.7571
9301,0.7565
9302,0.7559
9303,0.7549
9304,0.7569
9305,0.7552
9306,0.7558
9307,0.7548
9308,0.7547
9309,0.7541
9310,0.7533
9311,0.755
9312,0.7574
9313,0.7574
9314,0.7571
9315,0.757
9316,0.7571
9317,0.7575
9318,0.7548
9319,0.7559
9320,0.754
9321,0.7558
9322,0.7574
9323,0.7549
9324,0.7573
9325,0.7574
9326,0.7568
9327,0.7563
9328,0.7557
9329,0.7554
9330,0.7541
9331,0.7526
9332,0.7557
9333,0.7557
9334,0.7537
9335,0.7558
9336,0.7557
9337,0.7558
9338,0.7554
9339,0.7562
9340,0.756
9341,0.7552
9342,0.754
9343,0.7553
9344,0.7543
9345,0.7531
9346,0.752
9347,0.7564
9348,0.7555
9349,0.7558
9350,0.756
9351,0.7561
9352,0.758
9353,0.7549
9354,0.7534
9355,0.7529
9356,0.7549
9357,0.7576
9358,0.7569
9359,0.7565
9360,0.7561
9361,0.7556
9362,0.7547
9363,0.7552
9364,0.7528
9365,0.754
9366,0.7544
9367,0.7543
9368,0.7551
9369,0.7537
9370,0.754
9371,0.7535
9372,0.7519
9373,0.7511
9374,0.7504
9375,0.7539
9376,0.7545
9377,0.754
9378,0.7543
9379,0.754
9380,0.7527
9381,0.7542
9382,0.7547
9383,0.7542
9384,0.7528
9385,0.7545
9386,0.754
9387,0.7543
9388,0.756
9389,0.7553
9390,0.7574
9391,0.7551
9392,0.7523
9393,0.7533
9394,0.7531
9395,0.7556
9396,0.7554
9397,0.7555
9398,0.7557
9399,0.7559
9400,0.7522
9401,0.7532
9402,0.7543
9403,0.7541
9404,0.7516
9405,0.7554
9406,0.7534
9407,0.7532
9408,0.7525
9409,0.7504
9410,0.7582
9411,0.7592
9412,0.7578
9413,0.7517
9414,0.7524
9415,0.7535
9416,0.7533
9417,0.7529
9418,0.7522
9419,0.7523
9420,0.7508
9421,0.7521
9422,0.753
9423,0.7526
9424,0.754
9425,0.7537
9426,0.7552
9427,0.7569
9428,0.7558
9429,0.7562
9430,0.7568
9431,0.7561
9432,0.7565
9433,0.7565
9434,0.757
9435,0.7539
9436,0.7544
9437,0.7547
9438,0.7547
9439,0.754
9440,0.754
9441,0.7534
9442,0.7498
9443,0.752
9444,0.7526
9445,0.7542
9446,0.7536
9447,0.7544
9448,0.7513
9449,0.7522
9450,0.7526
9451,0.7546
9452,0.7543
9453,0.7555
9454,0.7541
9455,0.7536
9456,0.7553
9457,0.7544
9458,0.7539
9459,0.7564
9460,0.7561
9461,0.7554
9462,0.7537
9463,0.7536
9464,0.7527
9465,0.7519
9466,0.7531
9467,0.7534
9468,0.7495
9469,0.749
9470,0.7526
9471,0.7504
9472,0.7502
9473,0.7511
9474,0.7524
9475,0.7519
9476,0.7511
9477,0.7502
9478,0.7509
9479,0.754
9480,0.7537
9481,0.7546
9482,0.7561
9483,0.7544
9484,0.7553
9485,0.7537
9486,0.7529
9487,0.7534
9488,0.7509
9489,0.7529
9490,0.7535
9491,0.754
9492,0.7539
9493,0.7555
9494,0.7549
9495,0.7555
9496,0.7536
9497,0.7517
9498,0.7542
9499,0.7553
9500,0.7559
9501,0.7527
9502,0.755
9503,0.7562
9504,0.7553
9505,0.7554
9506,0.7557
9507,0.7569
9508,0.7545
9509,0.7568
9510,0.7568
9511,0.7555
9512,0.753
9513,0.754
9514,0.7552
9515,0.7538
9516,0.7546
9517,0.7548
9518,0.7565
9519,0.7563
9520,0.7548
9521,0.754
9522,0.7561
9523,0.7556
9524,0.7558
9525,0.756
9526,0.7511
9527,0.7555
9528,0.7558
9529,0.7559
9530,0.7541
9531,0.7541
9532,0.7569
9533,0.7551
9534,0.7529
9535,0.7554
9536,0.7545
9537,0.7498
9538,0.7533
9539,0.7539
9540,0.7544
9541,0.7514
9542,0.7549
9543,0.7542
9544,0.7543
9545,0.7555
9546,0.7562
9547,0.7559
9548,0.7558
9549,0.7554
9550,0.7542
9551,0.7583
9552,0.7553
9553,0.7529
9554,0.7546
9555,0.7554
9556,0.7532
9557,0.7528
9558,0.7522
9559,0.7538
9560,0.7533
9561,0.7517
9562,0.7541
9563,0.7537
9564,0.7555
9565,0.7556
9566,0.7559
9567,0.755
9568,0.754
9569,0.7541
9570,0.7546
9571,0.7543
9572,0.7545
9573,0.7551
9574,0.7547
9575,0.7601
9576,0.7581
9577,0.76
9578,0.7598
9579,0.7566
9580,0.7506
9581,0.7522
9582,0.7581
9583,0.7569
9584,0.7637
9585,0.7631
9586,0.7618
9587,0.7625
9588,0.7631
9589,0.7611
9590,0.76
9591,0.7604
9592,0.7603
9593,0.7589
9594,0.759
9595,0.7589
9596,0.759
9597,0.76
9598,0.7574
9599,0.7588
9600,0.7606
9601,0.7599
9602,0.7604
9603,0.7603
9604,0.7614
9605,0.7618
9606,0.7621
9607,0.7607
9608,0.7605
9609,0.7582
9610,0.7602
9611,0.7607
9612,0.7613
9613,0.7611
9614,0.7611
9615,0.7609
9616,0.7612
9617,0.7615
9618,0.7611
9619,0.7614
9620,0.7612
9621,0.7602
9622,0.7623
9623,0.7619
9624,0.7621
9625,0.7623
9626,0.761
9627,0.7623
9628,0.7612
9629,0.7612
9630,0.7603
9631,0.7587
9632,0.7607
9633,0.7594
9634,0.7603
9635,0.7599
9636,0.7599
9637,0.7588
9638,0.759
9639,0.7599
9640,0.7612
9641,0.7621
9642,0.7603
9643,0.7608
9644,0.7604
9645,0.7611
9646,0.7597
9647,0.7594
9648,0.7597
9649,0.7607
9650,0.7619
9651,0.7619
9652,0.7609
9653,0.7616
9654,0.7617
9655,0.7611
9656,0.7607
9657,0.7591
9658,0.7593
9659,0.7594
9660,0.7599
9661,0.7608
9662,0.7609
9663,0.7618
9664,0.7619
9665,0.763
9666,0.7596
9667,0.7593
9668,0.7621
9669,0.7616
9670,0.7587
9671,0.7598
9672,0.7582
9673,0.7593
9674,0.7619
9675,0.7601
9676,0.7597
9677,0.7579
9678,0.7615
9679,0.7621
9680,0.7615
9681,0.7608
9682,0.7593
9683,0.7584
9684,0.7598
9685,0.761
9686,0.7629
9687,0.7609
9688,0.7614
9689,0.7601
9690,0.7609
9691,0.7618
9692,0.7582
9693,0.7604
9694,0.7586
9695,0.7604
9696,0.7585
9697,0.757
9698,0.7566
9699,0.7591
9700,0.7593
9701,0.7587
9702,0.7598
9703,0.7586
9704,0.7549
9705,0.7555
9706,0.7566
9707,0.7564
9708,0.7575
9709,0.7613
9710,0.7608
9711,0.7606
9712,0.7611
9713,0.7608
9714,0.7619
9715,0.7601
9716,0.7588
9717,0.7586
9718,0.7575
9719,0.7596
9720,0.7586
9721,0.7596
9722,0.757
9723,0.7555
9724,0.7496
9725,0.756
9726,0.7535
9727,0.7585
9728,0.7582
9729,0.7586
9730,0.7562
9731,0.7545
9732,0.7528
9733,0.7501
9734,0.756
9735,0.7536
9736,0.7551
9737,0.7585
9738,0.7541
9739,0.7566
9740,0.757
9741,0.7574
9742,0.7568
9743,0.7555
9744,0.7551
9745,0.7563
9746,0.7583
9747,0.7574
9748,0.7579
9749,0.7568
9750,0.7558
9751,0.7553
9752,0.7583
9753,0.7585
9754,0.7588
9755,0.759
9756,0.7592
9757,0.7576
9758,0.7613
9759,0.7616
9760,0.7615
9761,0.7605
9762,0.7583
9763,0.7577
9764,0.76
9765,0.7606
9766,0.7595
9767,0.7607
9768,0.7606
9769,0.7598
9770,0.7602
9771,0.7624
9772,0.7623
9773,0.7597
9774,0.76
9775,0.7606
9776,0.7587
9777,0.7606
9778,0.7569
9779,0.7603
9780,0.7603
9781,0.7587
9782,0.7575
9783,0.7559
9784,0.7551
9785,0.7561
9786,0.756
9787,0.7577
9788,0.7558
9789,0.7588
9790,0.7576
9791,0.7575
9792,0.7617
9793,0.7606
9794,0.7583
9795,0.7596
9796,0.7603
9797,0.759
9798,0.758
9799,0.7584
9800,0.7566
9801,0.7552
9802,0.7593
9803,0.758
9804,0.7598
9805,0.76
9806,0.7603
9807,0.7601
9808,0.7602
9809,0.7593
9810,0.759
9811,0.7591
9812,0.7593
9813,0.7606
9814,0.7606
9815,0.7612
9816,0.7612
9817,0.7609
9818,0.7604
9819,0.7607
9820,0.7588
9821,0.7616
9822,0.7611
9823,0.7611
9824,0.7617
9825,0.7604
9826,0.7589
9827,0.7606
9828,0.762
9829,0.7626
9830,0.7631
9831,0.7638
9832,0.7587
9833,0.7615
9834,0.7635
9835,0.7628
9836,0.7636
9837,0.7634
9838,0.7652
9839,0.7656
9840,0.7677
9841,0.7669
9842,0.7674
9843,0.7675
9844,0.7674
9845,0.7683
9846,0.767
9847,0.7659
9848,0.7666
9849,0.7656
9850,0.7664
9851,0.7669
9852,0.7664
9853,0.766
9854,0.7651
9855,0.7662
9856,0.7651
9857,0.7639
9858,0.7665
9859,0.7664
9860,0.7668
9861,0.7674
9862,0.7654
9863,0.7664
9864,0.7669
9865,0.767
9866,0.7643
9867,0.7663
9868,0.7672
9869,0.7663
9870,0.7641
9871,0.7647
9872,0.7645
9873,0.7664
9874,0.7684
9875,0.7674
9876,0.7665
9877,0.7644
9878,0.7616
9879,0.7641
9880,0.7636
9881,0.7643
9882,0.7629
9883,0.7628
9884,0.7616
9885,0.7619
9886,0.7619
9887,0.7641
9888,0.7647
9889,0.7646
9890,0.7653
9891,0.7664
9892,0.7656
9893,0.7673
9894,0.7672
9895,0.764
9896,0.7641
9897,0.7637
9898,0.7663
9899,0.7662
9900,0.7671
9901,0.7671
9902,0.7675
9903,0.7674
9904,0.764
9905,0.765
9906,0.7664
9907,0.7669
9908,0.7642
9909,0.7628
9910,0.7627
9911,0.764
9912,0.7636
9913,0.7631
9914,0.7627
9915,0.7649
9916,0.7686
9917,0.767
9918,0.7654
9919,0.7644
9920,0.7663
9921,0.7652
9922,0.7662
9923,0.7662
9924,0.7676
9925,0.765
9926,0.7666
9927,0.7634
9928,0.7633
9929,0.7649
9930,0.7636
9931,0.7647
9932,0.7643
9933,0.7634
9934,0.7617
9935,0.7647
9936,0.7655
9937,0.7638
9938,0.7635
9939,0.7658
9940,0.7653
9941,0.7627
9942,0.764
9943,0.7632
9944,0.7656
9945,0.7654
9946,0.7661
9947,0.762
9948,0.7643
9949,0.7652
9950,0.7646
9951,0.7662
9952,0.7652
9953,0.7649
9954,0.7657
9955,0.7641
9956,0.767
9957,0.7663
9958,0.767
9959,0.7674
9960,0.7681
9961,0.7672
9962,0.7676
9963,0.7669
9964,0.7669
9965,0.7667
9966,0.7658
9967,0.7655
9968,0.7663
9969,0.7663
9970,0.7663
9971,0.7655
9972,0.7644
9973,0.7629
9974,0.7638
9975,0.7643
9976,0.7628
9977,0.7642
9978,0.7669
9979,0.7658
9980,0.7659
9981,0.7678
9982,0.7681
9983,0.7677
9984,0.7683
9985,0.7669
9986,0.7667
9987,0.7669
9988,0.7667
9989,0.7661
9990,0.7681
9991,0.7666
9992,0.7661
9993,0.7675
9994,0.7679
9995,0.7659
9996,0.764
9997,0.766
9998,0.7649
9999,0.7667
10000,0.7645
10001,0.7642
10002,0.7637
10003,0.761
10004,0.7651
10005,0.7676
10006,0.7662
10007,0.7644
10008,0.7666
10009,0.7665
10010,0.7663
10011,0.7673
10012,0.7671
10013,0.766
10014,0.7653
10015,0.765
10016,0.7654
10017,0.7653
10018,0.765
10019,0.7645
10020,0.7647
10021,0.7642
10022,0.7641
10023,0.7627
10024,0.7632
10025,0.7626
10026,0.7617
10027,0.7613
10028,0.7618
10029,0.7616
10030,0.7631
10031,0.7634
10032,0.764
10033,0.7628
10034,0.7599
10035,0.7625
10036,0.7627
10037,0.7642
10038,0.7643
10039,0.7644
10040,0.7657
10041,0.7651
10042,0.7654
10043,0.7645
10044,0.7652
10045,0.7661
10046,0.7657
10047,0.7657
10048,0.7672
10049,0.7665
10050,0.7664
10051,0.7646
10052,0.7653
10053,0.7612
10054,0.7653
10055,0.765
10056,0.7656
10057,0.765
10058,0.7662
10059,0.7659
10060,0.7646
10061,0.7642
10062,0.7656
10063,0.7653
10064,0.7629
10065,0.7646
10066,0.7652
10067,0.7646
10068,0.7634
10069,0.7657
10070,0.765
10071,0.7657
10072,0.7665
10073,0.7658
10074,0.7666
10075,0.766
10076,0.7645
10077,0.7648
10078,0.7655
10079,0.766
10080,0.7662
10081,0.7653
10082,0.7646
10083,0.7653
10084,0.7648
10085,0.7642
10086,0.764
10087,0.7648
10088,0.7626
10089,0.7636
10090,0.7659
10091,0.7646
10092,0.7639
10093,0.7639
10094,0.7641
10095,0.7656
10096,0.7628
10097,0.765
10098,0.7642
10099,0.7642
10100,0.7654
10101,0.7657
10102,0.7655
10103,0.7652
10104,0.7627
10105,0.7662
10106,0.7659
10107,0.7648
10108,0.7652
10109,0.7654
10110,0.7655
10111,0.7629
10112,0.7637
10113,0.7637
10114,0.7619
10115,0.7649
10116,0.7644
10117,0.7637
10118,0.7644
10119,0.7611
10120,0.7612
10121,0.7626
10122,0.763
10123,0.7637
10124,0.765
10125,0.7647
10126,0.7651
10127,0.7628
10128,0.7639
10129,0.7643
10130,0.7637
10131,0.7614
10132,0.764
10133,0.763
10134,0.761
10135,0.7647
10136,0.7648
10137,0.765
10138,0.764
10139,0.7664
10140,0.7658
10141,0.7648
10142,0.7651
10143,0.7656
10144,0.7647
10145,0.7652
10146,0.7647
10147,0.7645
10148,0.7626
10149,0.7642
10150,0.765
10151,0.7625
10152,0.7651
10153,0.7639
10154,0.7651
10155,0.7644
10156,0.7654
10157,0.7649
10158,0.7619
10159,0.7638
10160,0.7637
10161,0.7623
10162,0.7636
10163,0.7639
10164,0.7649
10165,0.7639
10166,0.7646
10167,0.7642
10168,0.7642
10169,0.7639
10170,0.765
10171,0.763
10172,0.7611
10173,0.7622
10174,0.7615
10175,0.7644
10176,0.7639
10177,0.7647
10178,0.7643
10179,0.7643
10180,0.7641
10181,0.7633
10182,0.7635
10183,0.7636
10184,0.7623
10185,0.7595
10186,0.7631
10187,0.7651
10188,0.7657
10189,0.7648
10190,0.7643
10191,0.7612
10192,0.7596
10193,0.7615
10194,0.7629
10195,0.7615
10196,0.7622
10197,0.7613
10198,0.7628
10199,0.765
10200,0.763
10201,0.7656
10202,0.7629
10203,0.7627
10204,0.7639
10205,0.7639
10206,0.7637
10207,0.7632
10208,0.7644
10209,0.7656
10210,0.7631
10211,0.7634
10212,0.7647
10213,0.7621
10214,0.7631
10215,0.7618
10216,0.7599
10217,0.759
10218,0.7627
10219,0.7634
10220,0.7642
10221,0.7643
10222,0.7651
10223,0.765
10224,0.7651
10225,0.7648
10226,0.7642
10227,0.7655
10228,0.7625
10229,0.7628
10230,0.7593
10231,0.758
10232,0.7588
10233,0.7579
10234,0.7576
10235,0.7587
10236,0.7627
10237,0.7618
10238,0.7625
10239,0.7633
10240,0.7646
10241,0.7643
10242,0.7622
10243,0.7629
10244,0.7624
10245,0.7645
10246,0.7635
10247,0.7605
10248,0.7609
10249,0.761
10250,0.761
10251,0.7599
10252,0.7628
10253,0.7632
10254,0.7634
10255,0.7627
10256,0.7639
10257,0.7636
10258,0.764
10259,0.7638
10260,0.7612
10261,0.7614
10262,0.7644
10263,0.764
10264,0.7611
10265,0.7636
10266,0.7634
10267,0.7633
10268,0.7634
10269,0.7632
10270,0.7633
10271,0.7634
10272,0.7636
10273,0.763
10274,0.7631
10275,0.7632
10276,0.763
10277,0.7646
10278,0.761
10279,0.7613
10280,0.7633
10281,0.7617
10282,0.763
10283,0.7627
10284,0.7614
10285,0.7629
10286,0.7628
10287,0.7628
10288,0.7619
10289,0.7642
10290,0.7634
10291,0.7624
10292,0.7607
10293,0.7593
10294,0.7602
10295,0.7612
10296,0.761
10297,0.7611
10298,0.7615
10299,0.7612
10300,0.7634
10301,0.7629
10302,0.7641
10303,0.7598
10304,0.7616
10305,0.7616
10306,0.7596
10307,0.7616
10308,0.7618
10309,0.7633
10310,0.7636
10311,0.7625
10312,0.7614
10313,0.7615
10314,0.7617
10315,0.7618
10316,0.761
10317,0.7616
10318,0.7627
10319,0.7627
10320,0.7632
10321,0.7634
10322,0.7616
10323,0.7618
10324,0.7607
10325,0.761
10326,0.7598
10327,0.7623
10328,0.7628
10329,0.7632
10330,0.7624
10331,0.7616
10332,0.76
10333,0.7571
10334,0.76
10335,0.7578
10336,0.7601
10337,0.7602
10338,0.7595
10339,0.7602
10340,0.7615
10341,0.7593
10342,0.7604
10343,0.7607
10344,0.7599
10345,0.7605
10346,0.7572
10347,0.7574
10348,0.7599
10349,0.7595
10350,0.7626
10351,0.7623
10352,0.7623
10353,0.7619
10354,0.762
10355,0.7624
10356,0.7617
10357,0.7618
10358,0.7621
10359,0.7611
10360,0.7609
10361,0.7612
10362,0.7614
10363,0.7605
10364,0.7591
10365,0.759
10366,0.7598
10367,0.76
10368,0.7597
10369,0.7613
10370,0.7583
10371,0.7594
10372,0.7606
10373,0.7597
10374,0.7601
10375,0.7583
10376,0.7582
10377,0.7585
10378,0.7594
10379,0.7605
10380,0.759
10381,0.7604
10382,0.7567
10383,0.756
10384,0.7594
10385,0.7597
10386,0.7602
10387,0.7603
10388,0.7599
10389,0.761
10390,0.76
10391,0.7625
10392,0.7599
10393,0.7578
10394,0.7609
10395,0.761
10396,0.76
10397,0.7572
10398,0.7573
10399,0.7598
10400,0.7591
10401,0.7607
10402,0.7592
10403,0.7598
10404,0.7602
10405,0.7601
10406,0.7608
10407,0.7615
10408,0.7587
10409,0.7604
10410,0.7604
10411,0.7592
10412,0.7587
10413,0.7589
10414,0.7597
10415,0.7612
10416,0.7594
10417,0.7592
10418,0.7603
10419,0.7577
10420,0.7588
10421,0.7591
10422,0.759
10423,0.7611
10424,0.7609
10425,0.7615
10426,0.762
10427,0.7588
10428,0.7601
10429,0.761
10430,0.7587
10431,0.7617
10432,0.76
10433,0.7585
10434,0.7595
10435,0.7596
10436,0.7575
10437,0.7566
10438,0.7612
10439,0.761
10440,0.7613
10441,0.7617
10442,0.7618
10443,0.7614
10444,0.7617
10445,0.7599
10446,0.7615
10447,0.7608
10448,0.7608
10449,0.7615
10450,0.7589
10451,0.7605
10452,0.7591
10453,0.7607
10454,0.7615
10455,0.7607
10456,0.7595
10457,0.7607
10458,0.7616
10459,0.7622
10460,0.7627
10461,0.7619
10462,0.7614
10463,0.7595
10464,0.7611
10465,0.7609
10466,0.7603
10467,0.7605
10468,0.7608
10469,0.7606
10470,0.7596
10471,0.7622
10472,0.7599
10473,0.763
10474,0.7608
10475,0.7616
10476,0.7597
10477,0.7601
10478,0.7614
10479,0.761
10480,0.7607
10481,0.7609
10482,0.7585
10483,0.7578
10484,0.7592
10485,0.7589
10486,0.76
10487,0.7598
10488,0.7603
10489,0.7585
10490,0.7591
10491,0.7577
10492,0.7586
10493,0.7555
10494,0.7555
10495,0.7591
10496,0.7608
10497,0.7608
10498,0.7604
10499,0.7589
10500,0.7587
10501,0.762
10502,0.7604
10503,0.7606
10504,0.7614
10505,0.7601
10506,0.7584
10507,0.7589
10508,0.7577
10509,0.7583
10510,0.7596
10511,0.761
10512,0.7613
10513,0.7607
10514,0.7597
10515,0.7592
10516,0.76
10517,0.7604
10518,0.7606
10519,0.7614
10520,0.7613
10521,0.7593
10522,0.7604
10523,0.7612
10524,0.7607
10525,0.7599
10526,0.7595
10527,0.761
10528,0.7597
10529,0.7605
10530,0.7603
10531,0.76
10532,0.7585
10533,0.7614
10534,0.7571
10535,0.7596
10536,0.7604
10537,0.7611
10538,0.7588
10539,0.7597
10540,0.7598
10541,0.76
10542,0.7616
10543,0.7622
10544,0.7611
10545,0.7602
10546,0.7605
10547,0.7605
10548,0.7576
10549,0.7606
10550,0.7617
10551,0.759
10552,0.7592
10553,0.7593
10554,0.7586
10555,0.7592
10556,0.7602
10557,0.7597
10558,0.7598
10559,0.7602
10560,0.7593
10561,0.7608
10562,0.7609
10563,0.761
10564,0.7597
10565,0.7595
10566,0.7601
10567,0.7581
10568,0.7582
10569,0.759
10570,0.7603
10571,0.7609
10572,0.7611
10573,0.7611
10574,0.759
10575,0.7584
10576,0.7594
10577,0.7597
10578,0.7581
10579,0.7588
10580,0.7593
10581,0.7576
10582,0.7585
10583,0.7591
10584,0.7602
10585,0.7593
10586,0.7594
10587,0.7593
10588,0.7594
10589,0.7598
10590,0.7604
10591,0.7581
10592,0.7593
10593,0.7587
10594,0.7587
10595,0.7583
10596,0.7605
10597,0.7605
10598,0.7611
10599,0.7604
10600,0.76
10601,0.7598
10602,0.7601
10603,0.7591
10604,0.7584
10605,0.7578
10606,0.7576
10607,0.7567
10608,0.7587
10609,0.7584
10610,0.7578
10611,0.759
10612,0.7603
10613,0.7602
10614,0.7604
10615,0.7595
10616,0.7595
10617,0.7578
10618,0.7603
10619,0.7604
10620,0.7602
10621,0.7586
10622,0.7578
10623,0.7578
10624,0.7603
10625,0.7595
10626,0.7599
10627,0.7584
10628,0.7599
10629,0.7583
10630,0.7592
10631,0.7598
10632,0.7588
10633,0.7577
10634,0.7576
10635,0.7575
10636,0.758
10637,0.7578
10638,0.7576
10639,0.7588
10640,0.7578
10641,0.7591
10642,0.7596
10643,0.7607
10644,0.7596
10645,0.7586
10646,0.7594
10647,0.7585
10648,0.7587
10649,0.7586
10650,0.7585
10651,0.7568
10652,0.7576
10653,0.7588
10654,0.7596
10655,0.7594
10656,0.7572
10657,0.761
10658,0.7593
10659,0.7592
10660,0.7574
10661,0.7589
10662,0.7593
10663,0.7592
10664,0.7586
10665,0.7584
10666,0.7588
10667,0.7568
10668,0.7576
10669,0.7592
10670,0.7596
10671,0.7602
10672,0.7593
10673,0.7601
10674,0.7613
10675,0.7612
10676,0.7586
10677,0.7595
10678,0.7582
10679,0.7586
10680,0.7594
10681,0.759
10682,0.7606
10683,0.7608
10684,0.7585
10685,0.7585
10686,0.7596
10687,0.7597
10688,0.7551
10689,0.7582
10690,0.7572
10691,0.7573
10692,0.7586
10693,0.7583
10694,0.7586
10695,0.7582
10696,0.7577
10697,0.7594
10698,0.7572
10699,0.7576
10700,0.7595
10701,0.7598
10702,0.7608
10703,0.7603
10704,0.7611
10705,0.76
10706,0.759
10707,0.7599
10708,0.7582
10709,0.7595
10710,0.7591
10711,0.7598
10712,0.7605
10713,0.7606
10714,0.7602
10715,0.7601
10716,0.7595
10717,0.7589
10718,0.7593
10719,0.7598
10720,0.7597
10721,0.7605
10722,0.7605
10723,0.7601
10724,0.7607
10725,0.7607
10726,0.7619
10727,0.7605
10728,0.7603
10729,0.7598
10730,0.7598
10731,0.7593
10732,0.7592
10733,0.7574
10734,0.7606
10735,0.759
10736,0.7576
10737,0.7593
10738,0.7599
10739,0.7596
10740,0.7592
10741,0.7584
10742,0.7561
10743,0.7572
10744,0.7583
10745,0.7592
10746,0.7564
10747,0.7588
10748,0.7594
10749,0.76
10750,0.7585
10751,0.7586
10752,0.7589
10753,0.7585
10754,0.7578
10755,0.7563
10756,0.7574
10757,0.7583
10758,0.7586
10759,0.7599
10760,0.7589
10761,0.7563
10762,0.7587
10763,0.7585
10764,0.7586
10765,0.7592
10766,0.756
10767,0.7581
10768,0.7588
10769,0.758
10770,0.7578
10771,0.7574
10772,0.7582
10773,0.7591
10774,0.7591
10775,0.7592
10776,0.7594
10777,0.7596
10778,0.7569
10779,0.7603
10780,0.7609
10781,0.7604
10782,0.759
10783,0.7601
10784,0.7602
10785,0.7602
10786,0.76
10787,0.7587
10788,0.7584
10789,0.7561
10790,0.7585
10791,0.7588
10792,0.7591
10793,0.7568
10794,0.7579
10795,0.7567
10796,0.7581
10797,0.7571
10798,0.7566
10799,0.758
10800,0.7582
10801,0.7574
10802,0.7585
10803,0.7585
10804,0.7573
10805,0.7571
10806,0.7554
10807,0.7563
10808,0.7561
10809,0.7572
10810,0.7578
10811,0.7576
10812,0.7591
10813,0.7586
10814,0.7598
10815,0.7596
10816,0.7587
10817,0.7591
10818,0.7581
10819,0.759
10820,0.7597
10821,0.7601
10822,0.7605
10823,0.7614
10824,0.7609
10825,0.76
10826,0.7572
10827,0.76
10828,0.7598
10829,0.7589
10830,0.7589
10831,0.7594
10832,0.7587
10833,0.7578
10834,0.7606
10835,0.7587
10836,0.7579
10837,0.758
10838,0.7561
10839,0.7567
10840,0.7561
10841,0.7579
10842,0.7576
10843,0.7558
10844,0.757
10845,0.7584
10846,0.7565
10847,0.7573
10848,0.757
10849,0.7582
10850,0.7595
10851,0.7604
10852,0.7608
10853,0.7606
10854,0.7586
10855,0.7591
10856,0.76
10857,0.7621
10858,0.7603
10859,0.7603
10860,0.7591
10861,0.7593
10862,0.759
10863,0.759
10864,0.76
10865,0.7592
10866,0.7604
10867,0.7599
10868,0.759
10869,0.759
10870,0.7593
10871,0.7589
10872,0.7589
10873,0.7576
10874,0.7598
10875,0.7592
10876,0.7586
10877,0.7567
10878,0.7583
10879,0.7586
10880,0.7573
10881,0.7591
10882,0.7555
10883,0.7571
10884,0.7581
10885,0.7576
10886,0.7582
10887,0.7582
10888,0.758
10889,0.7585
10890,0.7604
10891,0.761
10892,0.761
10893,0.7586
10894,0.7607
10895,0.7597
10896,0.761
10897,0.7612
10898,0.761
10899,0.7621
10900,0.7622
10901,0.7605
10902,0.7587
10903,0.7594
10904,0.7594
10905,0.7587
10906,0.759
10907,0.7575
10908,0.7581
10909,0.7563
10910,0.7584
10911,0.758
10912,0.759
10913,0.7601
10914,0.7599
10915,0.7601
10916,0.7581
10917,0.7581
10918,0.7596
10919,0.756
10920,0.7574
10921,0.7596
10922,0.7574
10923,0.7581
10924,0.7585
10925,0.7603
10926,0.7613
10927,0.7607
10928,0.7601
10929,0.762
10930,0.7609
10931,0.7621
10932,0.7592
10933,0.7602
10934,0.7589
10935,0.759
10936,0.7577
10937,0.7578
10938,0.7595
10939,0.7602
10940,0.7591
10941,0.7584
10942,0.758
10943,0.7591
10944,0.7598
10945,0.7601
10946,0.759
10947,0.7613
10948,0.7605
10949,0.7613
10950,0.7591
10951,0.7608
10952,0.7611
10953,0.7614
10954,0.7617
10955,0.7607
10956,0.7611
10957,0.7606
10958,0.7625
10959,0.7597
10960,0.7623
10961,0.7598
10962,0.7612
10963,0.7619
10964,0.7625
10965,0.7632
10966,0.7628
10967,0.7642
10968,0.7629
10969,0.7627
10970,0.7607
10971,0.7618
10972,0.7612
10973,0.7619
10974,0.763
10975,0.7636
10976,0.7625
10977,0.7636
10978,0.7628
10979,0.761
10980,0.7634
10981,0.7639
10982,0.7645
10983,0.7628
10984,0.7617
10985,0.7614
10986,0.7628
10987,0.761
10988,0.7622
10989,0.7636
10990,0.762
10991,0.7631
10992,0.7629
10993,0.7631
10994,0.7633
10995,0.7595
10996,0.7613
10997,0.7613
10998,0.7606
10999,0.7626
11000,0.7631
11001,0.7613
11002,0.7621
11003,0.7639
11004,0.7632
11005,0.764
11006,0.7626
11007,0.7602
11008,0.7592
11009,0.7609
11010,0.7626
11011,0.7623
11012,0.7596
11013,0.761
11014,0.7649
11015,0.759
11016,0.7618
11017,0.7614
11018,0.7634
11019,0.7644
11020,0.762
11021,0.7617
11022,0.7605
11023,0.7634
11024,0.765
11025,0.7633
11026,0.7625
11027,0.7634
11028,0.7642
11029,0.764
11030,0.7617
11031,0.7633
11032,0.7625
11033,0.7637
11034,0.7645
11035,0.7625
11036,0.7628
11037,0.7631
11038,0.7625
11039,0.7646
11040,0.7642
11041,0.7642
11042,0.764
11043,0.7647
11044,0.7611
11045,0.7625
11046,0.7636
11047,0.7607
11048,0.7617
11049,0.7641
11050,0.7649
11051,0.7648
11052,0.7642
11053,0.7623
11054,0.7652
11055,0.765
11056,0.763
11057,0.7624
11058,0.7621
11059,0.7625
11060,0.7635
11061,0.764
11062,0.7644
11063,0.7639
11064,0.7646
11065,0.7644
11066,0.7657
11067,0.7639
11068,0.7635
11069,0.7624
11070,0.7609
11071,0.763
11072,0.7637
11073,0.7642
11074,0.7628
11075,0.7645
11076,0.7646
11077,0.7654
11078,0.7657
11079,0.7647
11080,0.7633
11081,0.7638
11082,0.7622
11083,0.7619
11084,0.76
11085,0.7618
11086,0.7641
11087,0.7642
11088,0.7644
11089,0.7649
11090,0.7645
11091,0.7644
11092,0.7652
11093,0.7617
11094,0.7615
11095,0.7613
11096,0.7599
11097,0.7612
11098,0.7615
11099,0.763
11100,0.7627
11101,0.7616
11102,0.7643
11103,0.7631
11104,0.7614
11105,0.7611
11106,0.7625
11107,0.763
11108,0.763
11109,0.7615
11110,0.7618
11111,0.7617
11112,0.7634
11113,0.7629
11114,0.7614
11115,0.762
11116,0.761
11117,0.761
11118,0.7623
11119,0.7623
11120,0.7636
11121,0.761
11122,0.7609
11123,0.7618
11124,0.7619
11125,0.7636
11126,0.7645
11127,0.7642
11128,0.7624
11129,0.763
11130,0.7633
11131,0.7627
11132,0.7632
11133,0.7633
11134,0.763
11135,0.7628
11136,0.7646
11137,0.7653
11138,0.7645
11139,0.7561
11140,0.763
11141,0.7647
11142,0.7648
11143,0.7613
11144,0.7618
11145,0.7617
11146,0.7635
11147,0.7623
11148,0.7618
11149,0.7617
11150,0.7622
11151,0.7635
11152,0.7638
11153,0.7644
11154,0.7621
11155,0.7623
11156,0.7605
11157,0.7617
11158,0.7633
11159,0.7612
11160,0.7622
11161,0.7623
11162,0.763
11163,0.7634
11164,0.764
11165,0.7625
11166,0.7626
11167,0.7649
11168,0.7621
11169,0.7632
11170,0.7645
11171,0.7632
11172,0.7621
11173,0.7635
11174,0.7622
11175,0.7618
11176,0.7633
11177,0.7632
11178,0.76
11179,0.763
11180,0.7637
11181,0.7627
11182,0.7635
11183,0.764
11184,0.7635
11185,0.7625
11186,0.7617
11187,0.7608
11188,0.7632
11189,0.7623
11190,0.7643
11191,0.7638
11192,0.7619
11193,0.7628
11194,0.762
11195,0.7634
11196,0.7637
11197,0.7638
11198,0.7625
11199,0.7614
11200,0.7626
11201,0.7612
11202,0.7634
11203,0.764
11204,0.7639
11205,0.7636
11206,0.7631
11207,0.7612
11208,0.7612
11209,0.7638
11210,0.7624
11211,0.761
11212,0.7636
11213,0.7607
11214,0.7613
11215,0.7632
11216,0.7616
11217,0.7617
11218,0.763
11219,0.7618
11220,0.7619
11221,0.7622
11222,0.762
11223,0.7636
11224,0.7634
11225,0.7633
11226,0.7629
11227,0.7638
11228,0.7606
11229,0.7611
11230,0.7615
11231,0.7632
11232,0.7587
11233,0.7614
11234,0.7634
11235,0.7622
11236,0.7604
11237,0.7619
11238,0.7623
11239,0.7635
11240,0.7641
11241,0.7631
11242,0.7627
11243,0.7633
11244,0.7631
11245,0.7634
11246,0.7632
11247,0.7614
11248,0.7627
11249,0.7643
11250,0.7634
11251,0.7627
11252,0.7624
11253,0.7636
11254,0.761
11255,0.7617
11256,0.7639
11257,0.7624
11258,0.762
11259,0.7646
11260,0.7646
11261,0.7647
11262,0.7649
11263,0.7648
11264,0.7686
11265,0.7677
11266,0.7698
11267,0.766
11268,0.762
11269,0.7631
11270,0.7638
11271,0.7637
11272,0.7639
11273,0.7641
11274,0.7631
11275,0.765
11276,0.7646
11277,0.7649
11278,0.766
11279,0.7665
11280,0.7652
11281,0.7646
11282,0.7629
11283,0.7633
11284,0.7649
11285,0.7631
11286,0.7627
11287,0.7628
11288,0.7633
11289,0.7636
11290,0.7626
11291,0.7635
11292,0.7638
11293,0.7637
11294,0.7639
11295,0.7623
11296,0.764
11297,0.7605
11298,0.7651
11299,0.7651
11300,0.765
11301,0.7625
11302,0.7643
11303,0.7648
11304,0.7662
11305,0.7647
11306,0.7662
11307,0.7665
11308,0.7672
11309,0.7662
11310,0.766
11311,0.7677
11312,0.765
11313,0.7629
11314,0.7641
11315,0.7643
11316,0.7639
11317,0.7654
11318,0.7659
11319,0.7659
11320,0.765
11321,0.7632
11322,0.7629
11323,0.763
11324,0.7627
11325,0.7627
11326,0.7616
11327,0.7641
11328,0.7647
11329,0.7642
11330,0.7624
11331,0.7643
11332,0.7648
11333,0.7623
11334,0.7638
11335,0.7625
11336,0.7609
11337,0.7628
11338,0.7621
11339,0.7617
11340,0.7622
11341,0.7616
11342,0.7596
11343,0.7614
11344,0.7612
11345,0.7609
11346,0.7617
11347,0.762
11348,0.7604
11349,0.7594
11350,0.758
11351,0.7588
11352,0.7591
11353,0.7591
11354,0.7607
11355,0.7592
11356,0.7588
11357,0.7587
11358,0.7583
11359,0.7566
11360,0.7583
11361,0.7587
11362,0.7595
11363,0.7604
11364,0.7594
11365,0.7591
11366,0.7583
11367,0.7602
11368,0.7594
11369,0.7586
11370,0.7596
11371,0.7572
11372,0.7606
11373,0.7594
11374,0.7599
11375,0.7592
11376,0.7588
11377,0.7601
11378,0.7603
11379,0.7592
11380,0.762
11381,0.761
11382,0.7602
11383,0.7609
11384,0.7612
11385,0.7593
11386,0.7592
11387,0.7603
11388,0.756
11389,0.7573
11390,0.7587
11391,0.7584
11392,0.7572
11393,0.7588
11394,0.7578
11395,0.7579
11396,0.7574
11397,0.7592
11398,0.7594
11399,0.7587
11400,0.7596
11401,0.759
11402,0.7571
11403,0.7575
11404,0.7553
11405,0.7582
11406,0.7583
11407,0.7549
11408,0.757
11409,0.7569
11410,0.7577
11411,0.7569
11412,0.7562
11413,0.7592
11414,0.7566
11415,0.7568
11416,0.7594
11417,0.7569
11418,0.755
11419,0.756
11420,0.7576
11421,0.7597
11422,0.7576
11423,0.7561
11424,0.7574
11425,0.7574
11426,0.7526
11427,0.7575
11428,0.7579
11429,0.7562
11430,0.7568
11431,0.7578
11432,0.7588
11433,0.7573
11434,0.7574
11435,0.7559
11436,0.7566
11437,0.7566
11438,0.7574
11439,0.7557
11440,0.7576
11441,0.7581
11442,0.7581
11443,0.759
11444,0.7602
11445,0.7592
11446,0.7575
11447,0.7581
11448,0.7581
11449,0.7593
11450,0.7582
11451,0.7585
11452,0.7566
11453,0.7575
11454,0.7566
11455,0.7584
11456,0.7555
11457,0.7568
11458,0.7581
11459,0.7571
11460,0.7554
11461,0.7547
11462,0.7582
11463,0.7577
11464,0.7579
11465,0.7554
11466,0.7575
11467,0.7567
11468,0.7578
11469,0.7574
11470,0.7575
11471,0.7579
11472,0.7586
11473,0.754
11474,0.7566
11475,0.7576
11476,0.7582
11477,0.7551
11478,0.7566
11479,0.7567
11480,0.7577
11481,0.7586
11482,0.7584
11483,0.7575
11484,0.7579
11485,0.7579
11486,0.7564
11487,0.758
11488,0.755
11489,0.7557
11490,0.7561
11491,0.7556
11492,0.7552
11493,0.7581
11494,0.7582
11495,0.7572
11496,0.7574
11497,0.7575
11498,0.7556
11499,0.7573
11500,0.7579
11501,0.7561
11502,0.7555
11503,0.7557
11504,0.7575
11505,0.7588
11506,0.7576
11507,0.7545
11508,0.7541
11509,0.7575
11510,0.7555
11511,0.7582
11512,0.7578
11513,0.7584
11514,0.7595
11515,0.755
11516,0.7568
11517,0.7561
11518,0.7589
11519,0.7588
11520,0.7588
11521,0.7581
11522,0.759
11523,0.7573
11524,0.7557
11525,0.7577
11526,0.7582
11527,0.7585
11528,0.7586
11529,0.7593
11530,0.7579
11531,0.7594
11532,0.7592
11533,0.7589
11534,0.7593
11535,0.7574
11536,0.7588
11537,0.7588
11538,0.7596
11539,0.76
11540,0.7591
11541,0.7591
11542,0.7596
11543,0.7581
11544,0.7585
11545,0.7587
11546,0.7587
11547,0.7582
11548,0.7588
11549,0.7579
11550,0.7561
11551,0.7582
11552,0.7588
11553,0.7592
11554,0.7588
11555,0.7569
11556,0.7574
11557,0.7588
11558,0.7573
11559,0.759
11560,0.7594
11561,0.7597
11562,0.7596
11563,0.7579
11564,0.7593
11565,0.7572
11566,0.7561
11567,0.7574
11568,0.7584
11569,0.7578
11570,0.7587
11571,0.7579
11572,0.7599
11573,0.7594
11574,0.7573
11575,0.7582
11576,0.7588
11577,0.7578
11578,0.7583
11579,0.7581
11580,0.7588
11581,0.7581
11582,0.7587
11583,0.7588
11584,0.76
11585,0.7595
11586,0.7587
11587,0.7584
11588,0.7558
11589,0.7589
11590,0.7585
11591,0.7587
11592,0.7585
11593,0.7588
11594,0.7586
11595,0.7582
11596,0.7562
11597,0.7566
11598,0.7568
11599,0.7581
11600,0.7573
11601,0.7563
11602,0.7557
11603,0.7561
11604,0.758
11605,0.7545
11606,0.757
11607,0.7578
11608,0.7564
11609,0.756
11610,0.7568
11611,0.7566
11612,0.7567
11613,0.7577
11614,0.7555
11615,0.7558
11616,0.7554
11617,0.7579
11618,0.7573
11619,0.7572
11620,0.7552
11621,0.758
11622,0.7586
11623,0.7539
11624,0.7575
11625,0.7563
11626,0.7571
11627,0.7585
11628,0.759
11629,0.7578
11630,0.7576
11631,0.7561
11632,0.7569
11633,0.756
11634,0.7543
11635,0.7543
11636,0.7563
11637,0.7557
11638,0.7569
11639,0.756
11640,0.7552
11641,0.7547
11642,0.7559
11643,0.7571
11644,0.7586
11645,0.7584
11646,0.7588
11647,0.7572
11648,0.7589
11649,0.7587
11650,0.7584
11651,0.7579
11652,0.7567
11653,0.7561
11654,0.7568
11655,0.7553
11656,0.7582
11657,0.7585
11658,0.7572
11659,0.7584
11660,0.7573
11661,0.7563
11662,0.7559
11663,0.7523
11664,0.756
11665,0.7573
11666,0.7581
11667,0.758
11668,0.758
11669,0.7558
11670,0.7576
11671,0.7564
11672,0.7578
11673,0.7568
11674,0.7582
11675,0.7571
11676,0.7585
11677,0.7571
11678,0.7579
11679,0.7568
11680,0.7569
11681,0.7559
11682,0.7579
11683,0.7571
11684,0.7582
11685,0.7586
11686,0.758
11687,0.7582
11688,0.7582
11689,0.7587
11690,0.7589
11691,0.758
11692,0.7584
11693,0.7581
11694,0.7544
11695,0.7551
11696,0.7567
11697,0.7567
11698,0.757
11699,0.7578
11700,0.7574
11701,0.7588
11702,0.7587
11703,0.7568
11704,0.7574
11705,0.759
11706,0.7578
11707,0.7571
11708,0.7553
11709,0.7585
11710,0.7575
11711,0.7556
11712,0.7564
11713,0.7567
11714,0.7565
11715,0.7567
11716,0.758
11717,0.7586
11718,0.759
11719,0.757
11720,0.758
11721,0.7597
11722,0.7596
11723,0.7594
11724,0.7597
11725,0.7586
11726,0.7576
11727,0.7582
11728,0.7586
11729,0.7589
11730,0.7572
11731,0.7583
11732,0.7587
11733,0.758
11734,0.7569
11735,0.7563
11736,0.7558
11737,0.7575
11738,0.7585
11739,0.7583
11740,0.7552
11741,0.7563
11742,0.7577
11743,0.7561
11744,0.7544
11745,0.7571
11746,0.7574
11747,0.7581
11748,0.7579
11749,0.7574
11750,0.758
11751,0.7581
11752,0.7581
11753,0.758
11754,0.7583
11755,0.7591
11756,0.7593
11757,0.7591
11758,0.7559
11759,0.7575
11760,0.7583
11761,0.7586
11762,0.7566
11763,0.7592
11764,0.7567
11765,0.758
11766,0.7579
11767,0.7578
11768,0.7578
11769,0.7582
11770,0.7572
11771,0.7578
11772,0.7581
11773,0.7588
11774,0.7588
11775,0.759
11776,0.7595
11777,0.7582
11778,0.7599
11779,0.7593
11780,0.7585
11781,0.7599
11782,0.7572
11783,0.7564
11784,0.7561
11785,0.7568
11786,0.759
11787,0.7596
11788,0.759
11789,0.758
11790,0.7567
11791,0.7587
11792,0.7583
11793,0.7582
11794,0.7575
11795,0.7558
11796,0.7575
11797,0.7573
11798,0.7593
11799,0.7585
11800,0.7578
11801,0.7563
11802,0.7562
11803,0.7566
11804,0.7566
11805,0.7545
11806,0.7573
11807,0.7556
11808,0.7573
11809,0.7574
11810,0.7575
11811,0.7581
11812,0.757
11813,0.7565
11814,0.7582
11815,0.7557
11816,0.7575
11817,0.7582
11818,0.7577
11819,0.7582
11820,0.7584
11821,0.7594
11822,0.7588
11823,0.7587
11824,0.7569
11825,0.7566
11826,0.7595
11827,0.7598
11828,0.7583
11829,0.7573
11830,0.7589
11831,0.7594
11832,0.7592
11833,0.7598
11834,0.7592
11835,0.757
11836,0.7581
11837,0.756
11838,0.7601
11839,0.7583
11840,0.7595
11841,0.7597
11842,0.7591
11843,0.7588
11844,0.7586
11845,0.7594
11846,0.7587
11847,0.7595
11848,0.7593
11849,0.759
11850,0.7588
11851,0.7585
11852,0.7583
11853,0.7587
11854,0.7594
11855,0.7571
11856,0.7565
11857,0.7585
11858,0.759
11859,0.7598
11860,0.7575
11861,0.759
11862,0.7585
11863,0.7592
11864,0.7601
11865,0.7598
11866,0.7598
11867,0.7593
11868,0.7581
11869,0.758
11870,0.759
11871,0.758
11872,0.7581
11873,0.7583
11874,0.7587
11875,0.7582
11876,0.7558
11877,0.7579
11878,0.7586
11879,0.7587
11880,0.7595
11881,0.7586
11882,0.7584
11883,0.7586
11884,0.7579
11885,0.7585
11886,0.7584
11887,0.7573
11888,0.7574
11889,0.7578
11890,0.7591
11891,0.7589
11892,0.7587
11893,0.7572
11894,0.757
11895,0.7586
11896,0.7565
11897,0.76
11898,0.7591
11899,0.7589
11900,0.758
11901,0.7588
11902,0.759
11903,0.7589
11904,0.759
11905,0.7587
11906,0.7586
11907,0.7593
11908,0.7593
11909,0.7597
11910,0.7591
11911,0.7596
11912,0.7588
11913,0.7592
11914,0.7591
11915,0.7572
11916,0.7587
11917,0.759
11918,0.7589
11919,0.7589
11920,0.7588
11921,0.7576
11922,0.7584
11923,0.7587
11924,0.7586
11925,0.7574
11926,0.7589
11927,0.7579
11928,0.7582
11929,0.7568
11930,0.7583
11931,0.7584
11932,0.7588
11933,0.7576
11934,0.7571
11935,0.7567
11936,0.7577
11937,0.759
11938,0.7593
11939,0.7581
11940,0.7585
11941,0.758
11942,0.7585
11943,0.7584
11944,0.7573
11945,0.7573
11946,0.7584
11947,0.7579
11948,0.7593
11949,0.7594
11950,0.7597
11951,0.7594
11952,0.7596
11953,0.7601
11954,0.7596
11955,0.7603
11956,0.7602
11957,0.7547
11958,0.757
11959,0.7581
11960,0.7567
11961,0.7567
11962,0.7585
11963,0.7583
11964,0.7595
11965,0.7595
11966,0.7578
11967,0.7603
11968,0.7585
11969,0.7596
11970,0.7596
11971,0.7581
11972,0.7592
11973,0.7584
11974,0.7582
11975,0.757
11976,0.7583
11977,0.7589
11978,0.7588
11979,0.76
11980,0.7591
11981,0.76
11982,0.7584
11983,0.757
11984,0.7585
11985,0.7577
11986,0.7593
11987,0.76
11988,0.7591
11989,0.7591
11990,0.7585
11991,0.7586
11992,0.7586
11993,0.7584
11994,0.7572
11995,0.7595
11996,0.7575
11997,0.758
11998,0.7569
11999,0.7581
12000,0.7576
12001,0.7566
12002,0.7584
12003,0.7565
12004,0.758
12005,0.7588
12006,0.7594
12007,0.758
12008,0.7568
12009,0.7569
12010,0.7581
12011,0.759
12012,0.7575
12013,0.7593
12014,0.7565
12015,0.7575
12016,0.7588
12017,0.7595
12018,0.7602
12019,0.7595
12020,0.7595
12021,0.7599
12022,0.7566
12023,0.7549
12024,0.7564
12025,0.7562
12026,0.7576
12027,0.7589
12028,0.7579
12029,0.759
12030,0.7591
12031,0.7587
12032,0.758
12033,0.7575
12034,0.7572
12035,0.7565
12036,0.7575
12037,0.7577
12038,0.7583
12039,0.7585
12040,0.7573
12041,0.7585
12042,0.7581
12043,0.7587
12044,0.7588
12045,0.7576
12046,0.7552
12047,0.758
12048,0.7579
12049,0.7566
12050,0.756
12051,0.7547
12052,0.754
12053,0.7579
12054,0.7565
12055,0.7568
12056,0.7561
12057,0.7563
12058,0.7586
12059,0.7584
12060,0.7578
12061,0.7582
12062,0.7583
12063,0.758
12064,0.7588
12065,0.7585
12066,0.7564
12067,0.7566
12068,0.7591
12069,0.7574
12070,0.7557
12071,0.7569
12072,0.7577
12073,0.7564
12074,0.7577
12075,0.7583
12076,0.7598
12077,0.7581
12078,0.7591
12079,0.7566
12080,0.7567
12081,0.7581
12082,0.7579
12083,0.758
12084,0.7568
12085,0.759
12086,0.7558
12087,0.7572
12088,0.7575
12089,0.7586
12090,0.7585
12091,0.7578
12092,0.7565
12093,0.7585
12094,0.7589
12095,0.7578
12096,0.7574
12097,0.7578
12098,0.7579
12099,0.758
12100,0.7595
12101,0.7575
12102,0.7596
12103,0.759
12104,0.7592
12105,0.7585
12106,0.7575
12107,0.7581
12108,0.7592
12109,0.7587
12110,0.7577
12111,0.7586
12112,0.7558
12113,0.7579
12114,0.7582
12115,0.7572
12116,0.758
12117,0.7588
12118,0.7596
12119,0.7563
12120,0.7586
12121,0.7576
12122,0.7571
12123,0.7585
12124,0.7582
12125,0.7588
12126,0.7578
12127,0.7585
12128,0.7593
12129,0.756
12130,0.7589
12131,0.7598
12132,0.7584
12133,0.758
12134,0.7582
12135,0.7574
12136,0.7561
12137,0.7571
12138,0.7575
12139,0.7587
12140,0.7587
12141,0.7589
12142,0.7567
12143,0.759
12144,0.759
12145,0.7581
12146,0.758
12147,0.7586
12148,0.7593
12149,0.7592
12150,0.7574
12151,0.7589
12152,0.759
12153,0.7573
12154,0.7572
12155,0.7589
12156,0.7581
12157,0.7596
12158,0.7578
12159,0.759
12160,0.7592
12161,0.7589
12162,0.7593
12163,0.7589
12164,0.7592
12165,0.7592
12166,0.7598
12167,0.7598
12168,0.7608
12169,0.7594
12170,0.7595
12171,0.7596
12172,0.7592
12173,0.7604
12174,0.7591
12175,0.7576
12176,0.7571
12177,0.758
12178,0.7584
12179,0.7592
12180,0.7583
12181,0.7582
12182,0.7592
12183,0.7595
12184,0.7589
12185,0.7588
12186,0.759
12187,0.7597
12188,0.7594
12189,0.7594
12190,0.7603
12191,0.7597
12192,0.76
12193,0.7605
12194,0.7611
12195,0.7601
12196,0.7597
12197,0.7596
12198,0.7589
12199,0.7586
12200,0.7581
12201,0.7586
12202,0.7591
12203,0.7575
12204,0.7597
12205,0.7583
12206,0.7579
12207,0.7596
12208,0.7597
12209,0.7582
12210,0.7589
12211,0.7602
12212,0.7584
12213,0.7593
12214,0.758
12215,0.7591
12216,0.7579
12217,0.759
12218,0.7593
12219,0.7598
12220,0.759
12221,0.7599
12222,0.7581
12223,0.7587
12224,0.7581
12225,0.7581
12226,0.7596
12227,0.7602
12228,0.7602
12229,0.7582
12230,0.7603
12231,0.7587
12232,0.7585
12233,0.7597
12234,0.7596
12235,0.7603
12236,0.7606
12237,0.7597
12238,0.7606
12239,0.7596
12240,0.7594
12241,0.7601
12242,0.7577
12243,0.759
12244,0.7586
12245,0.7584
12246,0.7591
12247,0.7594
12248,0.7565
12249,0.7579
12250,0.7594
12251,0.7592
12252,0.7599
12253,0.76
12254,0.7593
12255,0.7579
12256,0.7605
12257,0.7593
12258,0.7571
12259,0.7587
12260,0.7589
12261,0.759
12262,0.7578
12263,0.7579
12264,0.7591
12265,0.7574
12266,0.7588
12267,0.759
12268,0.759
12269,0.7586
12270,0.7571
12271,0.7582
12272,0.7575
12273,0.7587
12274,0.7581
12275,0.7586
12276,0.7576
12277,0.7595
12278,0.7604
12279,0.758
12280,0.7574
12281,0.7596
12282,0.7592
12283,0.7591
12284,0.7596
12285,0.7597
12286,0.7595
12287,0.7587
12288,0.7572
12289,0.7574
12290,0.7585
12291,0.7596
12292,0.7567
12293,0.7583
12294,0.7577
12295,0.7591
12296,0.7585
12297,0.759
12298,0.7569
12299,0.7607
12300,0.7599
12301,0.7604
12302,0.7613
12303,0.7608
12304,0.7611
12305,0.7602
12306,0.7587
12307,0.7593
12308,0.7599
12309,0.7593
12310,0.7594
12311,0.7599
12312,0.7599
12313,0.7585
12314,0.7595
12315,0.7581
12316,0.7584
12317,0.759
12318,0.759
12319,0.7585
12320,0.7572
12321,0.7586
12322,0.7583
12323,0.7574
12324,0.7565
12325,0.7585
12326,0.7588
12327,0.7583
12328,0.7584
12329,0.7587
12330,0.7596
12331,0.7601
12332,0.7578
12333,0.7579
12334,0.7547
12335,0.7575
12336,0.7574
12337,0.7581
12338,0.7588
12339,0.7575
12340,0.7579
12341,0.7586
12342,0.759
12343,0.7591
12344,0.757
12345,0.7598
12346,0.758
12347,0.7602
12348,0.7602
12349,0.7607
12350,0.7603
12351,0.7598
12352,0.7597
12353,0.7584
12354,0.7583
12355,0.7581
12356,0.7574
12357,0.7582
12358,0.7586
12359,0.7606
12360,0.7589
12361,0.7569
12362,0.7593
12363,0.7593
12364,0.759
12365,0.7579
12366,0.7586
12367,0.7586
12368,0.7601
12369,0.7572
12370,0.7591
12371,0.7586
12372,0.7578
12373,0.7557
12374,0.7569
12375,0.7586
12376,0.7587
12377,0.7569
12378,0.7581
12379,0.7584
12380,0.7579
12381,0.7581
12382,0.757
12383,0.7588
12384,0.7578
12385,0.7589
12386,0.7575
12387,0.7601
12388,0.7604
12389,0.7598
12390,0.7591
12391,0.7565
12392,0.7569
12393,0.7584
12394,0.7596
12395,0.756
12396,0.7593
12397,0.7587
12398,0.7595
12399,0.7585
12400,0.7573
12401,0.7581
12402,0.7587
12403,0.7593
12404,0.7591
12405,0.7575
12406,0.757
12407,0.7596
12408,0.7597
12409,0.7569
12410,0.7575
12411,0.7572
12412,0.7579
12413,0.7586
12414,0.7595
12415,0.7603
12416,0.7604
12417,0.7588
12418,0.757
12419,0.7572
12420,0.7586
12421,0.7584
12422,0.7582
12423,0.7579
12424,0.7572
12425,0.7576
12426,0.7574
12427,0.758
12428,0.7581
12429,0.7552
12430,0.7583
12431,0.758
12432,0.7572
12433,0.7592
12434,0.7602
12435,0.7592
12436,0.7585
12437,0.7593
12438,0.7592
12439,0.7599
12440,0.7595
12441,0.759
12442,0.7586
12443,0.7573
12444,0.7592
12445,0.759
12446,0.7596
12447,0.7596
12448,0.7573
12449,0.7563
12450,0.7575
12451,0.7579
12452,0.7562
12453,0.7557
12454,0.757
12455,0.7585
12456,0.7598
12457,0.7579
12458,0.7586
12459,0.7589
12460,0.7575
12461,0.7585
12462,0.7588
12463,0.7587
12464,0.7583
12465,0.7588
12466,0.7579
12467,0.7583
12468,0.7576
12469,0.7583
12470,0.7572
12471,0.7576
12472,0.759
12473,0.7592
12474,0.7592
12475,0.7598
12476,0.7581
12477,0.7596
12478,0.7604
12479,0.761
12480,0.7603
12481,0.7596
12482,0.7588
12483,0.7584
12484,0.7577
12485,0.7581
12486,0.7582
12487,0.7585
12488,0.7596
12489,0.7593
12490,0.7578
12491,0.7596
12492,0.759
12493,0.759
12494,0.7568
12495,0.7605
12496,0.7591
12497,0.759
12498,0.7586
12499,0.7598
12500,0.76
12501,0.7585
12502,0.7585
12503,0.7555
12504,0.7572
12505,0.7577
12506,0.7581
12507,0.7571
12508,0.7591
12509,0.7588
12510,0.7584
12511,0.7597
12512,0.759
12513,0.7586
12514,0.7591
12515,0.7584
12516,0.7588
12517,0.7548
12518,0.7575
12519,0.7586
12520,0.7593
12521,0.7592
12522,0.7587
12523,0.7589
12524,0.7589
12525,0.7594
12526,0.7591
12527,0.7593
12528,0.7573
12529,0.7603
12530,0.7591
12531,0.76
12532,0.7582
12533,0.7588
12534,0.7588
12535,0.7571
12536,0.7576
12537,0.7575
12538,0.7578
12539,0.7578
12540,0.7575
12541,0.7577
12542,0.7564
12543,0.7553
12544,0.7566
12545,0.7564
12546,0.7572
12547,0.7564
12548,0.7591
12549,0.7588
12550,0.7569
12551,0.7573
12552,0.7575
12553,0.7578
12554,0.7589
12555,0.7578
12556,0.7588
12557,0.7607
12558,0.7607
12559,0.76
12560,0.7591
12561,0.7607
12562,0.7585
12563,0.7582
12564,0.7618
12565,0.7604
12566,0.7591
12567,0.7587
12568,0.7574
12569,0.7586
12570,0.76
12571,0.7597
12572,0.7584
12573,0.7594
12574,0.7603
12575,0.7596
12576,0.7588
12577,0.7604
12578,0.7617
12579,0.7576
12580,0.759
12581,0.7588
12582,0.7595
12583,0.7605
12584,0.7603
12585,0.7594
12586,0.7602
12587,0.7607
12588,0.76
12589,0.7605
12590,0.7602
12591,0.76
12592,0.761
12593,0.7615
12594,0.7614
12595,0.7613
12596,0.762
12597,0.7608
12598,0.76
12599,0.7609
12600,0.7599
12601,0.7613
12602,0.7603
12603,0.7599
12604,0.7613
12605,0.7613
12606,0.7601
12607,0.7594
12608,0.7588
12609,0.761
12610,0.7608
12611,0.7617
12612,0.7586
12613,0.7577
12614,0.7595
12615,0.7598
12616,0.7597
12617,0.76
12618,0.7591
12619,0.7596
12620,0.7601
12621,0.7591
12622,0.7584
12623,0.7585
12624,0.7595
12625,0.759
12626,0.7579
12627,0.7585
12628,0.7595
12629,0.7593
12630,0.7583
12631,0.7596
12632,0.7601
12633,0.7594
12634,0.7567
12635,0.7587
12636,0.759
12637,0.7584
12638,0.7587
12639,0.7597
12640,0.7595
12641,0.7588
12642,0.7584
12643,0.759
12644,0.7577
12645,0.759
12646,0.7587
12647,0.759
12648,0.7594
12649,0.7585
12650,0.7587
12651,0.758
12652,0.7596
12653,0.7584
12654,0.7595
12655,0.7596
12656,0.7592
12657,0.7584
12658,0.7586
12659,0.7599
12660,0.7603
12661,0.7594
12662,0.7587
12663,0.7597
12664,0.7601
12665,0.7602
12666,0.7606
12667,0.76
12668,0.7592
12669,0.7593
12670,0.7605
12671,0.7595
12672,0.7592
12673,0.7599
12674,0.7602
12675,0.7592
12676,0.7599
12677,0.7587
12678,0.76
12679,0.7597
12680,0.7597
12681,0.7578
12682,0.7602
12683,0.7595
12684,0.7588
12685,0.7596
12686,0.7597
12687,0.7603
12688,0.7598
12689,0.7601
12690,0.7594
12691,0.7596
12692,0.7599
12693,0.7601
12694,0.7585
12695,0.7597
12696,0.7607
12697,0.7605
12698,0.7599
12699,0.7597
12700,0.7594
12701,0.7595
12702,0.7587
12703,0.7606
12704,0.7599
12705,0.7598
12706,0.7602
12707,0.7585
12708,0.7588
12709,0.7596
12710,0.7605
12711,0.7583
12712,0.7598
12713,0.7592
12714,0.76
12715,0.7605
12716,0.76
12717,0.7592
12718,0.7596
12719,0.7605
12720,0.7602
12721,0.7602
12722,0.7587
12723,0.7595
12724,0.7594
12725,0.7595
12726,0.7595
12727,0.7588
12728,0.7605
12729,0.7592
12730,0.7592
12731,0.7596
12732,0.759
12733,0.7599
12734,0.7595
12735,0.7597
12736,0.76
12737,0.7591
12738,0.7584
12739,0.759
12740,0.7593
12741,0.7584
12742,0.7585
12743,0.7587
12744,0.7594
12745,0.7597
12746,0.7589
12747,0.7599
12748,0.7575
12749,0.7584
12750,0.759
12751,0.7587
12752,0.7582
12753,0.7599
12754,0.7594
12755,0.76
12756,0.7592
12757,0.7591
12758,0.7592
12759,0.7582
12760,0.7587
12761,0.7586
12762,0.758
12763,0.759
12764,0.7578
12765,0.7591
12766,0.76
12767,0.7598
12768,0.76
12769,0.7602
12770,0.7604
12771,0.7597
12772,0.7599
12773,0.7585
12774,0.7603
12775,0.7625
12776,0.7634
12777,0.7635
12778,0.7629
12779,0.7618
12780,0.7602
12781,0.7612
12782,0.7623
12783,0.763
12784,0.7635
12785,0.7621
12786,0.7603
12787,0.7629
12788,0.7627
12789,0.7617
12790,0.763
12791,0.7627
12792,0.7631
12793,0.7623
12794,0.7632
12795,0.7629
12796,0.7626
12797,0.7629
12798,0.7626
12799,0.7626
12800,0.7633
12801,0.7624
12802,0.763
12803,0.7631
12804,0.7625
12805,0.7634
12806,0.7634
12807,0.7632
12808,0.762
12809,0.7595
12810,0.7616
12811,0.7624
12812,0.7624
12813,0.7624
12814,0.7625
12815,0.7612
12816,0.7626
12817,0.7618
12818,0.7625
12819,0.7619
12820,0.7619
12821,0.7606
12822,0.7622
12823,0.762
12824,0.762
12825,0.7627
12826,0.7636
12827,0.7635
12828,0.7614
12829,0.7613
12830,0.762
12831,0.7629
12832,0.7621
12833,0.762
12834,0.7608
12835,0.7612
12836,0.7618
12837,0.764
12838,0.764
12839,0.7633
12840,0.7612
12841,0.7619
12842,0.7617
12843,0.7618
12844,0.761
12845,0.762
12846,0.7617
12847,0.7612
12848,0.7618
12849,0.7619
12850,0.7618
12851,0.7623
12852,0.7622
12853,0.7608
12854,0.76
12855,0.7619
12856,0.7618
12857,0.7617
12858,0.7612
12859,0.7618
12860,0.7615
12861,0.7595
12862,0.7597
12863,0.7607
12864,0.7608
12865,0.7609
12866,0.7598
12867,0.7611
12868,0.7605
12869,0.7613
12870,0.7635
12871,0.7599
12872,0.7618
12873,0.7603
12874,0.7614
12875,0.7622
12876,0.7626
12877,0.7623
12878,0.7633
12879,0.7624
12880,0.7617
12881,0.7617
12882,0.7614
12883,0.7623
12884,0.7627
12885,0.7629
12886,0.763
12887,0.7608
12888,0.7618
12889,0.7621
12890,0.7626
12891,0.7624
12892,0.7608
12893,0.7619
12894,0.763
12895,0.7629
12896,0.7628
12897,0.7624
12898,0.7631
12899,0.7571
12900,0.7628
12901,0.7623
12902,0.7634
12903,0.7634
12904,0.7629
12905,0.7648
12906,0.7649
12907,0.7633
12908,0.7637
12909,0.7643
12910,0.764
12911,0.7647
12912,0.7645
12913,0.7647
12914,0.7647
12915,0.7643
12916,0.7639
12917,0.7646
12918,0.7654
12919,0.7652
12920,0.7644
12921,0.7644
12922,0.7641
12923,0.7641
12924,0.7637
12925,0.7629
12926,0.7627
12927,0.7629
12928,0.7634
12929,0.7627
12930,0.7638
12931,0.7636
12932,0.7627
12933,0.7639
12934,0.7637
12935,0.7641
12936,0.7642
12937,0.7644
12938,0.7647
12939,0.7624
12940,0.7623
12941,0.7642
12942,0.7629
12943,0.763
12944,0.7622
12945,0.7636
12946,0.764
12947,0.7634
12948,0.7644
12949,0.763
12950,0.7649
12951,0.7617
12952,0.7631
12953,0.7637
12954,0.764
12955,0.7641
12956,0.7637
12957,0.7627
12958,0.7633
12959,0.7628
12960,0.762
12961,0.7618
12962,0.7628
12963,0.7627
12964,0.7619
12965,0.7629
12966,0.7622
12967,0.7623
12968,0.7625
12969,0.7628
12970,0.7621
12971,0.764
12972,0.7633
12973,0.7634
12974,0.7636
12975,0.7625
12976,0.7613
12977,0.7621
12978,0.7619
12979,0.7623
12980,0.7626
12981,0.764
12982,0.7625
12983,0.7629
12984,0.7621
12985,0.7628
12986,0.7629
12987,0.7627
12988,0.7626
12989,0.7631
12990,0.7618
12991,0.7622
12992,0.7618
12993,0.7621
12994,0.7619
12995,0.762
12996,0.7608
12997,0.7619
12998,0.7611
12999,0.7615
13000,0.7619
13001,0.7616
13002,0.7606
13003,0.7621
13004,0.7618
13005,0.7623
13006,0.7625
13007,0.7628
13008,0.7627
13009,0.7617
13010,0.7619
13011,0.7622
13012,0.7617
13013,0.7621
13014,0.7628
13015,0.7625
13016,0.7628
13017,0.763
13018,0.7627
13019,0.7628
13020,0.7629
13021,0.7636
13022,0.7619
13023,0.7619
13024,0.7618
13025,0.7631
13026,0.7639
13027,0.7627
13028,0.7623
13029,0.7621
13030,0.762
13031,0.7627
13032,0.7625
13033,0.7625
13034,0.7629
13035,0.7607
13036,0.761
13037,0.7619
13038,0.7614
13039,0.7604
13040,0.7625
13041,0.7618
13042,0.7622
13043,0.7625
13044,0.7631
13045,0.7637
13046,0.7633
13047,0.7621
13048,0.7612
13049,0.7636
13050,0.7634
13051,0.7642
13052,0.7618
13053,0.7624
13054,0.7614
13055,0.7629
13056,0.7623
13057,0.7635
13058,0.7613
13059,0.762
13060,0.7623
13061,0.7619
13062,0.7618
13063,0.7591
13064,0.7601
13065,0.76
13066,0.7628
13067,0.7632
13068,0.7624
13069,0.7623
13070,0.7625
13071,0.7626
13072,0.7609
13073,0.7627
13074,0.7636
13075,0.7604
13076,0.7626
13077,0.7627
13078,0.7626
13079,0.7625
13080,0.7613
13081,0.7629
13082,0.762
13083,0.7631
13084,0.7629
13085,0.7613
13086,0.763
13087,0.7626
13088,0.7605
13089,0.7623
13090,0.7632
13091,0.7617
13092,0.762
13093,0.762
13094,0.7626
13095,0.763
13096,0.7638
13097,0.763
13098,0.7627
13099,0.7623
13100,0.7628
13101,0.7629
13102,0.7637
13103,0.7634
13104,0.7629
13105,0.7636
13106,0.7621
13107,0.7631
13108,0.7633
13109,0.7638
13110,0.7626
13111,0.7626
13112,0.7631
13113,0.7638
13114,0.7631
13115,0.7639
13116,0.7635
13117,0.7637
13118,0.7624
13119,0.7638
13120,0.7637
13121,0.7631
13122,0.7619
13123,0.7624
13124,0.7613
13125,0.7614
13126,0.7622
13127,0.7625
13128,0.7636
13129,0.7619
13130,0.7621
13131,0.7618
13132,0.7633
13133,0.7634
13134,0.7611
13135,0.7609
13136,0.7617
13137,0.7633
13138,0.7609
13139,0.7621
13140,0.7618
13141,0.7626
13142,0.7628
13143,0.7625
13144,0.7615
13145,0.7615
13146,0.7624
13147,0.7628
13148,0.7615
13149,0.7633
13150,0.7624
13151,0.7619
13152,0.7624
13153,0.7621
13154,0.7628
13155,0.7625
13156,0.7617
13157,0.7621
13158,0.7632
13159,0.7632
13160,0.7684
13161,0.7656
13162,0.7667
13163,0.7667
13164,0.7668
13165,0.7666
13166,0.7669
13167,0.7657
13168,0.7652
13169,0.7636
13170,0.7632
13171,0.7642
13172,0.7642
13173,0.7642
13174,0.765
13175,0.7643
13176,0.7631
13177,0.7637
13178,0.763
13179,0.7638
13180,0.7636
13181,0.7638
13182,0.7646
13183,0.7649
13184,0.764
13185,0.764
13186,0.7638
13187,0.764
13188,0.7629
13189,0.7618
13190,0.7629
13191,0.7633
13192,0.7639
13193,0.7642
13194,0.7637
13195,0.7649
13196,0.7649
13197,0.7642
13198,0.7653
13199,0.7638
13200,0.7641
13201,0.7624
13202,0.7627
13203,0.7631
13204,0.7611
13205,0.7628
13206,0.7619
13207,0.7632
13208,0.7651
13209,0.7648
13210,0.7649
13211,0.765
13212,0.7646
13213,0.764
13214,0.7641
13215,0.7625
13216,0.7638
13217,0.7638
13218,0.7615
13219,0.7639
13220,0.7641
13221,0.7646
13222,0.7641
13223,0.7651
13224,0.765
13225,0.7652
13226,0.7649
13227,0.7651
13228,0.7624
13229,0.7637
13230,0.7611
13231,0.7641
13232,0.7645
13233,0.7643
13234,0.7645
13235,0.7643
13236,0.7636
13237,0.7629
13238,0.763
13239,0.7636
13240,0.7637
13241,0.7644
13242,0.765
13243,0.7646
13244,0.7646
13245,0.7643
13246,0.7631
13247,0.7644
13248,0.7647
13249,0.7644
13250,0.7646
13251,0.7651
13252,0.7648
13253,0.7646
13254,0.769
13255,0.771
13256,0.7638
13257,0.7715
13258,0.7662
13259,0.7657
13260,0.771
13261,0.7706
13262,0.7708
13263,0.7703
13264,0.7685
13265,0.7688
13266,0.771
13267,0.7715
13268,0.7703
13269,0.769
13270,0.7711
13271,0.7705
13272,0.7706
13273,0.771
13274,0.77
13275,0.7704
13276,0.7662
13277,0.7729
13278,0.772
13279,0.772
13280,0.773
13281,0.7724
13282,0.7709
13283,0.7721
13284,0.7724
13285,0.7679
13286,0.7672
13287,0.7747
13288,0.7739
13289,0.7743
13290,0.7748
13291,0.7696
13292,0.7679
13293,0.7691
13294,0.7678
13295,0.7689
13296,0.7695
13297,0.7693
13298,0.7696
13299,0.771
13300,0.7697
13301,0.7692
13302,0.7698
13303,0.77
13304,0.7699
13305,0.7694
13306,0.7689
13307,0.7685
13308,0.7678
13309,0.7692
13310,0.7693
13311,0.7696
13312,0.7698
13313,0.7688
13314,0.7685
13315,0.7706
13316,0.7695
13317,0.7678
13318,0.7682
13319,0.77
13320,0.7696
13321,0.7688
13322,0.7704
13323,0.7706
13324,0.7682
13325,0.77
13326,0.7699
13327,0.7679
13328,0.7698
13329,0.7703
13330,0.7683
13331,0.7697
13332,0.7703
13333,0.7702
13334,0.7703
13335,0.7702
13336,0.7708
13337,0.7703
13338,0.7705
13339,0.7681
13340,0.7691
13341,0.7703
13342,0.7708
13343,0.7706
13344,0.7706
13345,0.7712
13346,0.769
13347,0.7695
13348,0.7703
13349,0.77
13350,0.7703
13351,0.7702
13352,0.7694
13353,0.7697
13354,0.7706
13355,0.7704
13356,0.7693
13357,0.769
13358,0.7695
13359,0.7716
13360,0.7715
13361,0.7717
13362,0.7704
13363,0.7699
13364,0.7707
13365,0.7707
13366,0.77
13367,0.7704
13368,0.7696
13369,0.7698
13370,0.7693
13371,0.7691
13372,0.7698
13373,0.7705
13374,0.7708
13375,0.7699
13376,0.7689
13377,0.77
13378,0.7704
13379,0.77
13380,0.7689
13381,0.7704
13382,0.7706
13383,0.7701
13384,0.7707
13385,0.7709
13386,0.7709
13387,0.7709
13388,0.7705
13389,0.77
13390,0.7692
13391,0.7711
13392,0.7699
13393,0.7703
13394,0.7706
13395,0.7704
13396,0.7712
13397,0.771
13398,0.7713
13399,0.7715
13400,0.7703
13401,0.7709
13402,0.771
13403,0.7695
13404,0.7708
13405,0.7701
13406,0.7704
13407,0.7654
13408,0.7671
13409,0.7653
13410,0.7657
13411,0.7668
13412,0.767
13413,0.7684
13414,0.769
13415,0.7682
13416,0.7679
13417,0.7677
13418,0.7675
13419,0.7675
13420,0.7695
13421,0.7692
13422,0.7692
13423,0.7695
13424,0.7694
13425,0.7695
13426,0.7694
13427,0.7697
13428,0.7705
13429,0.7709
13430,0.7699
13431,0.7704
13432,0.7697
13433,0.7694
13434,0.77
13435,0.7697
13436,0.7694
13437,0.7694
13438,0.7698
13439,0.7685
13440,0.7684
13441,0.7686
13442,0.7693
13443,0.769
13444,0.77
13445,0.7695
13446,0.7702
13447,0.7698
13448,0.7693
13449,0.7696
13450,0.7701
13451,0.7685
13452,0.7695
13453,0.7685
13454,0.769
13455,0.7693
13456,0.771
13457,0.7692
13458,0.7691
13459,0.7701
13460,0.769
13461,0.7689
13462,0.7694
13463,0.7697
13464,0.7698
13465,0.7694
13466,0.7705
13467,0.7697
13468,0.7695
13469,0.7701
13470,0.7709
13471,0.7677
13472,0.7697
13473,0.7706
13474,0.7704
13475,0.7708
13476,0.77
13477,0.7695
13478,0.7702
13479,0.7681
13480,0.7683
13481,0.7688
13482,0.7691
13483,0.7691
13484,0.7687
13485,0.7695
13486,0.7689
13487,0.7689
13488,0.769
13489,0.7698
13490,0.769
13491,0.768
13492,0.7698
13493,0.7693
13494,0.7697
13495,0.7691
13496,0.7691
13497,0.769
13498,0.7693
13499,0.7697
13500,0.7691
13501,0.7697
13502,0.7704
13503,0.7705
13504,0.7704
13505,0.7699
13506,0.77
13507,0.77
13508,0.7696
13509,0.7702
13510,0.7706
13511,0.7701
13512,0.7693
13513,0.7689
13514,0.7685
13515,0.7691
13516,0.7689
13517,0.7695
13518,0.7695
13519,0.7697
13520,0.7701
13521,0.7698
13522,0.7695
13523,0.7709
13524,0.7689
13525,0.7681
13526,0.7692
13527,0.7695
13528,0.7691
13529,0.7692
13530,0.7683
13531,0.7688
13532,0.7686
13533,0.7688
13534,0.7688
13535,0.7665
13536,0.7683
13537,0.7675
13538,0.7686
13539,0.7692
13540,0.7677
13541,0.7691
13542,0.7697
13543,0.7688
13544,0.7681
13545,0.7692
13546,0.7672
13547,0.7701
13548,0.7694
13549,0.7694
13550,0.7695
13551,0.7689
13552,0.7684
13553,0.769
13554,0.7684
13555,0.7686
13556,0.7674
13557,0.7672
13558,0.7689
13559,0.7682
13560,0.7685
13561,0.7683
13562,0.7687
13563,0.7688
13564,0.7697
13565,0.7694
13566,0.7695
13567,0.7676
13568,0.768
13569,0.7687
13570,0.7686
13571,0.7676
13572,0.7672
13573,0.7673
13574,0.7669
13575,0.7676
13576,0.7671
13577,0.7669
13578,0.7688
13579,0.7687
13580,0.7683
13581,0.7688
13582,0.7693
13583,0.7699
13584,0.7694
13585,0.7693
13586,0.7672
13587,0.768
13588,0.7684
13589,0.7694
13590,0.7697
13591,0.77
13592,0.7694
13593,0.7696
13594,0.7664
13595,0.7691
13596,0.7692
13597,0.7686
13598,0.7687
13599,0.768
13600,0.7689
13601,0.7683
13602,0.7698
13603,0.7695
13604,0.7678
13605,0.7693
13606,0.7695
13607,0.7677
13608,0.7684
13609,0.7673
13610,0.7662
13611,0.7688
13612,0.7688
13613,0.7684
13614,0.7687
13615,0.7686
13616,0.7688
13617,0.7684
13618,0.7674
13619,0.7677
13620,0.7682
13621,0.7676
13622,0.7681
13623,0.7687
13624,0.7684
13625,0.769
13626,0.7682
13627,0.769
13628,0.7691
13629,0.7665
13630,0.7664
13631,0.7674
13632,0.7672
13633,0.7659
13634,0.7676
13635,0.7673
13636,0.7662
13637,0.767
13638,0.7666
13639,0.7677
13640,0.7665
13641,0.7659
13642,0.7657
13643,0.7663
13644,0.7673
13645,0.7673
13646,0.7675
13647,0.7675
13648,0.7653
13649,0.766
13650,0.7664
13651,0.7669
13652,0.7668
13653,0.7662
13654,0.7677
13655,0.7671
13656,0.7678
13657,0.768
13658,0.7672
13659,0.7682
13660,0.766
13661,0.7678
13662,0.7676
13663,0.7639
13664,0.7675
13665,0.7682
13666,0.7683
13667,0.7683
13668,0.7664
13669,0.7661
13670,0.7652
13671,0.763
13672,0.7653
13673,0.7658
13674,0.7666
13675,0.7667
13676,0.7664
13677,0.7686
13678,0.7672
13679,0.7676
13680,0.7675
13681,0.7688
13682,0.7685
13683,0.7681
13684,0.7686
13685,0.7683
13686,0.7692
13687,0.7674
13688,0.767
13689,0.7668
13690,0.7665
13691,0.7675
13692,0.7684
13693,0.7675
13694,0.7679
13695,0.7659
13696,0.7669
13697,0.7678
13698,0.768
13699,0.7677
13700,0.7666
13701,0.7674
13702,0.7679
13703,0.7663
13704,0.7662
13705,0.7669
13706,0.7657
13707,0.7666
13708,0.7666
13709,0.7678
13710,0.7681
13711,0.7679
13712,0.7664
13713,0.7665
13714,0.7672
13715,0.7662
13716,0.767
13717,0.767
13718,0.7668
13719,0.7671
13720,0.7684
13721,0.7676
13722,0.7674
13723,0.7675
13724,0.7677
13725,0.7672
13726,0.7656
13727,0.7663
13728,0.767
13729,0.7675
13730,0.7691
13731,0.768
13732,0.767
13733,0.7683
13734,0.7683
13735,0.7686
13736,0.7668
13737,0.7679
13738,0.7664
13739,0.7669
13740,0.7671
13741,0.7671
13742,0.767
13743,0.767
13744,0.7665
13745,0.7665
13746,0.7667
13747,0.7677
13748,0.7672
13749,0.7677
13750,0.7654
13751,0.7656
13752,0.7655
13753,0.7678
13754,0.7683
13755,0.7677
13756,0.7674
13757,0.7679
13758,0.7685
13759,0.7673
13760,0.7667
13761,0.767
13762,0.7671
13763,0.7673
13764,0.7677
13765,0.7672
13766,0.7675
13767,0.7679
13768,0.768
13769,0.7678
13770,0.7662
13771,0.768
13772,0.7667
13773,0.7663
13774,0.7675
13775,0.7665
13776,0.7671
13777,0.767
13778,0.7671
13779,0.767
13780,0.766
13781,0.7666
13782,0.7663
13783,0.7665
13784,0.7671
13785,0.766
13786,0.7662
13787,0.7664
13788,0.7666
13789,0.7652
13790,0.7649
13791,0.7675
13792,0.7663
13793,0.7664
13794,0.7655
13795,0.7649
13796,0.7669
13797,0.767
13798,0.7663
13799,0.766
13800,0.767
13801,0.7677
13802,0.7678
13803,0.7655
13804,0.7683
13805,0.7682
13806,0.7678
13807,0.7683
13808,0.7686
13809,0.7671
13810,0.7685
13811,0.7676
13812,0.7683
13813,0.7668
13814,0.7687
13815,0.7683
13816,0.7669
13817,0.7678
13818,0.7657
13819,0.7658
13820,0.7668
13821,0.7642
13822,0.7667
13823,0.7669
13824,0.7676
13825,0.7662
13826,0.7671
13827,0.7668
13828,0.7675
13829,0.767
13830,0.7678
13831,0.7678
13832,0.7676
13833,0.7678
13834,0.768
13835,0.7668
13836,0.7674
13837,0.7675
13838,0.767
13839,0.7655
13840,0.7658
13841,0.7656
13842,0.767
13843,0.7675
13844,0.768
13845,0.7684
13846,0.767
13847,0.7661
13848,0.7659
13849,0.7655
13850,0.766
13851,0.7656
13852,0.7663
13853,0.766
13854,0.7659
13855,0.767
13856,0.7674
13857,0.7672
13858,0.7676
13859,0.7675
13860,0.7671
13861,0.7672
13862,0.7662
13863,0.7664
13864,0.7665
13865,0.767
13866,0.7671
13867,0.7677
13868,0.7671
13869,0.7667
13870,0.7676
13871,0.7674
13872,0.7653
13873,0.7664
13874,0.7664
13875,0.7682
13876,0.7674
13877,0.768
13878,0.7692
13879,0.7689
13880,0.7697
13881,0.7694
13882,0.7707
13883,0.7707
13884,0.7713
13885,0.7712
13886,0.7701
13887,0.77
13888,0.768
13889,0.7693
13890,0.7696
13891,0.7685
13892,0.7697
13893,0.7706
13894,0.7701
13895,0.7698
13896,0.7703
13897,0.7702
13898,0.7702
13899,0.7705
13900,0.7697
13901,0.7696
13902,0.7698
13903,0.7701
13904,0.7696
13905,0.7694
13906,0.7696
13907,0.7695
13908,0.7698
13909,0.7695
13910,0.7687
13911,0.7688
13912,0.7723
13913,0.7725
13914,0.7729
13915,0.7716
13916,0.7716
13917,0.7722
13918,0.7708
13919,0.7717
13920,0.7711
13921,0.7723
13922,0.7734
13923,0.7727
13924,0.7725
13925,0.7685
13926,0.7712
13927,0.7703
13928,0.7697
13929,0.7699
13930,0.7709
13931,0.7696
13932,0.7708
13933,0.7679
13934,0.7688
13935,0.7701
13936,0.7698
13937,0.77
13938,0.7699
13939,0.7717
13940,0.7726
13941,0.7734
13942,0.772
13943,0.7717
13944,0.7713
13945,0.7717
13946,0.7727
13947,0.7723
13948,0.7725
13949,0.7724
13950,0.7699
13951,0.7717
13952,0.7704
13953,0.772
13954,0.772
13955,0.7716
13956,0.7719
13957,0.7727
13958,0.773
13959,0.7727
13960,0.7711
13961,0.7725
13962,0.7692
13963,0.7704
13964,0.7706
13965,0.769
13966,0.7708
13967,0.7706
13968,0.7705
13969,0.7704
13970,0.7715
13971,0.7695
13972,0.7703
13973,0.7707
13974,0.7704
13975,0.7708
13976,0.7663
13977,0.7684
13978,0.7685
13979,0.7708
13980,0.769
13981,0.7703
13982,0.7704
13983,0.7707
13984,0.7718
13985,0.7712
13986,0.7718
13987,0.7718
13988,0.7705
13989,0.7702
13990,0.7713
13991,0.7685
13992,0.7704
13993,0.7703
13994,0.7712
13995,0.7713
13996,0.7714
13997,0.7707
13998,0.7707
13999,0.771
14000,0.7713
14001,0.7715
14002,0.7709
14003,0.7701
14004,0.7696
14005,0.7696
14006,0.7705
14007,0.7708
14008,0.7702
14009,0.7715
14010,0.7705
14011,0.771
14012,0.7702
14013,0.7721
14014,0.7707
14015,0.7707
14016,0.7697
14017,0.7708
14018,0.7694
14019,0.7691
14020,0.7689
14021,0.77
14022,0.7705
14023,0.7705
14024,0.7707
14025,0.7709
14026,0.7709
14027,0.7716
14028,0.7702
14029,0.7711
14030,0.7709
14031,0.7707
14032,0.771
14033,0.7709
14034,0.7708
14035,0.7711
14036,0.771
14037,0.7713
14038,0.7711
14039,0.7706
14040,0.7719
14041,0.7715
14042,0.7713
14043,0.7717
14044,0.7713
14045,0.7706
14046,0.7699
14047,0.7696
14048,0.7687
14049,0.7688
14050,0.7689
14051,0.7702
14052,0.7702
14053,0.7713
14054,0.7704
14055,0.7709
14056,0.7715
14057,0.7705
14058,0.7714
14059,0.7713
14060,0.7712
14061,0.7718
14062,0.7706
14063,0.7697
14064,0.7699
14065,0.7707
14066,0.7706
14067,0.7707
14068,0.7709
14069,0.7698
14070,0.7717
14071,0.7704
14072,0.7714
14073,0.7708
14074,0.7701
14075,0.7699
14076,0.7704
14077,0.7706
14078,0.7693
14079,0.7697
14080,0.7699
14081,0.7695
14082,0.7701
14083,0.7718
14084,0.7707
14085,0.7708
14086,0.7694
14087,0.7688
14088,0.7691
14089,0.7691
14090,0.7705
14091,0.771
14092,0.7697
14093,0.7709
14094,0.771
14095,0.7695
14096,0.7708
14097,0.7713
14098,0.7706
14099,0.7711
14100,0.771
14101,0.7708
14102,0.7714
14103,0.7701
14104,0.7705
14105,0.771
14106,0.7704
14107,0.7687
14108,0.7702
14109,0.7713
14110,0.7712
14111,0.7708
14112,0.771
14113,0.7711
14114,0.7705
14115,0.7697
14116,0.7703
14117,0.7711
14118,0.771
14119,0.7712
14120,0.7713
14121,0.7707
14122,0.7703
14123,0.7708
14124,0.7705
14125,0.7703
14126,0.7687
14127,0.7711
14128,0.7694
14129,0.7697
14130,0.7709
14131,0.7712
14132,0.7709
14133,0.7711
14134,0.7706
14135,0.7706
14136,0.7698
14137,0.7715
14138,0.7707
14139,0.7718
14140,0.7717
14141,0.7716
14142,0.7705
14143,0.7722
14144,0.7717
14145,0.7707
14146,0.7703
14147,0.7703
14148,0.7711
14149,0.7695
14150,0.771
14151,0.771
14152,0.7716
14153,0.7722
14154,0.77
14155,0.7705
14156,0.7693
14157,0.7708
14158,0.7714
14159,0.771
14160,0.7712
14161,0.7706
14162,0.7706
14163,0.7707
14164,0.7702
14165,0.7711
14166,0.7716
14167,0.7713
14168,0.771
14169,0.7715
14170,0.7699
14171,0.7714
14172,0.7708
14173,0.77
14174,0.7689
14175,0.7692
14176,0.7706
14177,0.7706
14178,0.7699
14179,0.7699
14180,0.7713
14181,0.771
14182,0.771
14183,0.7712
14184,0.7702
14185,0.769
14186,0.7705
14187,0.7703
14188,0.7706
14189,0.7705
14190,0.7703
14191,0.7704
14192,0.7707
14193,0.771
14194,0.7708
14195,0.7711
14196,0.7708
14197,0.7701
14198,0.7705
14199,0.7717
14200,0.7713
14201,0.7704
14202,0.7712
14203,0.7707
14204,0.7692
14205,0.7706
14206,0.7704
14207,0.7709
14208,0.7703
14209,0.7703
14210,0.7703
14211,0.7692
14212,0.7699
14213,0.7699
14214,0.7695
14215,0.7693
14216,0.7698
14217,0.7701
14218,0.7685
14219,0.7696
14220,0.7689
14221,0.7697
14222,0.7697
14223,0.7701
14224,0.7708
14225,0.7692
14226,0.7683
14227,0.7695
14228,0.7698
14229,0.7701
14230,0.7714
14231,0.7694
14232,0.77
14233,0.7692
14234,0.7694
14235,0.7701
14236,0.7701
14237,0.7683
14238,0.7702
14239,0.7711
14240,0.7702
14241,0.7706
14242,0.7686
14243,0.7702
14244,0.7702
14245,0.7694
14246,0.7692
14247,0.7705
14248,0.77
14249,0.7687
14250,0.7684
14251,0.7684
14252,0.7698
14253,0.7706
14254,0.7697
14255,0.7704
14256,0.7696
14257,0.769
14258,0.7694
14259,0.7698
14260,0.7701
14261,0.7705
14262,0.7692
14263,0.7693
14264,0.7683
14265,0.7693
14266,0.7686
14267,0.7681
14268,0.7687
14269,0.768
14270,0.7702
14271,0.77
14272,0.7691
14273,0.7698
14274,0.7693
14275,0.7703
14276,0.7691
14277,0.7682
14278,0.7661
14279,0.7672
14280,0.7684
14281,0.7694
14282,0.7704
14283,0.7697
14284,0.7699
14285,0.7701
14286,0.77
14287,0.7691
14288,0.7685
14289,0.7699
14290,0.7688
14291,0.7687
14292,0.7702
14293,0.7719
14294,0.7708
14295,0.7708
14296,0.7713
14297,0.7707
14298,0.7701
14299,0.7701
14300,0.77
14301,0.7707
14302,0.7691
14303,0.7697
14304,0.7686
14305,0.7691
14306,0.7693
14307,0.7701
14308,0.7703
14309,0.7704
14310,0.7688
14311,0.7709
14312,0.7714
14313,0.77
14314,0.769
14315,0.7705
14316,0.7709
14317,0.7696
14318,0.77
14319,0.7718
14320,0.771
14321,0.77
14322,0.7701
14323,0.77
14324,0.7709
14325,0.7707
14326,0.7707
14327,0.7705
14328,0.7701
14329,0.7696
14330,0.7698
14331,0.7695
14332,0.7691
14333,0.7682
14334,0.7697
14335,0.7695
14336,0.77
14337,0.7701
14338,0.7703
14339,0.7698
14340,0.77
14341,0.7698
14342,0.7697
14343,0.7692
14344,0.7692
14345,0.7696
14346,0.769
14347,0.7684
14348,0.7685
14349,0.7678
14350,0.768
14351,0.768
14352,0.7679
14353,0.7683
14354,0.768
14355,0.767
14356,0.7664
14357,0.7655
14358,0.766
14359,0.7671
14360,0.7668
14361,0.7662
14362,0.7658
14363,0.7653
14364,0.7661
14365,0.7664
14366,0.7667
14367,0.765
14368,0.7649
14369,0.7642
14370,0.7644
14371,0.7658
14372,0.7651
14373,0.7655
14374,0.7663
14375,0.7652
14376,0.7644
14377,0.7646
14378,0.7649
14379,0.7643
14380,0.7646
14381,0.7646
14382,0.7658
14383,0.7647
14384,0.7659
14385,0.7663
14386,0.7664
14387,0.7666
14388,0.7671
14389,0.7659
14390,0.7639
14391,0.7651
14392,0.7669
14393,0.7673
14394,0.7676
14395,0.766
14396,0.7673
14397,0.7667
14398,0.7666
14399,0.7677
14400,0.7672
14401,0.7678
14402,0.7675
14403,0.7665
14404,0.767
14405,0.7668
14406,0.7658
14407,0.7658
14408,0.7672
14409,0.765
14410,0.7661
14411,0.7663
14412,0.767
14413,0.7656
14414,0.766
14415,0.7667
14416,0.7663
14417,0.7668
14418,0.7672
14419,0.7662
14420,0.7656
14421,0.7659
14422,0.766
14423,0.7683
14424,0.768
14425,0.7673
14426,0.7646
14427,0.7656
14428,0.766
14429,0.767
14430,0.7655
14431,0.7648
14432,0.7652
14433,0.7649
14434,0.7652
14435,0.7648
14436,0.7651
14437,0.7663
14438,0.7671
14439,0.7673
14440,0.7668
14441,0.7664
14442,0.7665
14443,0.7667
14444,0.7666
14445,0.7668
14446,0.766
14447,0.7649
14448,0.7659
14449,0.7651
14450,0.7647
14451,0.7655
14452,0.7663
14453,0.7659
14454,0.7674
14455,0.767
14456,0.7666
14457,0.7676
14458,0.7671
14459,0.7674
14460,0.7672
14461,0.7674
14462,0.7682
14463,0.7678
14464,0.7676
14465,0.7669
14466,0.7676
14467,0.767
14468,0.7675
14469,0.7663
14470,0.7679
14471,0.768
14472,0.7669
14473,0.7669
14474,0.768
14475,0.7671
14476,0.7676
14477,0.7686
14478,0.7672
14479,0.7683
14480,0.7688
14481,0.7687
14482,0.7682
14483,0.7681
14484,0.7672
14485,0.7678
14486,0.7675
14487,0.767
14488,0.7678
14489,0.7672
14490,0.767
14491,0.7669
14492,0.7652
14493,0.7669
14494,0.7672
14495,0.768
14496,0.7681
14497,0.7679
14498,0.7669
14499,0.7665
14500,0.766
14501,0.7645
14502,0.7671
14503,0.7674
14504,0.7679
14505,0.7679
14506,0.7682
14507,0.771
14508,0.7709
14509,0.7707
14510,0.7709
14511,0.7709
14512,0.7694
14513,0.7691
14514,0.7695
14515,0.7702
14516,0.7699
14517,0.7708
14518,0.7707
14519,0.7692
14520,0.7685
14521,0.7692
14522,0.7682
14523,0.7686
14524,0.7665
14525,0.7659
14526,0.7661
14527,0.7665
14528,0.767
14529,0.7668
14530,0.7675
14531,0.7674
14532,0.7672
14533,0.768
14534,0.7692
14535,0.7691
14536,0.7696
14537,0.7661
14538,0.766
14539,0.7667
14540,0.7677
14541,0.7669
14542,0.7677
14543,0.7674
14544,0.7671
14545,0.7664
14546,0.7682
14547,0.7686
14548,0.7674
14549,0.7692
14550,0.7686
14551,0.7659
14552,0.7662
14553,0.7677
14554,0.7675
14555,0.7673
14556,0.769
14557,0.7672
14558,0.7674
14559,0.7676
14560,0.7664
14561,0.7674
14562,0.7672
14563,0.7677
14564,0.7682
14565,0.7672
14566,0.7671
14567,0.7683
14568,0.7674
14569,0.7674
14570,0.7688
14571,0.7678
14572,0.7675
14573,0.7689
14574,0.7687
14575,0.769
14576,0.7685
14577,0.7673
14578,0.7671
14579,0.7684
14580,0.7689
14581,0.7667
14582,0.7673
14583,0.7671
14584,0.769
14585,0.7671
14586,0.7678
14587,0.7675
14588,0.7668
14589,0.7672
14590,0.7668
14591,0.7679
14592,0.7681
14593,0.7694
14594,0.7689
14595,0.7681
14596,0.7688
14597,0.7682
14598,0.7675
14599,0.7679
14600,0.7656
14601,0.7686
14602,0.7682
14603,0.769
14604,0.7693
14605,0.7691
14606,0.7687
14607,0.7682
14608,0.7673
14609,0.7686
14610,0.768
14611,0.7668
14612,0.7669
14613,0.7674
14614,0.7676
14615,0.7681
14616,0.7659
14617,0.7667
14618,0.7662
14619,0.7662
14620,0.7658
14621,0.7666
14622,0.7668
14623,0.7668
14624,0.7683
14625,0.7676
14626,0.7664
14627,0.767
14628,0.7666
14629,0.7676
14630,0.7674
14631,0.7657
14632,0.7665
14633,0.767
14634,0.7677
14635,0.7681
14636,0.768
14637,0.7675
14638,0.7669
14639,0.7664
14640,0.7676
14641,0.7682
14642,0.7687
14643,0.7681
14644,0.7667
14645,0.7689
14646,0.7685
14647,0.7669
14648,0.7672
14649,0.767
14650,0.7671
14651,0.767
14652,0.7662
14653,0.7659
14654,0.7672
14655,0.768
14656,0.7679
14657,0.7686
14658,0.7687
14659,0.768
14660,0.7681
14661,0.7682
14662,0.7685
14663,0.7677
14664,0.7667
14665,0.7666
14666,0.7678
14667,0.7677
14668,0.7673
14669,0.7677
14670,0.7673
14671,0.7673
14672,0.7678
14673,0.7673
14674,0.7675
14675,0.7678
14676,0.7678
14677,0.7667
14678,0.7673
14679,0.7676
14680,0.7673
14681,0.7667
14682,0.7668
14683,0.7674
14684,0.7667
14685,0.7663
14686,0.766
14687,0.7665
14688,0.7643
14689,0.7666
14690,0.7667
14691,0.7663
14692,0.7671
14693,0.7673
14694,0.7667
14695,0.7674
14696,0.7669
14697,0.7677
14698,0.7668
14699,0.7659
14700,0.7668
14701,0.7659
14702,0.7668
14703,0.7665
14704,0.7668
14705,0.7676
14706,0.766
14707,0.7663
14708,0.7669
14709,0.7675
14710,0.7679
14711,0.7685
14712,0.7679
14713,0.7679
14714,0.7669
14715,0.768
14716,0.7678
14717,0.7668
14718,0.766
14719,0.7656
14720,0.7668
14721,0.767
14722,0.7666
14723,0.7676
14724,0.7678
14725,0.7668
14726,0.7669
14727,0.7667
14728,0.7676
14729,0.7674
14730,0.7673
14731,0.7679
14732,0.7677
14733,0.7667
14734,0.7657
14735,0.7666
14736,0.7664
14737,0.7663
14738,0.7662
14739,0.7665
14740,0.7646
14741,0.7652
14742,0.766
14743,0.7667
14744,0.7673
14745,0.7673
14746,0.7675
14747,0.7671
14748,0.7673
14749,0.7675
14750,0.7671
14751,0.7662
14752,0.7655
14753,0.7661
14754,0.7654
14755,0.7667
14756,0.7676
14757,0.7673
14758,0.7676
14759,0.7656
14760,0.7653
14761,0.7663
14762,0.7654
14763,0.765
14764,0.7665
14765,0.7666
14766,0.7658
14767,0.7659
14768,0.7658
14769,0.766
14770,0.7657
14771,0.7667
14772,0.7672
14773,0.7665
14774,0.7664
14775,0.7685
14776,0.7669
14777,0.7672
14778,0.7676
14779,0.767
14780,0.7665
14781,0.7659
14782,0.7663
14783,0.7669
14784,0.7663
14785,0.7675
14786,0.7681
14787,0.7647
14788,0.7654
14789,0.7661
14790,0.7664
14791,0.7665
14792,0.767
14793,0.7675
14794,0.7677
14795,0.7679
14796,0.7679
14797,0.7672
14798,0.7679
14799,0.7681
14800,0.7676
14801,0.7684
14802,0.7675
14803,0.769
14804,0.7679
14805,0.7674
14806,0.7663
14807,0.7654
14808,0.7661
14809,0.7659
14810,0.7665
14811,0.7669
14812,0.7673
14813,0.7688
14814,0.7689
14815,0.7689
14816,0.7677
14817,0.7686
14818,0.768
14819,0.768
14820,0.7684
14821,0.7672
14822,0.7664
14823,0.7686
14824,0.7679
14825,0.7681
14826,0.7679
14827,0.7684
14828,0.7681
14829,0.7662
14830,0.7664
14831,0.767
14832,0.7681
14833,0.7679
14834,0.7671
14835,0.7665
14836,0.7675
14837,0.767
14838,0.7661
14839,0.7659
14840,0.7659
14841,0.768
14842,0.7676
14843,0.7672
14844,0.7676
14845,0.7678
14846,0.7682
14847,0.7681
14848,0.7676
14849,0.7652
14850,0.7656
14851,0.7673
14852,0.7659
14853,0.7652
14854,0.7666
14855,0.7668
14856,0.7658
14857,0.7667
14858,0.7669
14859,0.7669
14860,0.7669
14861,0.7658
14862,0.7663
14863,0.7662
14864,0.7671
14865,0.7671
14866,0.7675
14867,0.7659
14868,0.7663
14869,0.7669
14870,0.7668
14871,0.7655
14872,0.7644
14873,0.7651
14874,0.7669
14875,0.7661
14876,0.7662
14877,0.7658
14878,0.7659
14879,0.7649
14880,0.7651
14881,0.7667
14882,0.7671
14883,0.7674
14884,0.7669
14885,0.7655
14886,0.7662
14887,0.766
14888,0.7657
14889,0.7666
14890,0.7671
14891,0.7666
14892,0.7666
14893,0.767
14894,0.7656
14895,0.7643
14896,0.7656
14897,0.7668
14898,0.7671
14899,0.7656
14900,0.7664
14901,0.7663
14902,0.7664
14903,0.7659
14904,0.7659
14905,0.7651
14906,0.7661
14907,0.766
14908,0.7659
14909,0.7668
14910,0.767
14911,0.7663
14912,0.7667
14913,0.766
14914,0.7662
14915,0.767
14916,0.766
14917,0.767
14918,0.7656
14919,0.7662
14920,0.7671
14921,0.7672
14922,0.7667
14923,0.7662
14924,0.7671
14925,0.7671
14926,0.7656
14927,0.7664
14928,0.7647
14929,0.7657
14930,0.7666
14931,0.767
14932,0.7671
14933,0.7672
14934,0.7666
14935,0.7663
14936,0.7655
14937,0.7656
14938,0.7648
14939,0.7659
14940,0.7665
14941,0.7647
14942,0.7651
14943,0.7651
14944,0.766
14945,0.7673
14946,0.7675
14947,0.7675
14948,0.7673
14949,0.7672
14950,0.7663
14951,0.7656
14952,0.7647
14953,0.7666
14954,0.7659
14955,0.7657
14956,0.7662
14957,0.7632
14958,0.7643
14959,0.7649
14960,0.7663
14961,0.7672
14962,0.7672
14963,0.7673
14964,0.7644
14965,0.7642
14966,0.7648
14967,0.7651
14968,0.7652
14969,0.7653
14970,0.7642
14971,0.7647
14972,0.7657
14973,0.7665
14974,0.7662
14975,0.7672
14976,0.767
14977,0.7663
14978,0.7662
14979,0.767
14980,0.7665
14981,0.7667
14982,0.7671
14983,0.7652
14984,0.7663
14985,0.7657
14986,0.7584
14987,0.7687
14988,0.7674
14989,0.7684
14990,0.7679
14991,0.7674
14992,0.7685
14993,0.7671
14994,0.7666
14995,0.7668
14996,0.7666
14997,0.767
14998,0.7687
14999,0.769
15000,0.7691
15001,0.7688
15002,0.7686
15003,0.7688
15004,0.7685
15005,0.769
15006,0.7692
15007,0.7689
15008,0.7685
15009,0.7679
15010,0.7696
15011,0.7693
15012,0.7689
15013,0.7673
15014,0.7706
15015,0.7715
15016,0.7705
15017,0.77
15018,0.7684
15019,0.7697
15020,0.7701
15021,0.7696
15022,0.7697
15023,0.7682
15024,0.7687
15025,0.7687
15026,0.7696
15027,0.7693
15028,0.7691
15029,0.7696
15030,0.7687
15031,0.7696
15032,0.7697
15033,0.7688
15034,0.7687
15035,0.7665
15036,0.7676
15037,0.769
15038,0.7694
15039,0.7687
15040,0.7688
15041,0.7677
15042,0.7692
15043,0.7689
15044,0.7689
15045,0.7689
15046,0.7693
15047,0.7682
15048,0.7688
15049,0.7689
15050,0.7689
15051,0.7698
15052,0.7691
15053,0.7685
15054,0.7674
15055,0.7664
15056,0.7673
15057,0.7664
15058,0.7667
15059,0.7655
15060,0.7653
15061,0.7654
15062,0.7649
15063,0.7647
15064,0.7665
15065,0.7673
15066,0.7672
15067,0.7669
15068,0.7657
15069,0.7664
15070,0.7668
15071,0.7687
15072,0.7678
15073,0.7686
15074,0.7689
15075,0.7673
15076,0.7652
15077,0.7649
15078,0.7665
15079,0.7656
15080,0.7663
15081,0.7661
15082,0.7655
15083,0.768
15084,0.7667
15085,0.7666
15086,0.7669
15087,0.7659
15088,0.7672
15089,0.7673
15090,0.7679
15091,0.7677
15092,0.7681
15093,0.7673
15094,0.7672
15095,0.767
15096,0.7675
15097,0.7675
15098,0.7675
15099,0.7674
15100,0.767
15101,0.7669
15102,0.767
15103,0.767
15104,0.7666
15105,0.7649
15106,0.7655
15107,0.7668
15108,0.7676
15109,0.7663
15110,0.7654
15111,0.7656
15112,0.766
15113,0.7658
15114,0.7658
15115,0.7654
15116,0.7654
15117,0.7668
15118,0.7673
15119,0.7665
15120,0.7669
15121,0.7639
15122,0.7675
15123,0.7675
15124,0.7668
15125,0.7678
15126,0.7672
15127,0.7677
15128,0.7672
15129,0.767
15130,0.7656
15131,0.7654
15132,0.7662
15133,0.768
15134,0.769
15135,0.7668
15136,0.7667
15137,0.7666
15138,0.7667
15139,0.7666
15140,0.7655
15141,0.7659
15142,0.7661
15143,0.7654
15144,0.7666
15145,0.7666
15146,0.7663
15147,0.765
15148,0.7647
15149,0.7649
15150,0.7656
15151,0.767
15152,0.7673
15153,0.7669
15154,0.7672
15155,0.7677
15156,0.7669
15157,0.7663
15158,0.7684
15159,0.7678
15160,0.7676
15161,0.7674
15162,0.7665
15163,0.7639
15164,0.7643
15165,0.765
15166,0.7655
15167,0.7656
15168,0.7661
15169,0.7663
15170,0.7668
15171,0.7651
15172,0.7661
15173,0.7669
15174,0.7668
15175,0.7664
15176,0.7673
15177,0.768
15178,0.7669
15179,0.7668
15180,0.7676
15181,0.7674
15182,0.767
15183,0.7669
15184,0.7677
15185,0.768
15186,0.7677
15187,0.7674
15188,0.7677
15189,0.7679
15190,0.7694
15191,0.7669
15192,0.7679
15193,0.7675
15194,0.7673
15195,0.768
15196,0.7674
15197,0.7674
15198,0.7666
15199,0.7664
15200,0.767
15201,0.7666
15202,0.7686
15203,0.7678
15204,0.7677
15205,0.766
15206,0.7669
15207,0.7669
15208,0.7654
15209,0.7633
15210,0.7665
15211,0.7672
15212,0.7671
15213,0.7679
15214,0.768
15215,0.7681
15216,0.7679
15217,0.7678
15218,0.7679
15219,0.7674
15220,0.7672
15221,0.7653
15222,0.7669
15223,0.7675
15224,0.7668
15225,0.7684
15226,0.7653
15227,0.7652
15228,0.7662
15229,0.7664
15230,0.7669
15231,0.7672
15232,0.7667
15233,0.7641
15234,0.764
15235,0.7642
15236,0.7646
15237,0.7651
15238,0.764
15239,0.7642
15240,0.7641
15241,0.7652
15242,0.7655
15243,0.7672
15244,0.7669
15245,0.7648
15246,0.7657
15247,0.7666
15248,0.7658
15249,0.7645
15250,0.767
15251,0.7649
15252,0.7646
15253,0.7666
15254,0.7659
15255,0.7651
15256,0.7651
15257,0.7666
15258,0.7659
15259,0.765
15260,0.7655
15261,0.7662
15262,0.7665
15263,0.7656
15264,0.7668
15265,0.7676
15266,0.766
15267,0.7662
15268,0.7661
15269,0.7652
15270,0.7642
15271,0.7662
15272,0.767
15273,0.7675
15274,0.7665
15275,0.7671
15276,0.7678
15277,0.7659
15278,0.7653
15279,0.7664
15280,0.7662
15281,0.7665
15282,0.7658
15283,0.7659
15284,0.7656
15285,0.7664
15286,0.7659
15287,0.766
15288,0.7667
15289,0.7666
15290,0.7675
15291,0.7652
15292,0.7655
15293,0.7643
15294,0.7654
15295,0.7655
15296,0.7655
15297,0.7642
15298,0.7657
15299,0.7652
15300,0.7643
15301,0.7649
15302,0.7662
15303,0.7651
15304,0.7656
15305,0.767
15306,0.766
15307,0.766
15308,0.7664
15309,0.7656
15310,0.765
15311,0.7644
15312,0.7641
15313,0.7645
15314,0.7635
15315,0.7637
15316,0.7636
15317,0.764
15318,0.7658
15319,0.7656
15320,0.7656
15321,0.7643
15322,0.7646
15323,0.765
15324,0.7658
15325,0.7665
15326,0.765
15327,0.7664
15328,0.7657
15329,0.7666
15330,0.7659
15331,0.766
15332,0.7639
15333,0.7628
15334,0.7641
15335,0.7672
15336,0.7635
15337,0.7661
15338,0.7661
15339,0.7648
15340,0.7666
15341,0.7664
15342,0.7666
15343,0.7662
15344,0.7667
15345,0.7665
15346,0.767
15347,0.7672
15348,0.7684
15349,0.7676
15350,0.7681
15351,0.7672
15352,0.7647
15353,0.7674
15354,0.7664
15355,0.7659
15356,0.7667
15357,0.7677
15358,0.7671
15359,0.7669
15360,0.767
15361,0.769
15362,0.7692
15363,0.7683
15364,0.7689
15365,0.7689
15366,0.768
15367,0.7697
15368,0.7687
15369,0.7681
15370,0.768
15371,0.7665
15372,0.7676
15373,0.7664
15374,0.766
15375,0.7658
15376,0.7658
15377,0.7673
15378,0.7675
15379,0.7685
15380,0.7679
15381,0.7678
15382,0.7684
15383,0.767
15384,0.7683
15385,0.7678
15386,0.7683
15387,0.7682
15388,0.7679
15389,0.7678
15390,0.7669
15391,0.7663
15392,0.7669
15393,0.7669
15394,0.7666
15395,0.7663
15396,0.7662
15397,0.7661
15398,0.7666
15399,0.7664
15400,0.7664
15401,0.7664
15402,0.7674
15403,0.7666
15404,0.7667
15405,0.7674
15406,0.7668
15407,0.7669
15408,0.7665
15409,0.7679
15410,0.7677
15411,0.7678
15412,0.7668
15413,0.7692
15414,0.7696
15415,0.7691
15416,0.7683
15417,0.7693
15418,0.7691
15419,0.7702
15420,0.7691
15421,0.7688
15422,0.7677
15423,0.7688
15424,0.7693
15425,0.7687
15426,0.7686
15427,0.7674
15428,0.7673
15429,0.7685
15430,0.7692
15431,0.7708
15432,0.7714
15433,0.7711
15434,0.7701
15435,0.7695
15436,0.771
15437,0.7693
15438,0.7697
15439,0.7685
15440,0.7695
15441,0.7698
15442,0.7701
15443,0.7708
15444,0.7692
15445,0.7696
15446,0.7694
15447,0.7684
15448,0.7679
15449,0.7689
15450,0.7691
15451,0.7687
15452,0.7691
15453,0.7684
15454,0.7692
15455,0.7687
15456,0.7698
15457,0.7698
15458,0.7697
15459,0.7668
15460,0.7682
15461,0.7705
15462,0.7713
15463,0.7712
15464,0.771
15465,0.7695
15466,0.7697
15467,0.7682
15468,0.7679
15469,0.7695
15470,0.7682
15471,0.7682
15472,0.7697
15473,0.7688
15474,0.7696
15475,0.7683
15476,0.7687
15477,0.7703
15478,0.7707
15479,0.7708
15480,0.7716
15481,0.7704
15482,0.7705
15483,0.7695
15484,0.7708
15485,0.7695
15486,0.7699
15487,0.7689
15488,0.7701
15489,0.7703
15490,0.7697
15491,0.7699
15492,0.7701
15493,0.7718
15494,0.7716
15495,0.7708
15496,0.7701
15497,0.7696
15498,0.7694
15499,0.7688
15500,0.7698
15501,0.7695
15502,0.7684
15503,0.7684
15504,0.7701
15505,0.7715
15506,0.7706
15507,0.7694
15508,0.7695
15509,0.77
15510,0.7691
15511,0.7699
15512,0.7699
15513,0.77
15514,0.7683
15515,0.77
15516,0.7707
15517,0.77
15518,0.7695
15519,0.7715
15520,0.7715
15521,0.7709
15522,0.7709
15523,0.7702
15524,0.7713
15525,0.7707
15526,0.7725
15527,0.7742
15528,0.769
15529,0.7716
15530,0.7721
15531,0.7719
15532,0.7715
15533,0.7714
15534,0.7722
15535,0.7714
15536,0.7723
15537,0.7717
15538,0.7698
15539,0.7708
15540,0.7705
15541,0.7713
15542,0.7709
15543,0.7704
15544,0.771
15545,0.7711
15546,0.7706
15547,0.7707
15548,0.771
15549,0.7711
15550,0.7707
15551,0.7708
15552,0.7696
15553,0.7702
15554,0.7702
15555,0.7718
15556,0.7696
15557,0.7704
15558,0.7703
15559,0.7708
15560,0.7709
15561,0.7709
15562,0.7721
15563,0.7702
15564,0.7709
15565,0.7714
15566,0.7707
15567,0.7703
15568,0.7703
15569,0.7706
15570,0.7702
15571,0.77
15572,0.7699
15573,0.771
15574,0.7731
15575,0.7722
15576,0.77
15577,0.7697
15578,0.7702
15579,0.7709
15580,0.7716
15581,0.7716
15582,0.7702
15583,0.7702
15584,0.7707
15585,0.7711
15586,0.7718
15587,0.7714
15588,0.7712
15589,0.7721
15590,0.7706
15591,0.7708
15592,0.7703
15593,0.7713
15594,0.7718
15595,0.7718
15596,0.7717
15597,0.7705
15598,0.7702
15599,0.7698
15600,0.7709
15601,0.7708
15602,0.772
15603,0.7708
15604,0.7708
15605,0.7713
15606,0.7699
15607,0.7667
15608,0.7688
15609,0.7674
15610,0.7706
15611,0.7686
15612,0.7704
15613,0.771
15614,0.7701
15615,0.7708
15616,0.7705
15617,0.7708
15618,0.7703
15619,0.7698
15620,0.7692
15621,0.767
15622,0.7684
15623,0.7679
15624,0.7684
15625,0.7695
15626,0.7691
15627,0.7687
15628,0.7687
15629,0.7701
15630,0.7666
15631,0.7684
15632,0.7687
15633,0.7726
15634,0.7722
15635,0.7714
15636,0.7717
15637,0.7719
15638,0.771
15639,0.7707
15640,0.7711
15641,0.7708
15642,0.7704
15643,0.7703
15644,0.77
15645,0.7709
15646,0.7713
15647,0.7699
15648,0.7705
15649,0.7702
15650,0.771
15651,0.7705
15652,0.7707
15653,0.7697
15654,0.77
15655,0.7697
15656,0.7702
15657,0.7692
15658,0.7702
15659,0.7696
15660,0.7704
15661,0.7711
15662,0.7715
15663,0.7713
15664,0.7707
15665,0.7716
15666,0.7702
15667,0.769
15668,0.7696
15669,0.7695
15670,0.7699
15671,0.7691
15672,0.7687
15673,0.7695
15674,0.7702
15675,0.7705
15676,0.7699
15677,0.7703
15678,0.7701
15679,0.7707
15680,0.7704
15681,0.7703
15682,0.7705
15683,0.7694
15684,0.7699
15685,0.7702
15686,0.7709
15687,0.7702
15688,0.7704
15689,0.7706
15690,0.7707
15691,0.7704
15692,0.7701
15693,0.7702
15694,0.7695
15695,0.7692
15696,0.7706
15697,0.7709
15698,0.7715
15699,0.7705
15700,0.7705
15701,0.7694
15702,0.77
15703,0.7699
15704,0.7701
15705,0.7693
15706,0.7694
15707,0.7705
15708,0.7704
15709,0.7707
15710,0.7725
15711,0.771
15712,0.7699
15713,0.7686
15714,0.7689
15715,0.77
15716,0.77
15717,0.7676
15718,0.7681
15719,0.7695
15720,0.7688
15721,0.769
15722,0.7691
15723,0.7697
15724,0.7702
15725,0.771
15726,0.7712
15727,0.7714
15728,0.7712
15729,0.7712
15730,0.7694
15731,0.7708
15732,0.7702
15733,0.7703
15734,0.7709
15735,0.7705
15736,0.7703
15737,0.7695
15738,0.7711
15739,0.7712
15740,0.7682
15741,0.7704
15742,0.7705
15743,0.7711
15744,0.7706
15745,0.7707
15746,0.7704
15747,0.7718
15748,0.7703
15749,0.7709
15750,0.7705
15751,0.77
15752,0.7708
15753,0.7712
15754,0.7708
15755,0.772
15756,0.7712
15757,0.7716
15758,0.7711
15759,0.7705
15760,0.7698
15761,0.7706
15762,0.7702
15763,0.7705
15764,0.7685
15765,0.77
15766,0.7703
15767,0.7711
15768,0.7709
15769,0.7709
15770,0.7705
15771,0.7697
15772,0.7697
15773,0.7691
15774,0.7694
15775,0.7702
15776,0.7698
15777,0.7697
15778,0.7705
15779,0.7714
15780,0.7711
15781,0.7717
15782,0.7714
15783,0.7714
15784,0.7708
15785,0.7723
15786,0.7712
15787,0.7711
15788,0.7712
15789,0.7702
15790,0.7709
15791,0.7703
15792,0.7729
15793,0.7725
15794,0.7717
15795,0.7718
15796,0.771
15797,0.7709
15798,0.7709
15799,0.7727
15800,0.7727
15801,0.7718
15802,0.7717
15803,0.7714
15804,0.7728
15805,0.7717
15806,0.7717
15807,0.7706
15808,0.7701
15809,0.7706
15810,0.7711
15811,0.7715
15812,0.7716
15813,0.7704
15814,0.7728
15815,0.7714
15816,0.772
15817,0.7726
15818,0.7717
15819,0.7722
15820,0.7726
15821,0.7727
15822,0.772
15823,0.7718
15824,0.7713
15825,0.7715
15826,0.7716
15827,0.7724
15828,0.7714
15829,0.7711
15830,0.7721
15831,0.7724
15832,0.7721
15833,0.7721
15834,0.7714
15835,0.7721
15836,0.7717
15837,0.7729
15838,0.7718
15839,0.7721
15840,0.7715
15841,0.772
15842,0.772
15843,0.7727
15844,0.7718
15845,0.7726
15846,0.7719
15847,0.7717
15848,0.771
15849,0.7704
15850,0.7704
15851,0.7708
15852,0.7715
15853,0.7706
15854,0.7708
15855,0.7705
15856,0.7709
15857,0.7713
15858,0.7714
15859,0.7721
15860,0.7711
15861,0.7724
15862,0.7728
15863,0.7719
15864,0.7724
15865,0.7716
15866,0.7708
15867,0.7713
15868,0.7709
15869,0.7704
15870,0.7707
15871,0.7701
15872,0.77
15873,0.7706
15874,0.7708
15875,0.7703
15876,0.7714
15877,0.7717
15878,0.7724
15879,0.7723
15880,0.7714
15881,0.7715
15882,0.7711
15883,0.7711
15884,0.7714
15885,0.7706
15886,0.7709
15887,0.7707
15888,0.77
15889,0.7714
15890,0.7719
15891,0.7702
15892,0.7707
15893,0.7692
15894,0.7699
15895,0.7697
15896,0.7692
15897,0.7704
15898,0.771
15899,0.7708
15900,0.7705
15901,0.7718
15902,0.77
15903,0.771
15904,0.7713
15905,0.7703
15906,0.7709
15907,0.7715
15908,0.7707
15909,0.7713
15910,0.772
15911,0.7717
15912,0.7717
15913,0.7715
15914,0.7714
15915,0.772
15916,0.7716
15917,0.7714
15918,0.7716
15919,0.7716
15920,0.7709
15921,0.7699
15922,0.7686
15923,0.7706
15924,0.7702
15925,0.7704
15926,0.7707
15927,0.7707
15928,0.7721
15929,0.7717
15930,0.7714
15931,0.7708
15932,0.7709
15933,0.7706
15934,0.7702
15935,0.7705
15936,0.7692
15937,0.77
15938,0.7693
15939,0.7707
15940,0.7708
15941,0.7708
15942,0.7704
15943,0.7716
15944,0.7717
15945,0.7726
15946,0.7711
15947,0.7695
15948,0.7699
15949,0.7707
15950,0.7735
15951,0.7726
15952,0.7719
15953,0.771
15954,0.7713
15955,0.7707
15956,0.7716
15957,0.7718
15958,0.7715
15959,0.772
15960,0.7712
15961,0.7721
15962,0.7714
15963,0.7715
15964,0.771
15965,0.7701
15966,0.7703
15967,0.7714
15968,0.7707
15969,0.7704
15970,0.7695
15971,0.769
15972,0.7717
15973,0.7719
15974,0.7705
15975,0.7706
15976,0.7718
15977,0.7718
15978,0.7715
15979,0.7709
15980,0.7701
15981,0.769
15982,0.7704
15983,0.7704
15984,0.77
15985,0.7697
15986,0.7702
15987,0.7703
15988,0.7699
15989,0.7708
15990,0.7703
15991,0.7702
15992,0.7714
15993,0.7705
15994,0.7718
15995,0.7721
15996,0.772
15997,0.7723
15998,0.7725
15999,0.772
16000,0.7716
16001,0.7723
16002,0.7709
16003,0.7715
16004,0.771
16005,0.7723
16006,0.7715
16007,0.7705
16008,0.772
16009,0.7724
16010,0.7718
16011,0.7724
16012,0.7721
16013,0.7726
16014,0.7732
16015,0.7734
16016,0.7734
16017,0.7723
16018,0.7727
16019,0.7728
16020,0.7733
16021,0.7729
16022,0.7723
16023,0.7723
16024,0.7716
16025,0.7725
16026,0.7728
16027,0.7729
16028,0.7734
16029,0.7735
16030,0.7739
16031,0.7741
16032,0.7731
16033,0.7748
16034,0.7735
16035,0.7742
16036,0.7728
16037,0.7743
16038,0.7747
16039,0.7743
16040,0.7729
16041,0.7734
16042,0.7732
16043,0.774
16044,0.7727
16045,0.7734
16046,0.773
16047,0.7735
16048,0.7716
16049,0.7723
16050,0.773
16051,0.7743
16052,0.773
16053,0.7731
16054,0.7725
16055,0.7739
16056,0.7744
16057,0.7738
16058,0.7737
16059,0.7737
16060,0.7735
16061,0.7721
16062,0.7714
16063,0.772
16064,0.773
16065,0.774
16066,0.775
16067,0.7726
16068,0.7752
16069,0.7754
16070,0.7749
16071,0.7734
16072,0.7743
16073,0.7747
16074,0.7739
16075,0.7741
16076,0.774
16077,0.7723
16078,0.772
16079,0.7733
16080,0.7732
16081,0.7721
16082,0.7722
16083,0.7723
16084,0.7727
16085,0.7731
16086,0.7743
16087,0.7739
16088,0.7734
16089,0.7723
16090,0.7734
16091,0.7733
16092,0.7741
16093,0.7748
16094,0.7737
16095,0.7737
16096,0.7731
16097,0.7721
16098,0.7746
16099,0.7746
16100,0.7735
16101,0.772
16102,0.7721
16103,0.7733
16104,0.7736
16105,0.7729
16106,0.7731
16107,0.7743
16108,0.7736
16109,0.7738
16110,0.7744
16111,0.7726
16112,0.7731
16113,0.7733
16114,0.7739
16115,0.7738
16116,0.7737
16117,0.7738
16118,0.7725
16119,0.7722
16120,0.7733
16121,0.7723
16122,0.7736
16123,0.7737
16124,0.773
16125,0.773
16126,0.7722
16127,0.7726
16128,0.7728
16129,0.7737
16130,0.7738
16131,0.7731
16132,0.7739
16133,0.7742
16134,0.7744
16135,0.7743
16136,0.7742
16137,0.7733
16138,0.7719
16139,0.7721
16140,0.773
16141,0.7733
16142,0.7724
16143,0.7723
16144,0.7721
16145,0.7717
16146,0.7716
16147,0.772
16148,0.7723
16149,0.7732
16150,0.7726
16151,0.7723
16152,0.7744
16153,0.7744
16154,0.7728
16155,0.7719
16156,0.7723
16157,0.7733
16158,0.7728
16159,0.7732
16160,0.7723
16161,0.7729
16162,0.7721
16163,0.7727
16164,0.7733
16165,0.7739
16166,0.7739
16167,0.7741
16168,0.7729
16169,0.7733
16170,0.773
16171,0.7728
16172,0.7721
16173,0.7718
16174,0.7722
16175,0.7724
16176,0.7724
16177,0.7721
16178,0.7716
16179,0.7721
16180,0.7723
16181,0.7711
16182,0.7708
16183,0.7725
16184,0.7724
16185,0.7718
16186,0.7716
16187,0.7712
16188,0.7722
16189,0.772
16190,0.772
16191,0.7715
16192,0.7717
16193,0.773
16194,0.772
16195,0.7713
16196,0.7711
16197,0.7712
16198,0.7714
16199,0.7731
16200,0.773
16201,0.7724
16202,0.7714
16203,0.7714
16204,0.7716
16205,0.7714
16206,0.7717
16207,0.7724
16208,0.7723
16209,0.7715
16210,0.771
16211,0.771
16212,0.7716
16213,0.7717
16214,0.7721
16215,0.7716
16216,0.7716
16217,0.7712
16218,0.772
16219,0.7709
16220,0.7699
16221,0.7709
16222,0.7719
16223,0.7707
16224,0.7707
16225,0.7705
16226,0.771
16227,0.7716
16228,0.7719
16229,0.7702
16230,0.7699
16231,0.7705
16232,0.7725
16233,0.7729
16234,0.7728
16235,0.7726
16236,0.773
16237,0.773
16238,0.7722
16239,0.7722
16240,0.7717
16241,0.7715
16242,0.7714
16243,0.7716
16244,0.7729
16245,0.7726
16246,0.7721
16247,0.7719
16248,0.7712
16249,0.7725
16250,0.7721
16251,0.7708
16252,0.772
16253,0.7715
16254,0.7732
16255,0.7741
16256,0.773
16257,0.7729
16258,0.7721
16259,0.772
16260,0.772
16261,0.7735
16262,0.7735
16263,0.7737
16264,0.7719
16265,0.772
16266,0.7723
16267,0.7716
16268,0.7709
16269,0.7731
16270,0.7722
16271,0.7732
16272,0.7724
16273,0.7734
16274,0.7741
16275,0.7731
16276,0.7724
16277,0.7725
16278,0.7725
16279,0.7736
16280,0.7737
16281,0.7727
16282,0.7729
16283,0.7733
16284,0.7736
16285,0.7719
16286,0.7727
16287,0.773
16288,0.7723
16289,0.7725
16290,0.7737
16291,0.772
16292,0.7703
16293,0.7727
16294,0.7732
16295,0.7728
16296,0.7728
16297,0.7717
16298,0.7733
16299,0.773
16300,0.7728
16301,0.7728
16302,0.7711
16303,0.7688
16304,0.772
16305,0.771
16306,0.7713
16307,0.7717
16308,0.7713
16309,0.7721
16310,0.7717
16311,0.7718
16312,0.7715
16313,0.7712
16314,0.7717
16315,0.771
16316,0.7707
16317,0.7709
16318,0.7711
16319,0.7712
16320,0.7708
16321,0.7715
16322,0.7719
16323,0.7726
16324,0.7726
16325,0.7726
16326,0.7724
16327,0.7729
16328,0.7726
16329,0.7726
16330,0.7724
16331,0.7724
16332,0.7712
16333,0.7731
16334,0.7742
16335,0.7731
16336,0.7736
16337,0.7737
16338,0.7751
16339,0.7745
16340,0.7733
16341,0.7719
16342,0.7716
16343,0.7707
16344,0.7721
16345,0.7731
16346,0.7732
16347,0.7738
16348,0.7729
16349,0.773
16350,0.7733
16351,0.773
16352,0.7724
16353,0.7734
16354,0.7723
16355,0.7717
16356,0.772
16357,0.7723
16358,0.7719
16359,0.7712
16360,0.7717
16361,0.7703
16362,0.77
16363,0.7717
16364,0.7722
16365,0.7716
16366,0.7711
16367,0.7719
16368,0.7733
16369,0.7728
16370,0.7718
16371,0.772
16372,0.7725
16373,0.7714
16374,0.7713
16375,0.7715
16376,0.7717
16377,0.7715
16378,0.7717
16379,0.7716
16380,0.771
16381,0.7717
16382,0.7719
16383,0.7724
16384,0.7717
16385,0.7711
16386,0.7716
16387,0.7716
16388,0.7718
16389,0.7716
16390,0.7717
16391,0.7722
16392,0.7715
16393,0.7704
16394,0.77
16395,0.7704
16396,0.7721
16397,0.7717
16398,0.7714
16399,0.7709
16400,0.7701
16401,0.7696
16402,0.7692
16403,0.7693
16404,0.7694
16405,0.7709
16406,0.7708
16407,0.771
16408,0.7723
16409,0.7724
16410,0.7723
16411,0.7733
16412,0.7723
16413,0.7731
16414,0.7729
16415,0.7721
16416,0.7705
16417,0.7702
16418,0.7707
16419,0.7709
16420,0.7711
16421,0.7709
16422,0.7712
16423,0.7711
16424,0.7726
16425,0.7721
16426,0.7717
16427,0.7714
16428,0.7714
16429,0.771
16430,0.771
16431,0.7716
16432,0.7704
16433,0.7704
16434,0.7711
16435,0.7709
16436,0.7722
16437,0.7716
16438,0.7715
16439,0.7721
16440,0.7701
16441,0.7716
16442,0.7707
16443,0.7704
16444,0.7706
16445,0.7708
16446,0.7716
16447,0.7719
16448,0.772
16449,0.7709
16450,0.7711
16451,0.7721
16452,0.7717
16453,0.7707
16454,0.7721
16455,0.7734
16456,0.7734
16457,0.7727
16458,0.7722
16459,0.7718
16460,0.7722
16461,0.7708
16462,0.7708
16463,0.7708
16464,0.7713
16465,0.771
16466,0.7721
16467,0.7714
16468,0.7711
16469,0.771
16470,0.7719
16471,0.7716
16472,0.7726
16473,0.772
16474,0.7718
16475,0.7724
16476,0.7718
16477,0.7722
16478,0.7708
16479,0.772
16480,0.7718
16481,0.7719
16482,0.7711
16483,0.7715
16484,0.7721
16485,0.7717
16486,0.7716
16487,0.7714
16488,0.7726
16489,0.7709
16490,0.77
16491,0.7703
16492,0.7714
16493,0.7709
16494,0.7715
16495,0.7717
16496,0.7722
16497,0.7716
16498,0.773
16499,0.7739
16500,0.7729
16501,0.7731
16502,0.7722
16503,0.7728
16504,0.773
16505,0.7702
16506,0.7666
16507,0.774
16508,0.7739
16509,0.7747
16510,0.7687
16511,0.7701
16512,0.7701
16513,0.7712
16514,0.7711
16515,0.7715
16516,0.7714
16517,0.7716
16518,0.7718
16519,0.7729
16520,0.7734
16521,0.7742
16522,0.7739
16523,0.7739
16524,0.7737
16525,0.7744
16526,0.7747
16527,0.7743
16528,0.7712
16529,0.7714
16530,0.7714
16531,0.7708
16532,0.7705
16533,0.7718
16534,0.7716
16535,0.771
16536,0.7714
16537,0.7718
16538,0.7726
16539,0.7725
16540,0.7721
16541,0.7736
16542,0.7734
16543,0.7731
16544,0.7745
16545,0.7742
16546,0.7739
16547,0.7731
16548,0.7729
16549,0.773
16550,0.7726
16551,0.7719
16552,0.7737
16553,0.773
16554,0.7724
16555,0.7726
16556,0.7729
16557,0.773
16558,0.7733
16559,0.7718
16560,0.7718
16561,0.7726
16562,0.7739
16563,0.7719
16564,0.7731
16565,0.7722
16566,0.7729
16567,0.7731
16568,0.7732
16569,0.7718
16570,0.7728
16571,0.774
16572,0.773
16573,0.7727
16574,0.7731
16575,0.7736
16576,0.7736
16577,0.7734
16578,0.7728
16579,0.7731
16580,0.773
16581,0.7732
16582,0.769
16583,0.7695
16584,0.7707
16585,0.7707
16586,0.771
16587,0.7706
16588,0.7699
16589,0.7711
16590,0.7703
16591,0.7717
16592,0.7705
16593,0.7711
16594,0.7717
16595,0.7732
16596,0.7731
16597,0.7727
16598,0.7718
16599,0.7729
16600,0.773
16601,0.7714
16602,0.7715
16603,0.7722
16604,0.7719
16605,0.7709
16606,0.7722
16607,0.7717
16608,0.7717
16609,0.7731
16610,0.7728
16611,0.7724
16612,0.7735
16613,0.773
16614,0.7733
16615,0.7735
16616,0.7728
16617,0.7767
16618,0.7749
16619,0.7743
16620,0.7745
16621,0.7734
16622,0.7737
16623,0.7732
16624,0.773
16625,0.7732
16626,0.7736
16627,0.7735
16628,0.7739
16629,0.773
16630,0.7758
16631,0.7752
16632,0.7749
16633,0.7732
16634,0.7735
16635,0.7744
16636,0.7744
16637,0.7729
16638,0.7726
16639,0.7736
16640,0.7736
16641,0.7743
16642,0.7709
16643,0.7713
16644,0.7714
16645,0.7722
16646,0.7713
16647,0.772
16648,0.7718
16649,0.772
16650,0.7711
16651,0.7711
16652,0.772
16653,0.7718
16654,0.7719
16655,0.7728
16656,0.7714
16657,0.7718
16658,0.7721
16659,0.7706
16660,0.7725
16661,0.7729
16662,0.7729
16663,0.7718
16664,0.7723
16665,0.773
16666,0.7723
16667,0.7727
16668,0.7726
16669,0.7733
16670,0.7731
16671,0.77
16672,0.7708
16673,0.7713
16674,0.7689
16675,0.7694
16676,0.7699
16677,0.7719
16678,0.772
16679,0.7708
16680,0.7716
16681,0.7704
16682,0.7722
16683,0.7713
16684,0.7713
16685,0.7726
16686,0.7735
16687,0.7731
16688,0.7732
16689,0.7733
16690,0.7731
16691,0.7732
16692,0.7729
16693,0.7729
16694,0.774
16695,0.7734
16696,0.7729
16697,0.7728
16698,0.7722
16699,0.7721
16700,0.7729
16701,0.7724
16702,0.7732
16703,0.7723
16704,0.7741
16705,0.7731
16706,0.773
16707,0.7735
16708,0.7732
16709,0.7731
16710,0.773
16711,0.7719
16712,0.7711
16713,0.7729
16714,0.7732
16715,0.7727
16716,0.7737
16717,0.7736
16718,0.7733
16719,0.7728
16720,0.7739
16721,0.7736
16722,0.7718
16723,0.7724
16724,0.7723
16725,0.7725
16726,0.7732
16727,0.773
16728,0.7727
16729,0.7733
16730,0.7729
16731,0.7708
16732,0.7725
16733,0.7718
16734,0.7729
16735,0.7731
16736,0.7731
16737,0.773
16738,0.7731
16739,0.7727
16740,0.7701
16741,0.7721
16742,0.7722
16743,0.7733
16744,0.7725
16745,0.7729
16746,0.7733
16747,0.7737
16748,0.7738
16749,0.7741
16750,0.7728
16751,0.7734
16752,0.7723
16753,0.7723
16754,0.7731
16755,0.7712
16756,0.771
16757,0.7713
16758,0.7713
16759,0.7718
16760,0.7698
16761,0.7703
16762,0.7713
16763,0.7714
16764,0.769
16765,0.7704
16766,0.7724
16767,0.7729
16768,0.7712
16769,0.7707
16770,0.7714
16771,0.7714
16772,0.771
16773,0.7718
16774,0.7703
16775,0.7693
16776,0.77
16777,0.7702
16778,0.7704
16779,0.7734
16780,0.7708
16781,0.7713
16782,0.7724
16783,0.7693
16784,0.7685
16785,0.7686
16786,0.7676
16787,0.7705
16788,0.7683
16789,0.7679
16790,0.7706
16791,0.7701
16792,0.7692
16793,0.7694
16794,0.7717
16795,0.7687
16796,0.7708
16797,0.7701
16798,0.7725
16799,0.7718
16800,0.7723
16801,0.7717
16802,0.7707
16803,0.7712
16804,0.7713
16805,0.7717
16806,0.7692
16807,0.7684
16808,0.7706
16809,0.7702
16810,0.7681
16811,0.7696
16812,0.7704
16813,0.7702
16814,0.7719
16815,0.7692
16816,0.7699
16817,0.7695
16818,0.7715
16819,0.7711
16820,0.7695
16821,0.7707
16822,0.7707
16823,0.7701
16824,0.77
16825,0.7709
16826,0.7715
16827,0.7713
16828,0.7705
16829,0.7712
16830,0.7712
16831,0.7707
16832,0.7707
16833,0.7694
16834,0.7704
16835,0.7703
16836,0.7709
16837,0.7706
16838,0.7697
16839,0.7721
16840,0.7716
16841,0.7713
16842,0.7716
16843,0.7703
16844,0.768
16845,0.7679
16846,0.7684
16847,0.7722
16848,0.7713
16849,0.7732
16850,0.7714
16851,0.7718
16852,0.7694
16853,0.7698
16854,0.7702
16855,0.7698
16856,0.7694
16857,0.7694
16858,0.7693
16859,0.7695
16860,0.7699
16861,0.7691
16862,0.7702
16863,0.7697
16864,0.769
16865,0.77
16866,0.7698
16867,0.7691
16868,0.7667
16869,0.7698
16870,0.7689
16871,0.7686
16872,0.7688
16873,0.7686
16874,0.7695
16875,0.7688
16876,0.7687
16877,0.7706
16878,0.7705
16879,0.7705
16880,0.769
16881,0.7689
16882,0.771
16883,0.7689
16884,0.7692
16885,0.7689
16886,0.7712
16887,0.7693
16888,0.7699
16889,0.7692
16890,0.7703
16891,0.7703
16892,0.7686
16893,0.7698
16894,0.7699
16895,0.7687
16896,0.7696
16897,0.7705
16898,0.7702
16899,0.7714
16900,0.7697
16901,0.7702
16902,0.7706
16903,0.7701
16904,0.7701
16905,0.7708
16906,0.7675
16907,0.7685
16908,0.7703
16909,0.7695
16910,0.7702
16911,0.7702
16912,0.7691
16913,0.769
16914,0.7687
16915,0.7693
16916,0.7695
16917,0.7696
16918,0.7685
16919,0.7695
16920,0.7695
16921,0.7697
16922,0.7704
16923,0.7703
16924,0.7702
16925,0.7703
16926,0.7703
16927,0.7691
16928,0.7682
16929,0.769
16930,0.7694
16931,0.7693
16932,0.7694
16933,0.7711
16934,0.7694
16935,0.7696
16936,0.7701
16937,0.7699
16938,0.7697
16939,0.7698
16940,0.7692
16941,0.7701
16942,0.7694
16943,0.7693
16944,0.7693
16945,0.7684
16946,0.7682
16947,0.7694
16948,0.77
16949,0.77
16950,0.7685
16951,0.7699
16952,0.7692
16953,0.7698
16954,0.7702
16955,0.7707
16956,0.7704
16957,0.7695
16958,0.7688
16959,0.769
16960,0.7693
16961,0.7671
16962,0.7683
16963,0.7687
16964,0.7689
16965,0.7686
16966,0.7679
16967,0.7669
16968,0.7683
16969,0.7682
16970,0.7681
16971,0.7679
16972,0.7668
16973,0.7682
16974,0.7684
16975,0.7678
16976,0.7678
16977,0.7657
16978,0.7663
16979,0.7644
16980,0.767
16981,0.7674
16982,0.7689
16983,0.7687
16984,0.7686
16985,0.7684
16986,0.7686
16987,0.7665
16988,0.7681
16989,0.768
16990,0.7689
16991,0.7676
16992,0.7695
16993,0.7694
16994,0.7689
16995,0.7694
16996,0.768
16997,0.7715
16998,0.7711
16999,0.7684
17000,0.7674
17001,0.7689
17002,0.7694
17003,0.7696
17004,0.7691
17005,0.7694
17006,0.7692
17007,0.7678
17008,0.7684
17009,0.7689
17010,0.7683
17011,0.7684
17012,0.7673
17013,0.7685
17014,0.7688
17015,0.7683
17016,0.7687
17017,0.7678
17018,0.7687
17019,0.7689
17020,0.7689
17021,0.7683
17022,0.7695
17023,0.7679
17024,0.7675
17025,0.7679
17026,0.7709
17027,0.7707
17028,0.7681
17029,0.7698
17030,0.7701
17031,0.7704
17032,0.7709
17033,0.7712
17034,0.7704
17035,0.7719
17036,0.7716
17037,0.7699
17038,0.7707
17039,0.7699
17040,0.7703
17041,0.7708
17042,0.7714
17043,0.7707
17044,0.771
17045,0.7701
17046,0.7715
17047,0.7709
17048,0.7707
17049,0.7688
17050,0.7705
17051,0.7679
17052,0.7683
17053,0.7684
17054,0.7693
17055,0.7691
17056,0.7689
17057,0.77
17058,0.7671
17059,0.7688
17060,0.7706
17061,0.7686
17062,0.7699
17063,0.7702
17064,0.7698
17065,0.7681
17066,0.7693
17067,0.7684
17068,0.7687
17069,0.7688
17070,0.7697
17071,0.7708
17072,0.7701
17073,0.7686
17074,0.7667
17075,0.7684
17076,0.768
17077,0.7677
17078,0.7685
17079,0.7692
17080,0.7701
17081,0.7701
17082,0.7694
17083,0.7693
17084,0.7692
17085,0.7691
17086,0.7689
17087,0.7675
17088,0.7668
17089,0.7675
17090,0.7684
17091,0.7679
17092,0.7692
17093,0.7683
17094,0.7693
17095,0.7685
17096,0.7676
17097,0.7684
17098,0.7683
17099,0.7681
17100,0.7697
17101,0.7689
17102,0.7698
17103,0.7702
17104,0.7684
17105,0.7675
17106,0.7668
17107,0.7679
17108,0.7659
17109,0.7677
17110,0.7682
17111,0.7657
17112,0.7682
17113,0.7685
17114,0.7692
17115,0.7687
17116,0.7691
17117,0.7677
17118,0.7669
17119,0.7657
17120,0.7661
17121,0.7666
17122,0.7674
17123,0.7671
17124,0.7665
17125,0.7674
17126,0.7667
17127,0.7675
17128,0.7678
17129,0.7667
17130,0.7664
17131,0.767
17132,0.7649
17133,0.7675
17134,0.7685
17135,0.7666
17136,0.7651
17137,0.7664
17138,0.7675
17139,0.7672
17140,0.7661
17141,0.7671
17142,0.767
17143,0.7673
17144,0.7676
17145,0.7664
17146,0.7668
17147,0.7657
17148,0.7661
17149,0.7692
17150,0.7682
17151,0.7683
17152,0.7677
17153,0.7654
17154,0.7674
17155,0.7672
17156,0.7676
17157,0.7689
17158,0.768
17159,0.7682
17160,0.767
17161,0.7674
17162,0.7673
17163,0.768
17164,0.7675
17165,0.768
17166,0.7665
17167,0.7678
17168,0.7674
17169,0.7676
17170,0.7682
17171,0.7681
17172,0.7672
17173,0.7644
17174,0.7636
17175,0.7651
17176,0.7645
17177,0.7664
17178,0.7652
17179,0.7654
17180,0.7664
17181,0.767
17182,0.7669
17183,0.7674
17184,0.7667
17185,0.7661
17186,0.7663
17187,0.7659
17188,0.7647
17189,0.7674
17190,0.7671
17191,0.7664
17192,0.7682
17193,0.7669
17194,0.7668
17195,0.767
17196,0.7681
17197,0.7665
17198,0.7663
17199,0.7667
17200,0.7676
17201,0.7667
17202,0.7667
17203,0.7654
17204,0.7673
17205,0.7687
17206,0.768
17207,0.768
17208,0.7665
17209,0.7685
17210,0.7668
17211,0.7669
17212,0.7669
17213,0.7671
17214,0.7676
17215,0.7682
17216,0.7672
17217,0.7682
17218,0.7678
17219,0.7705
17220,0.7712
17221,0.77
17222,0.7681
17223,0.7685
17224,0.7685
17225,0.7687
17226,0.7679
17227,0.7688
17228,0.7683
17229,0.7672
17230,0.7676
17231,0.766
17232,0.7664
17233,0.7675
17234,0.7677
17235,0.7682
17236,0.7682
17237,0.7683
17238,0.7663
17239,0.766
17240,0.7673
17241,0.7684
17242,0.769
17243,0.7676
17244,0.7676
17245,0.7664
17246,0.7679
17247,0.7669
17248,0.7679
17249,0.7671
17250,0.7665
17251,0.7658
17252,0.7665
17253,0.769
17254,0.7683
17255,0.768
17256,0.7677
17257,0.7677
17258,0.7677
17259,0.7685
17260,0.7682
17261,0.7675
17262,0.7667
17263,0.7664
17264,0.7657
17265,0.7678
17266,0.7677
17267,0.7671
17268,0.7659
17269,0.7669
17270,0.7679
17271,0.7657
17272,0.767
17273,0.7678
17274,0.7679
17275,0.7662
17276,0.7648
17277,0.7652
17278,0.7659
17279,0.7674
17280,0.7679
17281,0.7666
17282,0.7666
17283,0.7663
17284,0.7663
17285,0.7666
17286,0.7666
17287,0.7667
17288,0.7658
17289,0.7662
17290,0.7641
17291,0.7687
17292,0.7675
17293,0.7664
17294,0.7664
17295,0.7657
17296,0.7648
17297,0.7644
17298,0.7659
17299,0.7664
17300,0.7663
17301,0.7668
17302,0.7659
17303,0.7665
17304,0.7671
17305,0.767
17306,0.766
17307,0.7666
17308,0.7669
17309,0.7667
17310,0.7662
17311,0.766
17312,0.765
17313,0.7645
17314,0.7652
17315,0.7661
17316,0.7661
17317,0.7653
17318,0.765
17319,0.7655
17320,0.7654
17321,0.7649
17322,0.7653
17323,0.7637
17324,0.7656
17325,0.7653
17326,0.7658
17327,0.7664
17328,0.7651
17329,0.7663
17330,0.7662
17331,0.7661
17332,0.7654
17333,0.7659
17334,0.7655
17335,0.7651
17336,0.7644
17337,0.7652
17338,0.7653
17339,0.7652
17340,0.7647
17341,0.7647
17342,0.765
17343,0.7655
17344,0.7668
17345,0.7667
17346,0.7678
17347,0.7672
17348,0.7657
17349,0.7655
17350,0.7698
17351,0.7679
17352,0.7692
17353,0.7704
17354,0.7699
17355,0.7659
17356,0.7658
17357,0.7653
17358,0.7673
17359,0.7664
17360,0.7665
17361,0.7669
17362,0.7665
17363,0.7676
17364,0.7673
17365,0.7685
17366,0.7681
17367,0.767
17368,0.7681
17369,0.7682
17370,0.7664
17371,0.7674
17372,0.767
17373,0.7665
17374,0.7659
17375,0.7655
17376,0.7656
17377,0.7673
17378,0.7681
17379,0.768
17380,0.768
17381,0.7692
17382,0.7667
17383,0.7656
17384,0.7663
17385,0.7687
17386,0.7687
17387,0.7685
17388,0.7653
17389,0.7658
17390,0.7669
17391,0.7672
17392,0.7684
17393,0.7674
17394,0.7695
17395,0.7686
17396,0.7684
17397,0.7682
17398,0.769
17399,0.77
17400,0.7694
17401,0.7683
17402,0.7692
17403,0.7685
17404,0.7685
17405,0.766
17406,0.7654
17407,0.7645
17408,0.7653
17409,0.7668
17410,0.7677
17411,0.7683
17412,0.766
17413,0.7655
17414,0.7664
17415,0.7668
17416,0.7654
17417,0.7657
17418,0.7653
17419,0.7668
17420,0.7659
17421,0.7635
17422,0.7644
17423,0.767
17424,0.7679
17425,0.7694
17426,0.7671
17427,0.7674
17428,0.7655
17429,0.7684
17430,0.7677
17431,0.7671
17432,0.7664
17433,0.7659
17434,0.7661
17435,0.7659
17436,0.7671
17437,0.7673
17438,0.7654
17439,0.7665
17440,0.7673
17441,0.7668
17442,0.767
17443,0.7658
17444,0.7664
17445,0.767
17446,0.7659
17447,0.7674
17448,0.7671
17449,0.7662
17450,0.7665
17451,0.7656
17452,0.7654
17453,0.7656
17454,0.7661
17455,0.7658
17456,0.7684
17457,0.7667
17458,0.7668
17459,0.7657
17460,0.7667
17461,0.7644
17462,0.7642
17463,0.7638
17464,0.7661
17465,0.7668
17466,0.7675
17467,0.767
17468,0.7653
17469,0.7648
17470,0.7662
17471,0.7655
17472,0.7654
17473,0.7632
17474,0.7657
17475,0.765
17476,0.7655
17477,0.7652
17478,0.7652
17479,0.7656
17480,0.766
17481,0.7655
17482,0.7637
17483,0.7659
17484,0.7668
17485,0.7652
17486,0.7635
17487,0.7642
17488,0.7641
17489,0.7651
17490,0.7636
17491,0.7638
17492,0.7643
17493,0.7651
17494,0.766
17495,0.7627
17496,0.7656
17497,0.7634
17498,0.7657
17499,0.7656
17500,0.7658
17501,0.7657
17502,0.7656
17503,0.7662
17504,0.767
17505,0.7655
17506,0.7654
17507,0.7629
17508,0.7626
17509,0.763
17510,0.7631
17511,0.7657
17512,0.7654
17513,0.764
17514,0.7649
17515,0.766
17516,0.7659
17517,0.7663
17518,0.766
17519,0.7677
17520,0.7658
17521,0.7664
17522,0.7642
17523,0.7654
17524,0.7649
17525,0.7652
17526,0.7659
17527,0.7654
17528,0.7654
17529,0.7674
17530,0.7679
17531,0.7772
17532,0.7843
17533,0.7837
17534,0.7841
17535,0.7839
17536,0.7838
17537,0.7822
17538,0.7821
17539,0.7816
17540,0.7818
17541,0.7813
17542,0.7817
17543,0.7813
17544,0.7819
17545,0.7817
17546,0.7822
17547,0.7819
17548,0.7815
17549,0.7815
17550,0.7814
17551,0.782
17552,0.782
17553,0.7823
17554,0.7813
17555,0.7831
17556,0.7828
17557,0.7812
17558,0.7818
17559,0.7813
17560,0.7822
17561,0.7819
17562,0.7814
17563,0.7815
17564,0.7811
17565,0.7816
17566,0.7813
17567,0.7804
17568,0.7804
17569,0.7804
17570,0.7796
17571,0.7805
17572,0.78
17573,0.7808
17574,0.7803
17575,0.7804
17576,0.7802
17577,0.7803
17578,0.7788
17579,0.7794
17580,0.7792
17581,0.7791
17582,0.7792
17583,0.7805
17584,0.7801
17585,0.7782
17586,0.7808
17587,0.7809
17588,0.7809
17589,0.7804
17590,0.78
17591,0.7813
17592,0.7815
17593,0.781
17594,0.7822
17595,0.7817
17596,0.7812
17597,0.7821
17598,0.7828
17599,0.7823
17600,0.7824
17601,0.7818
17602,0.7826
17603,0.782
17604,0.7808
17605,0.7824
17606,0.7825
17607,0.7827
17608,0.7822
17609,0.7826
17610,0.7825
17611,0.782
17612,0.7822
17613,0.7828
17614,0.7829
17615,0.7828
17616,0.7831
17617,0.7825
17618,0.7831
17619,0.7823
17620,0.7819
17621,0.7815
17622,0.7816
17623,0.7822
17624,0.7834
17625,0.7806
17626,0.7804
17627,0.7807
17628,0.7801
17629,0.7818
17630,0.7826
17631,0.7824
17632,0.7806
17633,0.7824
17634,0.7814
17635,0.781
17636,0.782
17637,0.7813
17638,0.7824
17639,0.7829
17640,0.7833
17641,0.7872
17642,0.7873
17643,0.787
17644,0.7861
17645,0.7858
17646,0.7821
17647,0.7827
17648,0.7824
17649,0.778
17650,0.7819
17651,0.7807
17652,0.779
17653,0.779
17654,0.779
17655,0.7795
17656,0.7798
17657,0.7792
17658,0.7779
17659,0.7785
17660,0.7794
17661,0.7818
17662,0.7821
17663,0.7828
17664,0.7835
17665,0.7827
17666,0.7833
17667,0.7817
17668,0.7822
17669,0.7827
17670,0.7802
17671,0.7799
17672,0.7798
17673,0.78
17674,0.7793
17675,0.7787
17676,0.7796
17677,0.7794
17678,0.7792
17679,0.7799
17680,0.7812
17681,0.78
17682,0.7802
17683,0.7797
17684,0.7798
17685,0.7807
17686,0.7787
17687,0.7779
17688,0.7792
17689,0.7797
17690,0.7803
17691,0.7797
17692,0.7801
17693,0.7816
17694,0.7813
17695,0.7817
17696,0.7815
17697,0.7816
17698,0.7826
17699,0.7831
17700,0.7827
17701,0.7816
17702,0.7815
17703,0.7824
17704,0.7824
17705,0.7848
17706,0.7847
17707,0.7824
17708,0.7806
17709,0.7817
17710,0.7818
17711,0.7811
17712,0.7804
17713,0.7811
17714,0.7825
17715,0.782
17716,0.7824
17717,0.7827
17718,0.783
17719,0.7823
17720,0.783
17721,0.7838
17722,0.7821
17723,0.7829
17724,0.7823
17725,0.7822
17726,0.7802
17727,0.781
17728,0.7785
17729,0.7779
17730,0.7783
17731,0.779
17732,0.7798
17733,0.7806
17734,0.7795
17735,0.7802
17736,0.781
17737,0.7817
17738,0.7808
17739,0.7805
17740,0.7809
17741,0.7819
17742,0.7821
17743,0.7811
17744,0.7822
17745,0.7825
17746,0.7817
17747,0.7826
17748,0.783
17749,0.7829
17750,0.7825
17751,0.7819
17752,0.7818
17753,0.7796
17754,0.7822
17755,0.7829
17756,0.7815
17757,0.7824
17758,0.7816
17759,0.7831
17760,0.7834
17761,0.7844
17762,0.7838
17763,0.7842
17764,0.7849
17765,0.7844
17766,0.7845
17767,0.7844
17768,0.7839
17769,0.7842
17770,0.7838
17771,0.7836
17772,0.7834
17773,0.7831
17774,0.7772
17775,0.7772
17776,0.7779
17777,0.7782
17778,0.7775
17779,0.778
17780,0.778
17781,0.7785
17782,0.7787
17783,0.7794
17784,0.7789
17785,0.7798
17786,0.7791
17787,0.7793
17788,0.7791
17789,0.7784
17790,0.7773
17791,0.7782
17792,0.7787
17793,0.7787
17794,0.7808
17795,0.7807
17796,0.7773
17797,0.7764
17798,0.7767
17799,0.7773
17800,0.7802
17801,0.7791
17802,0.7773
17803,0.7782
17804,0.7768
17805,0.7781
17806,0.7782
17807,0.7784
17808,0.7778
17809,0.7776
17810,0.777
17811,0.7769
17812,0.7773
17813,0.7774
17814,0.7776
17815,0.7778
17816,0.7776
17817,0.7778
17818,0.7789
17819,0.7808
17820,0.7805
17821,0.7806
17822,0.7809
17823,0.7811
17824,0.7817
17825,0.7821
17826,0.7816
17827,0.7831
17828,0.7836
17829,0.7807
17830,0.7814
17831,0.7812
17832,0.7823
17833,0.7831
17834,0.7827
17835,0.7818
17836,0.782
17837,0.7835
17838,0.7831
17839,0.7829
17840,0.7817
17841,0.7818
17842,0.7814
17843,0.7822
17844,0.7814
17845,0.7823
17846,0.7812
17847,0.7785
17848,0.7799
17849,0.7781
17850,0.7789
17851,0.7789
17852,0.7784
17853,0.7784
17854,0.7776
17855,0.7761
17856,0.7766
17857,0.7719
17858,0.7769
17859,0.7767
17860,0.7733
17861,0.7751
17862,0.7772
17863,0.7743
17864,0.7752
17865,0.7754
17866,0.7761
17867,0.7757
17868,0.776
17869,0.7811
17870,0.7806
17871,0.7812
17872,0.7796
17873,0.7789
17874,0.7796
17875,0.7795
17876,0.7754
17877,0.7762
17878,0.7758
17879,0.7764
17880,0.7773
17881,0.7782
17882,0.7769
17883,0.7777
17884,0.7771
17885,0.7771
17886,0.7794
17887,0.7799
17888,0.7813
17889,0.7755
17890,0.7747
17891,0.774
17892,0.7752
17893,0.7742
17894,0.7755
17895,0.7755
17896,0.7764
17897,0.7756
17898,0.7755
17899,0.7774
17900,0.7767
17901,0.7772
17902,0.7794
17903,0.7789
17904,0.7654
17905,0.7749
17906,0.7795
17907,0.7727
17908,0.7713
17909,0.7732
17910,0.7727
17911,0.7732
17912,0.7731
17913,0.773
17914,0.7748
17915,0.7742
17916,0.7743
17917,0.7744
17918,0.7743
17919,0.7739
17920,0.7748
17921,0.7758
17922,0.7752
17923,0.7731
17924,0.7757
17925,0.7758
17926,0.7754
17927,0.7755
17928,0.776
17929,0.7748
17930,0.7751
17931,0.7761
17932,0.7765
17933,0.7765
17934,0.7768
17935,0.7776
17936,0.7767
17937,0.7767
17938,0.7765
17939,0.7779
17940,0.7784
17941,0.7772
17942,0.7777
17943,0.7765
17944,0.7772
17945,0.7766
17946,0.7744
17947,0.7755
17948,0.7748
17949,0.7739
17950,0.7735
17951,0.774
17952,0.7735
17953,0.772
17954,0.7736
17955,0.7747
17956,0.7755
17957,0.7764
17958,0.7747
17959,0.7753
17960,0.7758
17961,0.7761
17962,0.7753
17963,0.7761
17964,0.7756
17965,0.776
17966,0.7772
17967,0.7769
17968,0.7772
17969,0.7765
17970,0.7773
17971,0.7769
17972,0.7768
17973,0.7746
17974,0.7757
17975,0.7756
17976,0.7744
17977,0.7754
17978,0.7772
17979,0.777
17980,0.7784
17981,0.7778
17982,0.7777
17983,0.7768
17984,0.7768
17985,0.7777
17986,0.7787
17987,0.7789
17988,0.779
17989,0.7791
17990,0.7789
17991,0.7781
17992,0.7767
17993,0.7766
17994,0.7776
17995,0.7778
17996,0.7773
17997,0.7769
17998,0.7753
17999,0.7755
18000,0.7754
18001,0.7772
18002,0.777
18003,0.777
18004,0.7768
18005,0.7776
18006,0.7782
18007,0.7777
18008,0.7778
18009,0.7774
18010,0.7788
18011,0.7787
18012,0.7792
18013,0.7779
18014,0.7777
18015,0.7768
18016,0.7765
18017,0.7762
18018,0.7699
18019,0.7711
18020,0.7723
18021,0.7728
18022,0.7739
18023,0.7742
18024,0.7731
18025,0.7745
18026,0.7753
18027,0.775
18028,0.7762
18029,0.7756
18030,0.777
18031,0.7766
18032,0.7764
18033,0.7746
18034,0.7749
18035,0.7752
18036,0.7737
18037,0.7734
18038,0.7767
18039,0.775
18040,0.776
18041,0.7764
18042,0.7771
18043,0.7771
18044,0.7761
18045,0.7764
18046,0.7759
18047,0.7757
18048,0.7752
18049,0.7761
18050,0.7746
18051,0.7755
18052,0.7753
18053,0.775
18054,0.7755
18055,0.7756
18056,0.7749
18057,0.7745
18058,0.7746
18059,0.7749
18060,0.7749
18061,0.7754
18062,0.7754
18063,0.7756
18064,0.7748
18065,0.7749
18066,0.7799
18067,0.7816
18068,0.7809
18069,0.7814
18070,0.783
18071,0.7839
18072,0.7844
18073,0.7839
18074,0.7842
18075,0.7835
18076,0.7842
18077,0.7835
18078,0.7814
18079,0.7828
18080,0.7836
18081,0.782
18082,0.7822
18083,0.7801
18084,0.7777
18085,0.7773
18086,0.7771
18087,0.7763
18088,0.7739
18089,0.7761
18090,0.7754
18091,0.7754
18092,0.777
18093,0.7772
18094,0.779
18095,0.7666
18096,0.7781
18097,0.7747
18098,0.7738
18099,0.7713
18100,0.77
18101,0.7742
18102,0.7706
18103,0.7763
18104,0.7768
18105,0.7777
18106,0.7779
18107,0.7783
18108,0.7793
18109,0.7792
18110,0.7795
18111,0.7776
18112,0.7774
18113,0.7773
18114,0.7766
18115,0.7773
18116,0.7771
18117,0.7772
18118,0.778
18119,0.7797
18120,0.7796
18121,0.78
18122,0.7803
18123,0.779
18124,0.7787
18125,0.7803
18126,0.7791
18127,0.7785
18128,0.7771
18129,0.7772
18130,0.7765
18131,0.7791
18132,0.779
18133,0.7796
18134,0.7801
18135,0.7796
18136,0.7784
18137,0.7795
18138,0.7788
18139,0.7792
18140,0.7785
18141,0.779
18142,0.7788
18143,0.779
18144,0.7788
18145,0.7795
18146,0.7792
18147,0.7793
18148,0.7798
18149,0.7785
18150,0.7792
18151,0.7794
18152,0.7786
18153,0.7779
18154,0.7782
18155,0.7778
18156,0.7777
18157,0.7785
18158,0.7786
18159,0.779
18160,0.7775
18161,0.7802
18162,0.7796
18163,0.7788
18164,0.7786
18165,0.7771
18166,0.7778
18167,0.7776
18168,0.7785
18169,0.7786
18170,0.7781
18171,0.7787
18172,0.7791
18173,0.7774
18174,0.7771
18175,0.7773
18176,0.7775
18177,0.7781
18178,0.7783
18179,0.779
18180,0.7782
18181,0.7785
18182,0.7782
18183,0.7778
18184,0.7783
18185,0.778
18186,0.7784
18187,0.7787
18188,0.7792
18189,0.7776
18190,0.7783
18191,0.7782
18192,0.7781
18193,0.7783
18194,0.7785
18195,0.7782
18196,0.7788
18197,0.7779
18198,0.7786
18199,0.7779
18200,0.7796
18201,0.7799
18202,0.7751
18203,0.7762
18204,0.7765
18205,0.7767
18206,0.7767
18207,0.7771
18208,0.7776
18209,0.7763
18210,0.7743
18211,0.7754
18212,0.7768
18213,0.7776
18214,0.7783
18215,0.7782
18216,0.7777
18217,0.777
18218,0.778
18219,0.7777
18220,0.7774
18221,0.7777
18222,0.7777
18223,0.7787
18224,0.7793
18225,0.7784
18226,0.7774
18227,0.7785
18228,0.7781
18229,0.7768
18230,0.7774
18231,0.7771
18232,0.7771
18233,0.7776
18234,0.7781
18235,0.7782
18236,0.7772
18237,0.778
18238,0.7778
18239,0.7776
18240,0.7791
18241,0.7782
18242,0.7789
18243,0.7773
18244,0.7779
18245,0.7789
18246,0.7761
18247,0.7774
18248,0.7778
18249,0.7784
18250,0.777
18251,0.7777
18252,0.7776
18253,0.7778
18254,0.7778
18255,0.7784
18256,0.7774
18257,0.7784
18258,0.7783
18259,0.7782
18260,0.7786
18261,0.7778
18262,0.7781
18263,0.7783
18264,0.7792
18265,0.7785
18266,0.7768
18267,0.7776
18268,0.7762
18269,0.7757
18270,0.7775
18271,0.7781
18272,0.7776
18273,0.7784
18274,0.7766
18275,0.7781
18276,0.7782
18277,0.7786
18278,0.7777
18279,0.7762
18280,0.7776
18281,0.7782
18282,0.7781
18283,0.7785
18284,0.7779
18285,0.7769
18286,0.778
18287,0.7771
18288,0.7774
18289,0.7785
18290,0.7776
18291,0.7777
18292,0.7764
18293,0.7778
18294,0.7778
18295,0.7773
18296,0.7787
18297,0.7777
18298,0.7778
18299,0.7784
18300,0.7782
18301,0.7784
18302,0.7778
18303,0.778
18304,0.7777
18305,0.7778
18306,0.7775
18307,0.777
18308,0.7783
18309,0.7795
18310,0.779
18311,0.7787
18312,0.778
18313,0.7785
18314,0.777
18315,0.7772
18316,0.7773
18317,0.7774
18318,0.778
18319,0.7779
18320,0.7778
18321,0.7775
18322,0.7774
18323,0.7767
18324,0.7759
18325,0.7772
18326,0.7776
18327,0.7779
18328,0.7789
18329,0.7784
18330,0.7786
18331,0.778
18332,0.778
18333,0.7776
18334,0.7796
18335,0.7787
18336,0.7777
18337,0.7782
18338,0.7779
18339,0.7777
18340,0.778
18341,0.7781
18342,0.7783
18343,0.7799
18344,0.7788
18345,0.78
18346,0.7792
18347,0.7796
18348,0.7781
18349,0.7782
18350,0.7777
18351,0.7794
18352,0.7779
18353,0.7787
18354,0.7781
18355,0.7778
18356,0.778
18357,0.7789
18358,0.7776
18359,0.7791
18360,0.7782
18361,0.7785
18362,0.7775
18363,0.7771
18364,0.7774
18365,0.7794
18366,0.7795
18367,0.7794
18368,0.7791
18369,0.7772
18370,0.7786
18371,0.7786
18372,0.7787
18373,0.7776
18374,0.7784
18375,0.7792
18376,0.7796
18377,0.7792
18378,0.7796
18379,0.7772
18380,0.7781
18381,0.7781
18382,0.7784
18383,0.7772
18384,0.7769
18385,0.7784
18386,0.7797
18387,0.7779
18388,0.779
18389,0.7785
18390,0.7788
18391,0.7792
18392,0.7799
18393,0.7801
18394,0.7786
18395,0.7787
18396,0.7787
18397,0.7776
18398,0.7782
18399,0.7773
18400,0.7782
18401,0.7759
18402,0.7764
18403,0.778
18404,0.7773
18405,0.7786
18406,0.7783
18407,0.7785
18408,0.7781
18409,0.7787
18410,0.7794
18411,0.7796
18412,0.7782
18413,0.778
18414,0.7789
18415,0.7784
18416,0.778
18417,0.7788
18418,0.7792
18419,0.7794
18420,0.7786
18421,0.7779
18422,0.7797
18423,0.7792
18424,0.7792
18425,0.7792
18426,0.7769
18427,0.7778
18428,0.7781
18429,0.7773
18430,0.7769
18431,0.7774
18432,0.7784
18433,0.7774
18434,0.7779
18435,0.7787
18436,0.777
18437,0.7773
18438,0.7769
18439,0.7756
18440,0.775
18441,0.7759
18442,0.776
18443,0.7785
18444,0.7779
18445,0.7785
18446,0.7784
18447,0.7777
18448,0.7774
18449,0.7778
18450,0.7782
18451,0.7789
18452,0.7788
18453,0.7781
18454,0.7794
18455,0.7778
18456,0.7784
18457,0.7783
18458,0.7794
18459,0.779
18460,0.7796
18461,0.7796
18462,0.779
18463,0.7786
18464,0.7773
18465,0.7771
18466,0.7781
18467,0.7792
18468,0.7783
18469,0.7794
18470,0.7794
18471,0.7794
18472,0.7791
18473,0.778
18474,0.7785
18475,0.7796
18476,0.7794
18477,0.7802
18478,0.7803
18479,0.7803
18480,0.7796
18481,0.7802
18482,0.7795
18483,0.7798
18484,0.7789
18485,0.7796
18486,0.7796
18487,0.7777
18488,0.7783
18489,0.7789
18490,0.7792
18491,0.7789
18492,0.7777
18493,0.7783
18494,0.7787
18495,0.7785
18496,0.7776
18497,0.7782
18498,0.7786
18499,0.7787
18500,0.7783
18501,0.7784
18502,0.7782
18503,0.7776
18504,0.7779
18505,0.7769
18506,0.7774
18507,0.7779
18508,0.7784
18509,0.7784
18510,0.7776
18511,0.7784
18512,0.7789
18513,0.779
18514,0.7794
18515,0.7761
18516,0.776
18517,0.7766
18518,0.7771
18519,0.7777
18520,0.7769
18521,0.7791
18522,0.7794
18523,0.7796
18524,0.7795
18525,0.778
18526,0.7779
18527,0.7786
18528,0.7788
18529,0.7736
18530,0.7734
18531,0.7735
18532,0.7753
18533,0.7755
18534,0.776
18535,0.7755
18536,0.775
18537,0.7755
18538,0.7754
18539,0.7752
18540,0.7748
18541,0.7747
18542,0.7751
18543,0.7743
18544,0.774
18545,0.774
18546,0.7746
18547,0.7768
18548,0.7778
18549,0.7754
18550,0.7765
18551,0.7751
18552,0.7755
18553,0.7756
18554,0.7769
18555,0.7769
18556,0.7772
18557,0.7774
18558,0.7772
18559,0.7771
18560,0.7771
18561,0.778
18562,0.7784
18563,0.777
18564,0.7788
18565,0.7792
18566,0.7781
18567,0.778
18568,0.7786
18569,0.7777
18570,0.7783
18571,0.7784
18572,0.7786
18573,0.7774
18574,0.7782
18575,0.7778
18576,0.7786
18577,0.7787
18578,0.7793
18579,0.7779
18580,0.7787
18581,0.7787
18582,0.7784
18583,0.7778
18584,0.7774
18585,0.7768
18586,0.7774
18587,0.7779
18588,0.7781
18589,0.7777
18590,0.7781
18591,0.7773
18592,0.7782
18593,0.778
18594,0.7772
18595,0.7773
18596,0.7773
18597,0.778
18598,0.7768
18599,0.778
18600,0.7779
18601,0.7788
18602,0.7788
18603,0.7786
18604,0.779
18605,0.779
18606,0.7791
18607,0.7786
18608,0.7778
18609,0.7782
18610,0.779
18611,0.7782
18612,0.7761
18613,0.7766
18614,0.7779
18615,0.7774
18616,0.778
18617,0.7775
18618,0.7773
18619,0.7766
18620,0.7764
18621,0.7757
18622,0.7772
18623,0.7773
18624,0.7788
18625,0.78
18626,0.7785
18627,0.7788
18628,0.7781
18629,0.778
18630,0.7779
18631,0.7774
18632,0.7767
18633,0.7775
18634,0.7777
18635,0.7772
18636,0.7769
18637,0.7779
18638,0.7769
18639,0.7771
18640,0.7771
18641,0.7778
18642,0.7781
18643,0.7778
18644,0.7784
18645,0.7771
18646,0.7771
18647,0.7776
18648,0.7785
18649,0.7783
18650,0.7794
18651,0.7788
18652,0.7784
18653,0.7783
18654,0.7777
18655,0.7783
18656,0.7789
18657,0.7794
18658,0.7793
18659,0.7789
18660,0.7785
18661,0.7783
18662,0.7779
18663,0.779
18664,0.7781
18665,0.7787
18666,0.7796
18667,0.779
18668,0.7773
18669,0.7786
18670,0.7784
18671,0.7784
18672,0.7775
18673,0.7784
18674,0.7789
18675,0.7764
18676,0.7769
18677,0.7764
18678,0.7773
18679,0.7778
18680,0.7772
18681,0.7772
18682,0.7775
18683,0.7774
18684,0.7784
18685,0.7777
18686,0.7778
18687,0.7787
18688,0.778
18689,0.777
18690,0.7773
18691,0.7784
18692,0.7772
18693,0.7765
18694,0.7761
18695,0.7773
18696,0.7776
18697,0.7782
18698,0.7777
18699,0.7773
18700,0.7783
18701,0.777
18702,0.7774
18703,0.7771
18704,0.7779
18705,0.7781
18706,0.7763
18707,0.7777
18708,0.7786
18709,0.7772
18710,0.7765
18711,0.7764
18712,0.7768
18713,0.7782
18714,0.7773
18715,0.7769
18716,0.7763
18717,0.7758
18718,0.7762
18719,0.7766
18720,0.7769
18721,0.7766
18722,0.777
18723,0.7771
18724,0.777
18725,0.7772
18726,0.7769
18727,0.7773
18728,0.7778
18729,0.7772
18730,0.7777
18731,0.7777
18732,0.7764
18733,0.7764
18734,0.7768
18735,0.7776
18736,0.7761
18737,0.7773
18738,0.7764
18739,0.7756
18740,0.7761
18741,0.7762
18742,0.7771
18743,0.7758
18744,0.7765
18745,0.7763
18746,0.7758
18747,0.776
18748,0.777
18749,0.7766
18750,0.7774
18751,0.7766
18752,0.7782
18753,0.7773
18754,0.7784
18755,0.7775
18756,0.7773
18757,0.7787
18758,0.7783
18759,0.7779
18760,0.7779
18761,0.7758
18762,0.778
18763,0.7782
18764,0.7788
18765,0.7781
18766,0.7786
18767,0.7779
18768,0.7773
18769,0.7781
18770,0.7788
18771,0.7792
18772,0.7781
18773,0.7786
18774,0.7779
18775,0.7785
18776,0.778
18777,0.7787
18778,0.7786
18779,0.7785
18780,0.7776
18781,0.7767
18782,0.7779
18783,0.7778
18784,0.7769
18785,0.7775
18786,0.7763
18787,0.7762
18788,0.7775
18789,0.7781
18790,0.7776
18791,0.7774
18792,0.7779
18793,0.7774
18794,0.7783
18795,0.7786
18796,0.779
18797,0.7781
18798,0.7771
18799,0.7776
18800,0.7771
18801,0.7775
18802,0.7777
18803,0.7793
18804,0.7778
18805,0.7773
18806,0.7774
18807,0.7768
18808,0.7767
18809,0.7777
18810,0.778
18811,0.778
18812,0.778
18813,0.7774
18814,0.7779
18815,0.7789
18816,0.7789
18817,0.7774
18818,0.778
18819,0.7773
18820,0.7762
18821,0.7773
18822,0.7794
18823,0.7797
18824,0.7785
18825,0.7771
18826,0.7774
18827,0.7777
18828,0.7774
18829,0.7772
18830,0.7764
18831,0.7765
18832,0.7774
18833,0.7763
18834,0.7759
18835,0.7776
18836,0.7766
18837,0.7784
18838,0.7786
18839,0.7787
18840,0.7785
18841,0.7797
18842,0.7793
18843,0.7792
18844,0.7779
18845,0.7772
18846,0.7766
18847,0.7761
18848,0.7744
18849,0.7765
18850,0.7762
18851,0.7753
18852,0.7759
18853,0.7774
18854,0.7783
18855,0.7787
18856,0.7775
18857,0.7769
18858,0.7764
18859,0.775
18860,0.7755
18861,0.7755
18862,0.7752
18863,0.7775
18864,0.776
18865,0.7757
18866,0.7762
18867,0.7767
18868,0.7764
18869,0.777
18870,0.7771
18871,0.778
18872,0.7772
18873,0.7778
18874,0.778
18875,0.7771
18876,0.777
18877,0.7776
18878,0.7787
18879,0.7783
18880,0.7784
18881,0.7779
18882,0.7784
18883,0.7744
18884,0.7751
18885,0.7764
18886,0.7746
18887,0.7752
18888,0.7736
18889,0.7757
18890,0.7764
18891,0.7756
18892,0.7758
18893,0.7764
18894,0.7756
18895,0.777
18896,0.7769
18897,0.7764
18898,0.7767
18899,0.7773
18900,0.7782
18901,0.7781
18902,0.7785
18903,0.7788
18904,0.7783
18905,0.7774
18906,0.7779
18907,0.7775
18908,0.7766
18909,0.777
18910,0.7752
18911,0.7762
18912,0.7751
18913,0.7756
18914,0.776
18915,0.7745
18916,0.7771
18917,0.7768
18918,0.7763
18919,0.7769
18920,0.7769
18921,0.7772
18922,0.7763
18923,0.7744
18924,0.7752
18925,0.776
18926,0.7751
18927,0.7761
18928,0.7777
18929,0.7766
18930,0.7766
18931,0.7756
18932,0.776
18933,0.7762
18934,0.7762
18935,0.7763
18936,0.777
18937,0.7769
18938,0.7749
18939,0.7775
18940,0.7777
18941,0.7779
18942,0.7774
18943,0.7771
18944,0.7772
18945,0.7776
18946,0.7784
18947,0.7784
18948,0.7779
18949,0.7779
18950,0.7783
18951,0.7766
18952,0.7763
18953,0.7748
18954,0.7762
18955,0.7769
18956,0.7767
18957,0.7761
18958,0.7769
18959,0.7767
18960,0.7783
18961,0.7782
18962,0.7777
18963,0.7752
18964,0.7751
18965,0.7746
18966,0.7754
18967,0.7755
18968,0.7752
18969,0.776
18970,0.7763
18971,0.7779
18972,0.7775
18973,0.7778
18974,0.7763
18975,0.7775
18976,0.7769
18977,0.7772
18978,0.7773
18979,0.7771
18980,0.7773
18981,0.7768
18982,0.7775
18983,0.7766
18984,0.7755
18985,0.7765
18986,0.7774
18987,0.7765
18988,0.7764
18989,0.7765
18990,0.7768
18991,0.7764
18992,0.7761
18993,0.7763
18994,0.7762
18995,0.776
18996,0.7764
18997,0.7767
18998,0.7767
18999,0.7764
19000,0.7756
19001,0.7767
19002,0.7771
19003,0.777
19004,0.777
19005,0.7774
19006,0.7764
19007,0.7775
19008,0.7749
19009,0.7754
19010,0.7765
19011,0.7771
19012,0.7769
19013,0.7765
19014,0.776
19015,0.7772
19016,0.7759
19017,0.7761
19018,0.775
19019,0.7757
19020,0.773
19021,0.774
19022,0.7735
19023,0.7751
19024,0.7766
19025,0.7754
19026,0.7757
19027,0.7766
19028,0.7766
19029,0.7771
19030,0.7775
19031,0.7773
19032,0.7772
19033,0.7774
19034,0.7765
19035,0.7752
19036,0.7764
19037,0.7767
19038,0.7759
19039,0.7753
19040,0.7756
19041,0.7758
19042,0.7762
19043,0.7765
19044,0.7756
19045,0.7761
19046,0.7767
19047,0.7755
19048,0.7755
19049,0.7759
19050,0.776
19051,0.7767
19052,0.7758
19053,0.7754
19054,0.7766
19055,0.7771
19056,0.7764
19057,0.7761
19058,0.7749
19059,0.7749
19060,0.7749
19061,0.776
19062,0.775
19063,0.7759
19064,0.776
19065,0.7753
19066,0.7749
19067,0.7751
19068,0.7743
19069,0.776
19070,0.7762
19071,0.7762
19072,0.7758
19073,0.7751
19074,0.7749
19075,0.7756
19076,0.7735
19077,0.7749
19078,0.7754
19079,0.7753
19080,0.7744
19081,0.7745
19082,0.7747
19083,0.775
19084,0.775
19085,0.7751
19086,0.7751
19087,0.7758
19088,0.7757
19089,0.776
19090,0.7759
19091,0.7747
19092,0.7763
19093,0.7757
19094,0.7749
19095,0.7749
19096,0.7762
19097,0.7753
19098,0.7755
19099,0.7759
19100,0.7753
19101,0.7761
19102,0.7767
19103,0.7764
19104,0.7766
19105,0.7769
19106,0.7764
19107,0.7763
19108,0.7758
19109,0.7759
19110,0.7764
19111,0.7763
19112,0.776
19113,0.7757
19114,0.776
19115,0.7747
19116,0.7755
19117,0.7757
19118,0.7762
19119,0.7751
19120,0.7748
19121,0.7759
19122,0.7723
19123,0.7733
19124,0.7727
19125,0.7726
19126,0.7738
19127,0.7728
19128,0.7714
19129,0.773
19130,0.772
19131,0.7723
19132,0.7753
19133,0.7728
19134,0.7724
19135,0.7748
19136,0.7745
19137,0.7743
19138,0.7752
19139,0.7753
19140,0.776
19141,0.7752
19142,0.7763
19143,0.7765
19144,0.7757
19145,0.7763
19146,0.7761
19147,0.7768
19148,0.7771
19149,0.7763
19150,0.7756
19151,0.776
19152,0.7772
19153,0.7762
19154,0.7747
19155,0.7748
19156,0.7742
19157,0.7756
19158,0.776
19159,0.7746
19160,0.7749
19161,0.7749
19162,0.7751
19163,0.7746
19164,0.7745
19165,0.7751
19166,0.7748
19167,0.7743
19168,0.7745
19169,0.7764
19170,0.7749
19171,0.777
19172,0.777
19173,0.7767
19174,0.7763
19175,0.7761
19176,0.775
19177,0.7746
19178,0.774
19179,0.7757
19180,0.7757
19181,0.7761
19182,0.7762
19183,0.7767
19184,0.777
19185,0.7756
19186,0.7759
19187,0.7752
19188,0.7759
19189,0.7743
19190,0.7753
19191,0.7759
19192,0.7766
19193,0.7761
19194,0.7755
19195,0.776
19196,0.7763
19197,0.7763
19198,0.7752
19199,0.7745
19200,0.7752
19201,0.7752
19202,0.7767
19203,0.7765
19204,0.7757
19205,0.7746
19206,0.7759
19207,0.7763
19208,0.7748
19209,0.7763
19210,0.7762
19211,0.777
19212,0.7776
19213,0.7768
19214,0.7778
19215,0.7766
19216,0.7767
19217,0.7762
19218,0.7762
19219,0.7763
19220,0.7764
19221,0.7746
19222,0.7743
19223,0.7752
19224,0.7758
19225,0.7759
19226,0.7777
19227,0.7768
19228,0.7761
19229,0.7769
19230,0.7768
19231,0.7748
19232,0.7757
19233,0.7755
19234,0.7765
19235,0.7755
19236,0.7751
19237,0.7748
19238,0.7752
19239,0.7766
19240,0.776
19241,0.7745
19242,0.7736
19243,0.7742
19244,0.7735
19245,0.7745
19246,0.7752
19247,0.7754
19248,0.7752
19249,0.7749
19250,0.775
19251,0.7739
19252,0.7744
19253,0.7739
19254,0.7731
19255,0.7751
19256,0.7755
19257,0.7751
19258,0.7752
19259,0.7751
19260,0.7763
19261,0.7742
19262,0.7743
19263,0.7759
19264,0.7754
19265,0.7747
19266,0.7757
19267,0.7756
19268,0.7758
19269,0.7755
19270,0.7735
19271,0.775
19272,0.7751
19273,0.7755
19274,0.7762
19275,0.7761
19276,0.7766
19277,0.7763
19278,0.7767
19279,0.7765
19280,0.7762
19281,0.7765
19282,0.7756
19283,0.7747
19284,0.7761
19285,0.7743
19286,0.7758
19287,0.7763
19288,0.7762
19289,0.7742
19290,0.7759
19291,0.7766
19292,0.7759
19293,0.7774
19294,0.7767
19295,0.7769
19296,0.7757
19297,0.776
19298,0.7769
19299,0.7764
19300,0.7764
19301,0.7765
19302,0.7763
19303,0.778
19304,0.7785
19305,0.7785
19306,0.7787
19307,0.7783
19308,0.7774
19309,0.7782
19310,0.7778
19311,0.7773
19312,0.7776
19313,0.7778
19314,0.7772
19315,0.7777
19316,0.7773
19317,0.7774
19318,0.7767
19319,0.7773
19320,0.7779
19321,0.7776
19322,0.7786
19323,0.7785
19324,0.7783
19325,0.7788
19326,0.7779
19327,0.7785
19328,0.7768
19329,0.7774
19330,0.7775
19331,0.7768
19332,0.7781
19333,0.7784
19334,0.7781
19335,0.7772
19336,0.7774
19337,0.7747
19338,0.7753
19339,0.7755
19340,0.7747
19341,0.7757
19342,0.7756
19343,0.7748
19344,0.7756
19345,0.7762
19346,0.7764
19347,0.7759
19348,0.7764
19349,0.7769
19350,0.7771
19351,0.7773
19352,0.7777
19353,0.777
19354,0.7776
19355,0.7777
19356,0.7773
19357,0.7778
19358,0.7776
19359,0.7757
19360,0.776
19361,0.777
19362,0.7773
19363,0.7772
19364,0.7761
19365,0.7763
19366,0.7771
19367,0.7767
19368,0.7767
19369,0.7768
19370,0.7762
19371,0.7767
19372,0.7747
19373,0.7751
19374,0.7757
19375,0.7755
19376,0.7766
19377,0.7754
19378,0.7766
19379,0.775
19380,0.7748
19381,0.776
19382,0.7755
19383,0.7749
19384,0.7757
19385,0.7761
19386,0.7756
19387,0.7754
19388,0.7757
19389,0.7759
19390,0.7772
19391,0.7765
19392,0.7769
19393,0.7767
19394,0.7768
19395,0.7768
19396,0.7765
19397,0.7753
19398,0.7757
19399,0.7752
19400,0.7756
19401,0.7756
19402,0.7762
19403,0.7758
19404,0.7766
19405,0.7753
19406,0.7762
19407,0.7754
19408,0.7743
19409,0.7763
19410,0.7759
19411,0.7753
19412,0.776
19413,0.7747
19414,0.7753
19415,0.7751
19416,0.7742
19417,0.7746
19418,0.7739
19419,0.7744
19420,0.7743
19421,0.7758
19422,0.7765
19423,0.7766
19424,0.7767
19425,0.7759
19426,0.7762
19427,0.7761
19428,0.7763
19429,0.7761
19430,0.7766
19431,0.7748
19432,0.7759
19433,0.7747
19434,0.7756
19435,0.7753
19436,0.7745
19437,0.7748
19438,0.774
19439,0.7748
19440,0.7747
19441,0.7749
19442,0.7732
19443,0.7741
19444,0.7737
19445,0.7742
19446,0.7747
19447,0.7742
19448,0.7756
19449,0.7739
19450,0.7744
19451,0.7746
19452,0.7759
19453,0.7762
19454,0.7765
19455,0.7758
19456,0.7758
19457,0.7753
19458,0.7753
19459,0.7762
19460,0.7748
19461,0.7741
19462,0.7736
19463,0.7733
19464,0.7755
19465,0.7742
19466,0.7742
19467,0.7742
19468,0.7738
19469,0.7749
19470,0.7742
19471,0.7744
19472,0.7746
19473,0.7753
19474,0.7748
19475,0.7717
19476,0.7733
19477,0.7728
19478,0.775
19479,0.7745
19480,0.7736
19481,0.7732
19482,0.7735
19483,0.7749
19484,0.7751
19485,0.7743
19486,0.7725
19487,0.7722
19488,0.7714
19489,0.7749
19490,0.7747
19491,0.7725
19492,0.772
19493,0.7736
19494,0.7735
19495,0.7736
19496,0.7735
19497,0.7731
19498,0.7748
19499,0.7735
19500,0.7748
19501,0.7743
19502,0.7761
19503,0.7752
19504,0.7758
19505,0.7769
19506,0.7759
19507,0.7757
19508,0.7761
19509,0.7754
19510,0.7765
19511,0.7746
19512,0.7755
19513,0.7763
19514,0.7759
19515,0.7751
19516,0.7723
19517,0.7728
19518,0.7743
19519,0.7742
19520,0.7729
19521,0.7737
19522,0.7748
19523,0.7745
19524,0.7744
19525,0.7723
19526,0.7723
19527,0.7735
19528,0.7749
19529,0.7747
19530,0.7757
19531,0.7753
19532,0.775
19533,0.7738
19534,0.7741
19535,0.7728
19536,0.7727
19537,0.7735
19538,0.7731
19539,0.7734
19540,0.7729
19541,0.7732
19542,0.7744
19543,0.7741
19544,0.7736
19545,0.7744
19546,0.7742
19547,0.7747
19548,0.7748
19549,0.7751
19550,0.7753
19551,0.7754
19552,0.7755
19553,0.7757
19554,0.775
19555,0.7761
19556,0.7747
19557,0.7759
19558,0.7754
19559,0.7758
19560,0.7749
19561,0.7743
19562,0.7751
19563,0.7748
19564,0.7752
19565,0.7749
19566,0.7748
19567,0.7737
19568,0.7747
19569,0.775
19570,0.7747
19571,0.7752
19572,0.775
19573,0.7747
19574,0.7751
19575,0.7753
19576,0.775
19577,0.7752
19578,0.7745
19579,0.7745
19580,0.7746
19581,0.7745
19582,0.7754
19583,0.7729
19584,0.7737
19585,0.7746
19586,0.7744
19587,0.7741
19588,0.774
19589,0.7724
19590,0.7733
19591,0.7731
19592,0.7739
19593,0.7746
19594,0.7755
19595,0.7752
19596,0.7751
19597,0.7739
19598,0.7733
19599,0.7731
19600,0.7743
19601,0.7739
19602,0.7741
19603,0.774
19604,0.7739
19605,0.7737
19606,0.7739
19607,0.7734
19608,0.7734
19609,0.7732
19610,0.7746
19611,0.7743
19612,0.7747
19613,0.7745
19614,0.7744
19615,0.7745
19616,0.7736
19617,0.775
19618,0.7735
19619,0.774
19620,0.7741
19621,0.7715
19622,0.7723
19623,0.7724
19624,0.7725
19625,0.773
19626,0.7729
19627,0.7745
19628,0.7741
19629,0.7733
19630,0.773
19631,0.7747
19632,0.7747
19633,0.7748
19634,0.7741
19635,0.7743
19636,0.7743
19637,0.7726
19638,0.7748
19639,0.7741
19640,0.774
19641,0.7741
19642,0.7746
19643,0.775
19644,0.7752
19645,0.775
19646,0.7743
19647,0.7737
19648,0.774
19649,0.7741
19650,0.7746
19651,0.7733
19652,0.7742
19653,0.7737
19654,0.773
19655,0.7717
19656,0.7724
19657,0.7743
19658,0.7734
19659,0.7729
19660,0.7735
19661,0.7734
19662,0.7726
19663,0.7715
19664,0.7731
19665,0.7741
19666,0.775
19667,0.7742
19668,0.7741
19669,0.7736
19670,0.7724
19671,0.774
19672,0.774
19673,0.7725
19674,0.7738
19675,0.7728
19676,0.7732
19677,0.7743
19678,0.7742
19679,0.7752
19680,0.7758
19681,0.7748
19682,0.7747
19683,0.7737
19684,0.7732
19685,0.7742
19686,0.7746
19687,0.7737
19688,0.7724
19689,0.7735
19690,0.773
19691,0.7752
19692,0.7738
19693,0.7744
19694,0.7745
19695,0.7734
19696,0.7726
19697,0.7745
19698,0.7744
19699,0.7741
19700,0.7749
19701,0.7747
19702,0.7742
19703,0.7747
19704,0.7754
19705,0.7741
19706,0.774
19707,0.774
19708,0.773
19709,0.7723
19710,0.7732
19711,0.7743
19712,0.773
19713,0.7749
19714,0.7753
19715,0.774
19716,0.7747
19717,0.7752
19718,0.7749
19719,0.7737
19720,0.7745
19721,0.7745
19722,0.7725
19723,0.7736
19724,0.7743
19725,0.7741
19726,0.7746
19727,0.7734
19728,0.7747
19729,0.7744
19730,0.7738
19731,0.7738
19732,0.7738
19733,0.7745
19734,0.7755
19735,0.7745
19736,0.7751
19737,0.7739
19738,0.7735
19739,0.7743
19740,0.7754
19741,0.7745
19742,0.7732
19743,0.7736
19744,0.775
19745,0.775
19746,0.7758
19747,0.7754
19748,0.7754
19749,0.7758
19750,0.7745
19751,0.7735
19752,0.7734
19753,0.7732
19754,0.7735
19755,0.7721
19756,0.7716
19757,0.7713
19758,0.772
19759,0.7728
19760,0.7725
19761,0.7737
19762,0.7717
19763,0.7723
19764,0.7728
19765,0.7719
19766,0.772
19767,0.7744
19768,0.7746
19769,0.7732
19770,0.7714
19771,0.7735
19772,0.773
19773,0.7742
19774,0.7739
19775,0.7722
19776,0.7722
19777,0.7723
19778,0.7716
19779,0.7729
19780,0.7733
19781,0.773
19782,0.7732
19783,0.774
19784,0.7728
19785,0.7733
19786,0.7732
19787,0.7731
19788,0.7729
19789,0.7732
19790,0.7715
19791,0.7714
19792,0.7714
19793,0.7733
19794,0.7737
19795,0.7743
19796,0.7747
19797,0.7751
19798,0.7752
19799,0.775
19800,0.774
19801,0.7742
19802,0.7733
19803,0.773
19804,0.773
19805,0.7745
19806,0.7738
19807,0.7735
19808,0.7735
19809,0.774
19810,0.7733
19811,0.773
19812,0.7736
19813,0.7723
19814,0.7725
19815,0.7723
19816,0.7724
19817,0.7724
19818,0.7732
19819,0.7738
19820,0.7742
19821,0.7737
19822,0.7731
19823,0.7743
19824,0.774
19825,0.7736
19826,0.7731
19827,0.773
19828,0.7729
19829,0.7728
19830,0.7743
19831,0.7747
19832,0.7736
19833,0.773
19834,0.7736
19835,0.7733
19836,0.7746
19837,0.7744
19838,0.7751
19839,0.7742
19840,0.7743
19841,0.7739
19842,0.7757
19843,0.7741
19844,0.7743
19845,0.7743
19846,0.7746
19847,0.7715
19848,0.7722
19849,0.7732
19850,0.7736
19851,0.7741
19852,0.7745
19853,0.7748
19854,0.7749
19855,0.7744
19856,0.7744
19857,0.7744
19858,0.7743
19859,0.775
19860,0.7749
19861,0.7746
19862,0.7748
19863,0.7737
19864,0.773
19865,0.7739
19866,0.7739
19867,0.7737
19868,0.7731
19869,0.7729
19870,0.7735
19871,0.7739
19872,0.7735
19873,0.7732
19874,0.7738
19875,0.7743
19876,0.7736
19877,0.774
19878,0.7739
19879,0.7731
19880,0.7732
19881,0.7743
19882,0.7745
19883,0.7743
19884,0.7751
19885,0.7748
19886,0.7747
19887,0.7737
19888,0.7747
19889,0.7738
19890,0.7747
19891,0.7745
19892,0.7709
19893,0.7717
19894,0.772
19895,0.7726
19896,0.7736
19897,0.7732
19898,0.7736
19899,0.7741
19900,0.7736
19901,0.7726
19902,0.7728
19903,0.7764
19904,0.7721
19905,0.7716
19906,0.7726
19907,0.7734
19908,0.7724
19909,0.7729
19910,0.7727
19911,0.7737
19912,0.7728
19913,0.773
19914,0.7733
19915,0.7735
19916,0.7735
19917,0.7722
19918,0.7723
19919,0.774
19920,0.776
19921,0.7751
19922,0.7747
19923,0.7743
19924,0.7744
19925,0.7728
19926,0.7742
19927,0.7749
19928,0.7738
19929,0.7739
19930,0.773
19931,0.7733
19932,0.7733
19933,0.7729
19934,0.7747
19935,0.7752
19936,0.7739
19937,0.773
19938,0.774
19939,0.7744
19940,0.7728
19941,0.773
19942,0.7731
19943,0.7735
19944,0.7725
19945,0.774
19946,0.7746
19947,0.7746
19948,0.7742
19949,0.7749
19950,0.7744
19951,0.7741
19952,0.7744
19953,0.7734
19954,0.7723
19955,0.7735
19956,0.7743
19957,0.7738
19958,0.7745
19959,0.7715
19960,0.7711
19961,0.7773
19962,0.7776
19963,0.7778
19964,0.7771
19965,0.7784
19966,0.7771
19967,0.7765
19968,0.7763
19969,0.7764
19970,0.7767
19971,0.7762
19972,0.7762
19973,0.7772
19974,0.7771
19975,0.7765
19976,0.7771
19977,0.7768
19978,0.7774
19979,0.7773
19980,0.7775
19981,0.777
19982,0.776
19983,0.7766
19984,0.7767
19985,0.777
19986,0.7773
19987,0.7764
19988,0.775
19989,0.7752
19990,0.7764
19991,0.7769
19992,0.7757
19993,0.7766
19994,0.7766
19995,0.7769
19996,0.7742
19997,0.7735
19998,0.7725
19999,0.7735
20000,0.7735
20001,0.7752
20002,0.7763
20003,0.7754
20004,0.7715
20005,0.7721
20006,0.7728
20007,0.7722
20008,0.7743
20009,0.7741
20010,0.7743
20011,0.7737
20012,0.7749
20013,0.7744
20014,0.7745
20015,0.7747
20016,0.7743
20017,0.7746
20018,0.7731
20019,0.7736
20020,0.7737
20021,0.7729
20022,0.7729
20023,0.7733
20024,0.7725
20025,0.7717
20026,0.7727
20027,0.7721
20028,0.7739
20029,0.7734
20030,0.7725
20031,0.7724
20032,0.7692
20033,0.7698
20034,0.7708
20035,0.7718
20036,0.7719
20037,0.7732
20038,0.7734
20039,0.7719
20040,0.7725
20041,0.7727
20042,0.7734
20043,0.7736
20044,0.773
20045,0.7738
20046,0.7736
20047,0.7739
20048,0.7727
20049,0.7717
20050,0.7733
20051,0.7735
20052,0.7739
20053,0.7734
20054,0.7727
20055,0.7734
20056,0.7734
20057,0.7743
20058,0.7755
20059,0.7748
20060,0.774
20061,0.7744
20062,0.7744
20063,0.7745
20064,0.7747
20065,0.7748
20066,0.7733
20067,0.7736
20068,0.7729
20069,0.7723
20070,0.7715
20071,0.7722
20072,0.772
20073,0.7721
20074,0.7728
20075,0.7736
20076,0.7721
20077,0.7731
20078,0.7729
20079,0.7732
20080,0.7724
20081,0.773
20082,0.7732
20083,0.7725
20084,0.7724
20085,0.7729
20086,0.7744
20087,0.7734
20088,0.7729
20089,0.7728
20090,0.7737
20091,0.7735
20092,0.7738
20093,0.7744
20094,0.7736
20095,0.775
20096,0.7735
20097,0.7718
20098,0.7723
20099,0.7733
20100,0.7732
20101,0.7732
20102,0.7744
20103,0.774
20104,0.7739
20105,0.7742
20106,0.7741
20107,0.7732
20108,0.7731
20109,0.7735
20110,0.7733
20111,0.7731
20112,0.774
20113,0.773
20114,0.7747
20115,0.7746
20116,0.7738
20117,0.7739
20118,0.7729
20119,0.7724
20120,0.7734
20121,0.7733
20122,0.7739
20123,0.7736
20124,0.7734
20125,0.7722
20126,0.773
20127,0.7741
20128,0.7737
20129,0.7732
20130,0.7742
20131,0.7741
20132,0.7742
20133,0.7741
20134,0.7744
20135,0.7734
20136,0.7735
20137,0.7733
20138,0.773
20139,0.7741
20140,0.7738
20141,0.7741
20142,0.7742
20143,0.774
20144,0.7743
20145,0.7734
20146,0.7738
20147,0.773
20148,0.7737
20149,0.7751
20150,0.7731
20151,0.7752
20152,0.7731
20153,0.7732
20154,0.7733
20155,0.7743
20156,0.7743
20157,0.7751
20158,0.7709
20159,0.7733
20160,0.7731
20161,0.7702
20162,0.7718
20163,0.7716
20164,0.7707
20165,0.7713
20166,0.7708
20167,0.7716
20168,0.7715
20169,0.7734
20170,0.7719
20171,0.7737
20172,0.7738
20173,0.7743
20174,0.7703
20175,0.7714
20176,0.7717
20177,0.7712
20178,0.7714
20179,0.7704
20180,0.7714
20181,0.7718
20182,0.7718
20183,0.7731
20184,0.7728
20185,0.771
20186,0.7702
20187,0.7698
20188,0.7706
20189,0.7694
20190,0.772
20191,0.7721
20192,0.7717
20193,0.7714
20194,0.7701
20195,0.7696
20196,0.7701
20197,0.7706
20198,0.7718
20199,0.7726
20200,0.7709
20201,0.7691
20202,0.7704
20203,0.7707
20204,0.7688
20205,0.7686
20206,0.7692
20207,0.7695
20208,0.7699
20209,0.7679
20210,0.7669
20211,0.768
20212,0.7681
20213,0.7687
20214,0.767
20215,0.7675
20216,0.7695
20217,0.77
20218,0.7701
20219,0.7702
20220,0.7694
20221,0.7696
20222,0.7695
20223,0.771
20224,0.7705
20225,0.7694
20226,0.7686
20227,0.7685
20228,0.7685
20229,0.7693
20230,0.7694
20231,0.7702
20232,0.7702
20233,0.7699
20234,0.7695
20235,0.7684
20236,0.7694
20237,0.7691
20238,0.7697
20239,0.7693
20240,0.7688
20241,0.7701
20242,0.769
20243,0.7697
20244,0.7702
20245,0.7703
20246,0.7708
20247,0.7701
20248,0.7697
20249,0.7704
20250,0.7714
20251,0.7702
20252,0.77
20253,0.7701
20254,0.769
20255,0.7687
20256,0.7688
20257,0.7691
20258,0.77
20259,0.7701
20260,0.7685
20261,0.7664
20262,0.7684
20263,0.7695
20264,0.7665
20265,0.7679
20266,0.7687
20267,0.7696
20268,0.7693
20269,0.7686
20270,0.7685
20271,0.7696
20272,0.769
20273,0.77
20274,0.7706
20275,0.7692
20276,0.7705
20277,0.7701
20278,0.7704
20279,0.77
20280,0.7704
20281,0.7716
20282,0.7711
20283,0.7699
20284,0.7704
20285,0.7696
20286,0.7706
20287,0.7711
20288,0.7712
20289,0.7714
20290,0.7709
20291,0.7705
20292,0.7708
20293,0.7711
20294,0.7712
20295,0.7703
20296,0.7705
20297,0.7716
20298,0.7711
20299,0.7715
20300,0.7707
20301,0.7699
20302,0.7705
20303,0.7705
20304,0.7709
20305,0.7706
20306,0.7713
20307,0.7709
20308,0.7714
20309,0.7702
20310,0.7698
20311,0.7706
20312,0.7711
20313,0.7709
20314,0.7704
20315,0.7695
20316,0.7699
20317,0.7704
20318,0.7708
20319,0.7719
20320,0.7707
20321,0.7716
20322,0.7712
20323,0.7701
20324,0.7704
20325,0.7704
20326,0.771
20327,0.7713
20328,0.7706
20329,0.7705
20330,0.7703
20331,0.7705
20332,0.7701
20333,0.77
20334,0.7706
20335,0.771
20336,0.7706
20337,0.7705
20338,0.7705
20339,0.7708
20340,0.7711
20341,0.7716
20342,0.7704
20343,0.7709
20344,0.7695
20345,0.769
20346,0.7691
20347,0.7701
20348,0.7691
20349,0.7712
20350,0.7712
20351,0.7718
20352,0.7703
20353,0.7711
20354,0.7669
20355,0.7693
20356,0.7687
20357,0.7693
20358,0.7689
20359,0.7682
20360,0.7694
20361,0.7703
20362,0.7704
20363,0.7702
20364,0.7708
20365,0.7701
20366,0.7703
20367,0.7706
20368,0.7692
20369,0.7692
20370,0.7682
20371,0.7702
20372,0.7701
20373,0.7698
20374,0.7702
20375,0.7713
20376,0.7711
20377,0.7705
20378,0.7711
20379,0.7707
20380,0.7714
20381,0.7703
20382,0.7709
20383,0.7708
20384,0.7709
20385,0.7713
20386,0.7695
20387,0.7697
20388,0.77
20389,0.7706
20390,0.769
20391,0.7698
20392,0.7681
20393,0.7686
20394,0.7698
20395,0.7707
20396,0.7705
20397,0.7706
20398,0.7699
20399,0.7702
20400,0.7694
20401,0.77
20402,0.7686
20403,0.7704
20404,0.7708
20405,0.7713
20406,0.7701
20407,0.7684
20408,0.7677
20409,0.7689
20410,0.7694
20411,0.7697
20412,0.7691
20413,0.7706
20414,0.7708
20415,0.7707
20416,0.7712
20417,0.7718
20418,0.7718
20419,0.7719
20420,0.772
20421,0.7717
20422,0.7713
20423,0.7714
20424,0.7707
20425,0.7708
20426,0.7712
20427,0.7713
20428,0.7712
20429,0.7657
20430,0.7688
20431,0.7688
20432,0.7708
20433,0.771
20434,0.7707
20435,0.7697
20436,0.7696
20437,0.7711
20438,0.7679
20439,0.7679
20440,0.7693
20441,0.7691
20442,0.7708
20443,0.7709
20444,0.7715
20445,0.7715
20446,0.7713
20447,0.7706
20448,0.7697
20449,0.77
20450,0.7696
20451,0.7697
20452,0.7699
20453,0.7708
20454,0.7707
20455,0.7708
20456,0.7701
20457,0.7685
20458,0.7693
20459,0.7701
20460,0.7709
20461,0.769
20462,0.7703
20463,0.7698
20464,0.7702
20465,0.7667
20466,0.7678
20467,0.768
20468,0.7689
20469,0.7687
20470,0.7687
20471,0.769
20472,0.7699
20473,0.7699
20474,0.7696
20475,0.7693
20476,0.7707
20477,0.7709
20478,0.7709
20479,0.7709
20480,0.7706
20481,0.7702
20482,0.7703
20483,0.7699
20484,0.7712
20485,0.7702
20486,0.7699
20487,0.7713
20488,0.7703
20489,0.7712
20490,0.772
20491,0.7707
20492,0.7696
20493,0.7711
20494,0.7689
20495,0.7699
20496,0.7704
20497,0.7709
20498,0.7699
20499,0.768
20500,0.7682
20501,0.7688
20502,0.7679
20503,0.7697
20504,0.7691
20505,0.7705
20506,0.771
20507,0.7709
20508,0.7705
20509,0.7709
20510,0.7705
20511,0.7696
20512,0.7707
20513,0.7703
20514,0.7711
20515,0.7702
20516,0.7705
20517,0.7707
20518,0.7688
20519,0.7698
20520,0.7702
20521,0.7709
20522,0.7706
20523,0.7711
20524,0.7708
20525,0.7711
20526,0.771
20527,0.7695
20528,0.7706
20529,0.7691
20530,0.7696
20531,0.7701
20532,0.7702
20533,0.7705
20534,0.7705
20535,0.7709
20536,0.7706
20537,0.7709
20538,0.7714
20539,0.7709
20540,0.7698
20541,0.769
20542,0.7688
20543,0.7686
20544,0.7697
20545,0.77
20546,0.7704
20547,0.7701
20548,0.7703
20549,0.7709
20550,0.7704
20551,0.7689
20552,0.7703
20553,0.7704
20554,0.77
20555,0.7706
20556,0.7705
20557,0.7707
20558,0.7698
20559,0.7685
20560,0.7684
20561,0.7694
20562,0.769
20563,0.7681
20564,0.77
20565,0.7689
20566,0.7676
20567,0.7671
20568,0.7684
20569,0.7696
20570,0.7703
20571,0.7697
20572,0.7698
20573,0.7709
20574,0.7709
20575,0.7699
20576,0.7702
20577,0.771
20578,0.7705
20579,0.7705
20580,0.7681
20581,0.7684
20582,0.7693
20583,0.7697
20584,0.7702
20585,0.7704
20586,0.7699
20587,0.7688
20588,0.769
20589,0.7688
20590,0.7695
20591,0.7692
20592,0.769
20593,0.7686
20594,0.7686
20595,0.7691
20596,0.7695
20597,0.7704
20598,0.7694
20599,0.7697
20600,0.7708
20601,0.7704
20602,0.7706
20603,0.7715
20604,0.7707
20605,0.7674
20606,0.7686
20607,0.7681
20608,0.7684
20609,0.7699
20610,0.7696
20611,0.7698
20612,0.7709
20613,0.7709
20614,0.7701
20615,0.7703
20616,0.7697
20617,0.7693
20618,0.77
20619,0.77
20620,0.7706
20621,0.7701
20622,0.7713
20623,0.7701
20624,0.7704
20625,0.771
20626,0.7713
20627,0.7708
20628,0.7712
20629,0.7702
20630,0.771
20631,0.7701
20632,0.7691
20633,0.7684
20634,0.7694
20635,0.77
20636,0.7696
20637,0.77
20638,0.7695
20639,0.7693
20640,0.77
20641,0.7699
20642,0.7708
20643,0.7715
20644,0.7711
20645,0.7712
20646,0.7713
20647,0.7705
20648,0.7705
20649,0.7692
20650,0.7697
20651,0.7689
20652,0.7693
20653,0.7687
20654,0.7696
20655,0.7697
20656,0.77
20657,0.7691
20658,0.7674
20659,0.7681
20660,0.7681
20661,0.7699
20662,0.7681
20663,0.7685
20664,0.7694
20665,0.7705
20666,0.7702
20667,0.7702
20668,0.7707
20669,0.77
20670,0.7698
20671,0.7712
20672,0.7708
20673,0.7714
20674,0.7713
20675,0.7703
20676,0.771
20677,0.7703
20678,0.7699
20679,0.77
20680,0.7698
20681,0.7706
20682,0.7687
20683,0.7685
20684,0.7694
20685,0.7697
20686,0.7701
20687,0.7693
20688,0.7695
20689,0.7692
20690,0.7695
20691,0.7704
20692,0.7695
20693,0.7691
20694,0.7703
20695,0.7703
20696,0.7708
20697,0.7713
20698,0.7708
20699,0.771
20700,0.7692
20701,0.7701
20702,0.7694
20703,0.7701
20704,0.7691
20705,0.7697
20706,0.7705
20707,0.7693
20708,0.7692
20709,0.7703
20710,0.7728
20711,0.7709
20712,0.7711
20713,0.7682
20714,0.7693
20715,0.771
20716,0.7695
20717,0.7697
20718,0.7689
20719,0.7644
20720,0.7686
20721,0.7643
20722,0.7645
20723,0.7654
20724,0.7668
20725,0.7658
20726,0.7666
20727,0.7702
20728,0.77
20729,0.7672
20730,0.7642
20731,0.7666
20732,0.7666
20733,0.767
20734,0.7713
20735,0.7711
20736,0.7706
20737,0.7712
20738,0.7702
20739,0.771
20740,0.7709
20741,0.7706
20742,0.7698
20743,0.7709
20744,0.7698
20745,0.7704
20746,0.7708
20747,0.771
20748,0.7714
20749,0.7721
20750,0.7718
20751,0.7716
20752,0.7717
20753,0.7719
20754,0.7693
20755,0.7711
20756,0.7709
20757,0.7716
20758,0.7727
20759,0.7709
20760,0.7706
20761,0.7708
20762,0.7716
20763,0.772
20764,0.772
20765,0.7755
20766,0.7747
20767,0.7716
20768,0.7632
20769,0.7688
20770,0.7688
20771,0.7698
20772,0.77
20773,0.7695
20774,0.7699
20775,0.77
20776,0.7714
20777,0.7723
20778,0.7725
20779,0.7725
20780,0.7731
20781,0.7735
20782,0.7724
20783,0.7725
20784,0.7736
20785,0.773
20786,0.7725
20787,0.7709
20788,0.7728
20789,0.7726
20790,0.7726
20791,0.7711
20792,0.7721
20793,0.7728
20794,0.7716
20795,0.7725
20796,0.7728
20797,0.773
20798,0.7721
20799,0.7729
20800,0.7729
20801,0.773
20802,0.7753
20803,0.7747
20804,0.775
20805,0.775
20806,0.7746
20807,0.7752
20808,0.7756
20809,0.775
20810,0.7746
20811,0.774
20812,0.7735
20813,0.7738
20814,0.7738
20815,0.7734
20816,0.771
20817,0.7721
20818,0.7727
20819,0.7737
20820,0.7738
20821,0.7735
20822,0.7721
20823,0.7737
20824,0.7725
20825,0.7733
20826,0.7733
20827,0.7726
20828,0.7726
20829,0.7724
20830,0.7723
20831,0.7725
20832,0.7728
20833,0.7731
20834,0.7692
20835,0.7701
20836,0.7709
20837,0.7718
20838,0.771
20839,0.7721
20840,0.7718
20841,0.771
20842,0.7713
20843,0.7709
20844,0.7705
20845,0.7711
20846,0.7716
20847,0.7719
20848,0.7727
20849,0.7728
20850,0.7717
20851,0.7721
20852,0.7716
20853,0.7715
20854,0.7721
20855,0.7716
20856,0.7728
20857,0.7711
20858,0.7725
20859,0.7724
20860,0.7728
20861,0.7713
20862,0.7722
20863,0.7722
20864,0.772
20865,0.7719
20866,0.7718
20867,0.7712
20868,0.7716
20869,0.7723
20870,0.772
20871,0.772
20872,0.7726
20873,0.773
20874,0.7707
20875,0.7718
20876,0.7702
20877,0.7712
20878,0.7722
20879,0.7726
20880,0.7729
20881,0.7726
20882,0.772
20883,0.772
20884,0.7724
20885,0.7726
20886,0.7723
20887,0.7719
20888,0.7725
20889,0.7717
20890,0.7716
20891,0.7722
20892,0.7722
20893,0.7722
20894,0.7723
20895,0.771
20896,0.7712
20897,0.7693
20898,0.7651
20899,0.7732
20900,0.7714
20901,0.7719
20902,0.7717
20903,0.7714
20904,0.7721
20905,0.7726
20906,0.7728
20907,0.7729
20908,0.7729
20909,0.7726
20910,0.7727
20911,0.7728
20912,0.7732
20913,0.7726
20914,0.7731
20915,0.773
20916,0.7726
20917,0.7723
20918,0.7717
20919,0.7712
20920,0.7716
20921,0.7705
20922,0.7706
20923,0.7716
20924,0.7686
20925,0.7687
20926,0.7694
20927,0.7683
20928,0.7681
20929,0.7709
20930,0.7721
20931,0.773
20932,0.7719
20933,0.7732
20934,0.7733
20935,0.7732
20936,0.773
20937,0.7728
20938,0.7713
20939,0.772
20940,0.773
20941,0.7732
20942,0.773
20943,0.7731
20944,0.7732
20945,0.7728
20946,0.7736
20947,0.774
20948,0.7742
20949,0.7718
20950,0.7713
20951,0.7717
20952,0.7705
20953,0.7721
20954,0.7717
20955,0.7705
20956,0.7707
20957,0.7732
20958,0.7743
20959,0.7728
20960,0.7739
20961,0.7737
20962,0.7737
20963,0.7739
20964,0.7732
20965,0.774
20966,0.7738
20967,0.7739
20968,0.7734
20969,0.7733
20970,0.7733
20971,0.7735
20972,0.7732
20973,0.7742
20974,0.7734
20975,0.7742
20976,0.7743
20977,0.7733
20978,0.7745
20979,0.7737
20980,0.774
20981,0.7743
20982,0.7747
20983,0.7745
20984,0.7738
20985,0.774
20986,0.7741
20987,0.7731
20988,0.7731
20989,0.773
20990,0.7727
20991,0.7729
20992,0.7736
20993,0.7726
20994,0.7727
20995,0.7727
20996,0.7726
20997,0.7731
20998,0.7724
20999,0.7734
21000,0.7733
21001,0.7736
21002,0.774
21003,0.7737
21004,0.7743
21005,0.7738
21006,0.7736
21007,0.7738
21008,0.7736
21009,0.7749
21010,0.7737
21011,0.7738
21012,0.7737
21013,0.7739
21014,0.7741
21015,0.7728
21016,0.7728
21017,0.7722
21018,0.7719
21019,0.7718
21020,0.7712
21021,0.7721
21022,0.772
21023,0.7715
21024,0.7721
21025,0.7721
21026,0.7719
21027,0.7714
21028,0.7724
21029,0.7729
21030,0.7717
21031,0.7735
21032,0.7703
21033,0.77
21034,0.7711
21035,0.7713
21036,0.7714
21037,0.7716
21038,0.7707
21039,0.7714
21040,0.7712
21041,0.7722
21042,0.7722
21043,0.7723
21044,0.7712
21045,0.7713
21046,0.7709
21047,0.7712
21048,0.7714
21049,0.7707
21050,0.7711
21051,0.7709
21052,0.7719
21053,0.7709
21054,0.7712
21055,0.7714
21056,0.7707
21057,0.7711
21058,0.7711
21059,0.7712
21060,0.7714
21061,0.7716
21062,0.7721
21063,0.7721
21064,0.7715
21065,0.771
21066,0.7719
21067,0.7731
21068,0.7726
21069,0.7724
21070,0.7721
21071,0.771
21072,0.7719
21073,0.772
21074,0.7718
21075,0.772
21076,0.7724
21077,0.7725
21078,0.7725
21079,0.7723
21080,0.7719
21081,0.7719
21082,0.7721
21083,0.7718
21084,0.7708
21085,0.7713
21086,0.7724
21087,0.7713
21088,0.7705
21089,0.7702
21090,0.7708
21091,0.771
21092,0.7709
21093,0.7709
21094,0.7705
21095,0.7698
21096,0.7702
21097,0.767
21098,0.7672
21099,0.7679
21100,0.7699
21101,0.7698
21102,0.7706
21103,0.7693
21104,0.7708
21105,0.7707
21106,0.771
21107,0.7698
21108,0.7707
21109,0.7712
21110,0.7707
21111,0.7714
21112,0.7716
21113,0.7719
21114,0.7709
21115,0.7717
21116,0.772
21117,0.7722
21118,0.7736
21119,0.7725
21120,0.7714
21121,0.7727
21122,0.7714
21123,0.7716
21124,0.7713
21125,0.7724
21126,0.772
21127,0.7714
21128,0.7719
21129,0.7727
21130,0.7725
21131,0.7725
21132,0.7729
21133,0.7723
21134,0.7725
21135,0.77
21136,0.7721
21137,0.7722
21138,0.7722
21139,0.7714
21140,0.7726
21141,0.7721
21142,0.7721
21143,0.7717
21144,0.772
21145,0.7715
21146,0.7725
21147,0.7713
21148,0.7713
21149,0.7712
21150,0.7716
21151,0.7713
21152,0.7721
21153,0.7723
21154,0.7712
21155,0.7714
21156,0.7718
21157,0.7684
21158,0.7693
21159,0.7705
21160,0.7704
21161,0.7712
21162,0.7712
21163,0.7725
21164,0.7718
21165,0.7728
21166,0.773
21167,0.7728
21168,0.7725
21169,0.7714
21170,0.7697
21171,0.7708
21172,0.7709
21173,0.7717
21174,0.772
21175,0.7719
21176,0.7723
21177,0.7723
21178,0.772
21179,0.7726
21180,0.773
21181,0.7734
21182,0.7733
21183,0.7724
21184,0.7725
21185,0.7721
21186,0.7722
21187,0.772
21188,0.7718
21189,0.7714
21190,0.7722
21191,0.7723
21192,0.7725
21193,0.7694
21194,0.7704
21195,0.7705
21196,0.7711
21197,0.7717
21198,0.7725
21199,0.772
21200,0.7724
21201,0.7722
21202,0.7729
21203,0.7718
21204,0.7714
21205,0.7717
21206,0.7717
21207,0.7703
21208,0.7694
21209,0.7698
21210,0.769
21211,0.7708
21212,0.7711
21213,0.772
21214,0.7721
21215,0.7705
21216,0.7716
21217,0.7723
21218,0.7718
21219,0.7715
21220,0.7704
21221,0.7715
21222,0.7725
21223,0.7718
21224,0.7726
21225,0.7712
21226,0.7717
21227,0.7647
21228,0.7657
21229,0.766
21230,0.7664
21231,0.7662
21232,0.7653
21233,0.766
21234,0.7667
21235,0.7666
21236,0.7678
21237,0.7683
21238,0.7684
21239,0.7676
21240,0.7683
21241,0.769
21242,0.7692
21243,0.7694
21244,0.7688
21245,0.7693
21246,0.7697
21247,0.7696
21248,0.7695
21249,0.7683
21250,0.7679
21251,0.7682
21252,0.7687
21253,0.7695
21254,0.7706
21255,0.7696
21256,0.7699
21257,0.7695
21258,0.7699
21259,0.7689
21260,0.7699
21261,0.7699
21262,0.7709
21263,0.7685
21264,0.7688
21265,0.7681
21266,0.7693
21267,0.7702
21268,0.7706
21269,0.7688
21270,0.7694
21271,0.7685
21272,0.769
21273,0.77
21274,0.769
21275,0.7695
21276,0.7694
21277,0.7694
21278,0.7694
21279,0.7699
21280,0.7699
21281,0.7699
21282,0.7698
21283,0.7695
21284,0.7695
21285,0.7703
21286,0.7709
21287,0.7702
21288,0.7705
21289,0.7709
21290,0.7712
21291,0.77
21292,0.7703
21293,0.7685
21294,0.7688
21295,0.77
21296,0.7705
21297,0.7709
21298,0.7704
21299,0.7714
21300,0.7717
21301,0.7711
21302,0.7705
21303,0.7704
21304,0.7706
21305,0.7705
21306,0.7692
21307,0.7699
21308,0.7694
21309,0.7698
21310,0.77
21311,0.7695
21312,0.7697
21313,0.7705
21314,0.7708
21315,0.7706
21316,0.7688
21317,0.7699
21318,0.7693
21319,0.7699
21320,0.7707
21321,0.7698
21322,0.7694
21323,0.7703
21324,0.7706
21325,0.7699
21326,0.7706
21327,0.7708
21328,0.7704
21329,0.7696
21330,0.7708
21331,0.7702
21332,0.771
21333,0.7691
21334,0.7701
21335,0.7713
21336,0.7716
21337,0.7708
21338,0.7659
21339,0.7656
21340,0.7662
21341,0.7677
21342,0.7661
21343,0.7674
21344,0.7678
21345,0.7663
21346,0.7672
21347,0.7671
21348,0.7664
21349,0.7676
21350,0.7688
21351,0.7709
21352,0.7715
21353,0.7709
21354,0.7698
21355,0.7702
21356,0.771
21357,0.7704
21358,0.771
21359,0.7715
21360,0.7717
21361,0.7706
21362,0.7689
21363,0.7695
21364,0.7706
21365,0.7721
21366,0.7703
21367,0.7713
21368,0.771
21369,0.7717
21370,0.7707
21371,0.7707
21372,0.7699
21373,0.7703
21374,0.7709
21375,0.7714
21376,0.7714
21377,0.7718
21378,0.7714
21379,0.7708
21380,0.7699
21381,0.7705
21382,0.768
21383,0.7684
21384,0.7704
21385,0.7706
21386,0.7712
21387,0.7708
21388,0.7715
21389,0.7707
21390,0.7703
21391,0.7695
21392,0.7695
21393,0.7702
21394,0.7702
21395,0.7706
21396,0.7701
21397,0.7681
21398,0.7674
21399,0.7677
21400,0.7687
21401,0.7704
21402,0.7706
21403,0.7707
21404,0.7709
21405,0.7714
21406,0.7702
21407,0.7705
21408,0.7692
21409,0.7684
21410,0.7677
21411,0.7688
21412,0.7693
21413,0.7701
21414,0.7706
21415,0.7708
21416,0.7703
21417,0.7696
21418,0.7713
21419,0.7704
21420,0.7705
21421,0.7689
21422,0.7686
21423,0.7674
21424,0.7684
21425,0.768
21426,0.7678
21427,0.7684
21428,0.7673
21429,0.7684
21430,0.7689
21431,0.77
21432,0.7698
21433,0.7705
21434,0.7702
21435,0.7712
21436,0.7692
21437,0.769
21438,0.769
21439,0.7688
21440,0.768
21441,0.7676
21442,0.7692
21443,0.7695
21444,0.7689
21445,0.7668
21446,0.7657
21447,0.7678
21448,0.7655
21449,0.7675
21450,0.7683
21451,0.7689
21452,0.7689
21453,0.7705
21454,0.7697
21455,0.7693
21456,0.7709
21457,0.7701
21458,0.7679
21459,0.7686
21460,0.7682
21461,0.7686
21462,0.7694
21463,0.7697
21464,0.769
21465,0.7684
21466,0.77
21467,0.7691
21468,0.7686
21469,0.7673
21470,0.7669
21471,0.7669
21472,0.7679
21473,0.7689
21474,0.7674
21475,0.7653
21476,0.7662
21477,0.7633
21478,0.765
21479,0.7662
21480,0.7665
21481,0.7649
21482,0.7643
21483,0.7652
21484,0.7651
21485,0.7659
21486,0.7658
21487,0.7659
21488,0.7659
21489,0.7657
21490,0.7655
21491,0.7652
21492,0.7671
21493,0.7678
21494,0.7669
21495,0.7666
21496,0.7684
21497,0.7632
21498,0.7574
21499,0.7594
21500,0.7628
21501,0.7619
21502,0.7644
21503,0.7627
21504,0.7608
21505,0.7635
21506,0.7642
21507,0.7648
21508,0.7634
21509,0.764
21510,0.7647
21511,0.7647
21512,0.7655
21513,0.7657
21514,0.7658
21515,0.7657
21516,0.7656
21517,0.7659
21518,0.766
21519,0.7648
21520,0.7673
21521,0.7664
21522,0.7661
21523,0.7657
21524,0.7658
21525,0.765
21526,0.7655
21527,0.765
21528,0.7666
21529,0.7668
21530,0.7658
21531,0.7665
21532,0.7673
21533,0.7654
21534,0.7651
21535,0.7677
21536,0.7666
21537,0.7678
21538,0.7681
21539,0.7672
21540,0.7681
21541,0.766
21542,0.7658
21543,0.7645
21544,0.766
21545,0.7662
21546,0.7662
21547,0.765
21548,0.7662
21549,0.7671
21550,0.7666
21551,0.7658
21552,0.7659
21553,0.7659
21554,0.7661
21555,0.7663
21556,0.7664
21557,0.7678
21558,0.768
21559,0.7659
21560,0.7672
21561,0.7666
21562,0.7682
21563,0.7642
21564,0.7645
21565,0.7651
21566,0.7649
21567,0.7642
21568,0.7648
21569,0.766
21570,0.7668
21571,0.7651
21572,0.7654
21573,0.7655
21574,0.7656
21575,0.7614
21576,0.7644
21577,0.7627
21578,0.7641
21579,0.7647
21580,0.7631
21581,0.7626
21582,0.7652
21583,0.7616
21584,0.763
21585,0.7624
21586,0.7625
21587,0.7643
21588,0.7656
21589,0.7654
21590,0.7643
21591,0.7653
21592,0.765
21593,0.7645
21594,0.7652
21595,0.7636
21596,0.7645
21597,0.7652
21598,0.7646
21599,0.7649
21600,0.764
21601,0.7663
21602,0.7647
21603,0.7649
21604,0.7654
21605,0.765
21606,0.7645
21607,0.7653
21608,0.7646
21609,0.7666
21610,0.7652
21611,0.7656
21612,0.7634
21613,0.766
21614,0.766
21615,0.7658
21616,0.7671
21617,0.7669
21618,0.7667
21619,0.7667
21620,0.7661
21621,0.7652
21622,0.7653
21623,0.7657
21624,0.7652
21625,0.7656
21626,0.7662
21627,0.7656
21628,0.7664
21629,0.7666
21630,0.7675
21631,0.7674
21632,0.767
21633,0.7661
21634,0.7666
21635,0.7632
21636,0.7647
21637,0.7644
21638,0.7655
21639,0.7647
21640,0.7647
21641,0.7659
21642,0.7646
21643,0.7665
21644,0.7657
21645,0.7638
21646,0.7656
21647,0.765
21648,0.764
21649,0.7648
21650,0.7653
21651,0.7652
21652,0.7666
21653,0.7659
21654,0.7651
21655,0.7644
21656,0.7639
21657,0.7646
21658,0.7656
21659,0.7649
21660,0.765
21661,0.7647
21662,0.7642
21663,0.763
21664,0.7651
21665,0.7637
21666,0.7645
21667,0.7656
21668,0.7627
21669,0.7632
21670,0.7641
21671,0.764
21672,0.7642
21673,0.7637
21674,0.7661
21675,0.7614
21676,0.7629
21677,0.7626
21678,0.7638
21679,0.7647
21680,0.7655
21681,0.7641
21682,0.7627
21683,0.765
21684,0.766
21685,0.7646
21686,0.7664
21687,0.7651
21688,0.7642
21689,0.7655
21690,0.766
21691,0.7671
21692,0.7677
21693,0.7659
21694,0.7655
21695,0.766
21696,0.7664
21697,0.7658
21698,0.7659
21699,0.7665
21700,0.7659
21701,0.7643
21702,0.7632
21703,0.7633
21704,0.7641
21705,0.7644
21706,0.7657
21707,0.7649
21708,0.7653
21709,0.7643
21710,0.7661
21711,0.7652
21712,0.7629
21713,0.7643
21714,0.7641
21715,0.7647
21716,0.765
21717,0.7658
21718,0.7664
21719,0.7667
21720,0.7685
21721,0.768
21722,0.7679
21723,0.7677
21724,0.7675
21725,0.766
21726,0.7669
21727,0.768
21728,0.7677
21729,0.7686
21730,0.7635
21731,0.7639
21732,0.7643
21733,0.7641
21734,0.7641
21735,0.7641
21736,0.7649
21737,0.7642
21738,0.7654
21739,0.7664
21740,0.7659
21741,0.7658
21742,0.7662
21743,0.7655
21744,0.7664
21745,0.7659
21746,0.7657
21747,0.7653
21748,0.7658
21749,0.7662
21750,0.7655
21751,0.7631
21752,0.7654
21753,0.7657
21754,0.7639
21755,0.7656
21756,0.7654
21757,0.7667
21758,0.768
21759,0.7663
21760,0.7666
21761,0.7667
21762,0.7662
21763,0.7651
21764,0.7669
21765,0.7662
21766,0.7668
21767,0.7638
21768,0.7665
21769,0.7661
21770,0.7661
21771,0.768
21772,0.7666
21773,0.7675
21774,0.7656
21775,0.7675
21776,0.7661
21777,0.7661
21778,0.7666
21779,0.7666
21780,0.7663
21781,0.7667
21782,0.763
21783,0.765
21784,0.7652
21785,0.7651
21786,0.7673
21787,0.7676
21788,0.7677
21789,0.7667
21790,0.7683
21791,0.7681
21792,0.7664
21793,0.7671
21794,0.7673
21795,0.7674
21796,0.7677
21797,0.7659
21798,0.7648
21799,0.7632
21800,0.7651
21801,0.7663
21802,0.7643
21803,0.7673
21804,0.7684
21805,0.7691
21806,0.7655
21807,0.7636
21808,0.7651
21809,0.7662
21810,0.7665
21811,0.765
21812,0.7664
21813,0.7661
21814,0.7667
21815,0.7651
21816,0.7665
21817,0.7655
21818,0.7663
21819,0.7668
21820,0.7674
21821,0.7686
21822,0.7682
21823,0.7678
21824,0.7656
21825,0.766
21826,0.7658
21827,0.7657
21828,0.7664
21829,0.7661
21830,0.7664
21831,0.7665
21832,0.7654
21833,0.7667
21834,0.7662
21835,0.7662
21836,0.7665
21837,0.7651
21838,0.7626
21839,0.7639
21840,0.7642
21841,0.7645
21842,0.7662
21843,0.7651
21844,0.7657
21845,0.7663
21846,0.7651
21847,0.7663
21848,0.7647
21849,0.7649
21850,0.7665
21851,0.7673
21852,0.7663
21853,0.7671
21854,0.7666
21855,0.7675
21856,0.765
21857,0.7657
21858,0.7666
21859,0.7672
21860,0.7679
21861,0.7688
21862,0.7677
21863,0.7668
21864,0.7682
21865,0.7655
21866,0.7676
21867,0.7675
21868,0.7662
21869,0.7658
21870,0.7661
21871,0.7655
21872,0.7626
21873,0.7626
21874,0.7618
21875,0.763
21876,0.7627
21877,0.7644
21878,0.7645
21879,0.7646
21880,0.765
21881,0.7656
21882,0.7643
21883,0.7656
21884,0.7646
21885,0.7661
21886,0.7654
21887,0.7662
21888,0.7665
21889,0.7656
21890,0.7651
21891,0.7636
21892,0.7663
21893,0.7644
21894,0.766
21895,0.7646
21896,0.7662
21897,0.7657
21898,0.7659
21899,0.7655
21900,0.7655
21901,0.7663
21902,0.7673
21903,0.7648
21904,0.7644
21905,0.766
21906,0.7661
21907,0.7651
21908,0.7662
21909,0.7666
21910,0.7661
21911,0.7648
21912,0.766
21913,0.7665
21914,0.7656
21915,0.7647
21916,0.7634
21917,0.7649
21918,0.7662
21919,0.7671
21920,0.7668
21921,0.767
21922,0.7666
21923,0.7665
21924,0.7671
21925,0.767
21926,0.7668
21927,0.7665
21928,0.767
21929,0.7667
21930,0.7668
21931,0.7667
21932,0.7666
21933,0.7679
21934,0.7696
21935,0.769
21936,0.767
21937,0.7659
21938,0.7665
21939,0.7678
21940,0.7672
21941,0.767
21942,0.7625
21943,0.7635
21944,0.7646
21945,0.7636
21946,0.7635
21947,0.7638
21948,0.7652
21949,0.7653
21950,0.7651
21951,0.7648
21952,0.7653
21953,0.7645
21954,0.7641
21955,0.7638
21956,0.7655
21957,0.7636
21958,0.7645
21959,0.765
21960,0.7659
21961,0.7661
21962,0.7662
21963,0.7658
21964,0.7635
21965,0.7632
21966,0.7641
21967,0.7656
21968,0.7655
21969,0.7651
21970,0.7651
21971,0.7658
21972,0.7654
21973,0.7654
21974,0.7659
21975,0.7657
21976,0.7645
21977,0.765
21978,0.7649
21979,0.7652
21980,0.7653
21981,0.7658
21982,0.7657
21983,0.7662
21984,0.7667
21985,0.7666
21986,0.7673
21987,0.766
21988,0.7661
21989,0.7656
21990,0.766
21991,0.7667
21992,0.7677
21993,0.7669
21994,0.7661
21995,0.7661
21996,0.7662
21997,0.764
21998,0.764
21999,0.765
22000,0.7647
22001,0.7641
22002,0.7643
22003,0.7651
22004,0.7651
22005,0.7647
22006,0.7654
22007,0.7661
22008,0.7659
22009,0.7672
22010,0.766
22011,0.7649
22012,0.7637
22013,0.7647
22014,0.765
22015,0.7654
22016,0.7653
22017,0.7643
22018,0.7645
22019,0.7657
22020,0.7654
22021,0.765
22022,0.766
22023,0.7665
22024,0.7651
22025,0.7641
22026,0.7636
22027,0.764
22028,0.7647
22029,0.7658
22030,0.7643
22031,0.7651
22032,0.7656
22033,0.7648
22034,0.7629
22035,0.7662
22036,0.7656
22037,0.7651
22038,0.765
22039,0.7654
22040,0.7664
22041,0.7625
22042,0.7626
22043,0.7634
22044,0.7647
22045,0.7649
22046,0.7634
22047,0.763
22048,0.7635
22049,0.7633
22050,0.7633
22051,0.7639
22052,0.7644
22053,0.7632
22054,0.7635
22055,0.7636
22056,0.7647
22057,0.7651
22058,0.7664
22059,0.7659
22060,0.7648
22061,0.7647
22062,0.766
22063,0.7649
22064,0.7642
22065,0.7637
22066,0.7649
22067,0.7647
22068,0.7644
22069,0.7643
22070,0.7617
22071,0.7641
22072,0.7641
22073,0.7642
22074,0.7644
22075,0.7648
22076,0.7643
22077,0.764
22078,0.7637
22079,0.7657
22080,0.7656
22081,0.7661
22082,0.7667
22083,0.765
22084,0.7648
22085,0.765
22086,0.7645
22087,0.7652
22088,0.7654
22089,0.7657
22090,0.7658
22091,0.7662
22092,0.766
22093,0.7659
22094,0.7652
22095,0.766
22096,0.7658
22097,0.7659
22098,0.7653
22099,0.7654
22100,0.7651
22101,0.7656
22102,0.7656
22103,0.7653
22104,0.7664
22105,0.7657
22106,0.766
22107,0.767
22108,0.7639
22109,0.7637
22110,0.7652
22111,0.7654
22112,0.7661
22113,0.7663
22114,0.7668
22115,0.7661
22116,0.7657
22117,0.7639
22118,0.7653
22119,0.7656
22120,0.7662
22121,0.7664
22122,0.765
22123,0.7658
22124,0.7664
22125,0.766
22126,0.7648
22127,0.7659
22128,0.7658
22129,0.7656
22130,0.7658
22131,0.7657
22132,0.7655
22133,0.7657
22134,0.763
22135,0.765
22136,0.7655
22137,0.7659
22138,0.766
22139,0.7656
22140,0.7665
22141,0.762
22142,0.7618
22143,0.7627
22144,0.7634
22145,0.7628
22146,0.7646
22147,0.7644
22148,0.7652
22149,0.7648
22150,0.764
22151,0.7654
22152,0.7662
22153,0.7657
22154,0.7659
22155,0.7663
22156,0.7665
22157,0.7672
22158,0.7668
22159,0.767
22160,0.767
22161,0.7663
22162,0.7667
22163,0.7655
22164,0.7658
22165,0.7678
22166,0.767
22167,0.765
22168,0.7664
22169,0.7664
22170,0.7666
22171,0.7676
22172,0.7678
22173,0.7683
22174,0.7675
22175,0.7677
22176,0.7673
22177,0.7651
22178,0.7657
22179,0.7675
22180,0.7676
22181,0.7678
22182,0.767
22183,0.7684
22184,0.7681
22185,0.7676
22186,0.7668
22187,0.7665
22188,0.7669
22189,0.7645
22190,0.7643
22191,0.7656
22192,0.7657
22193,0.7675
22194,0.7674
22195,0.767
22196,0.767
22197,0.7671
22198,0.7674
22199,0.7658
22200,0.7655
22201,0.7654
22202,0.7663
22203,0.7626
22204,0.7629
22205,0.7637
22206,0.7629
22207,0.7639
22208,0.765
22209,0.7655
22210,0.7652
22211,0.7653
22212,0.7652
22213,0.7646
22214,0.7628
22215,0.7643
22216,0.7652
22217,0.7641
22218,0.7629
22219,0.7644
22220,0.7635
22221,0.7651
22222,0.7658
22223,0.765
22224,0.7645
22225,0.7656
22226,0.767
22227,0.7665
22228,0.7667
22229,0.7656
22230,0.7647
22231,0.7645
22232,0.766
22233,0.7661
22234,0.7648
22235,0.7647
22236,0.7652
22237,0.7658
22238,0.7651
22239,0.7651
22240,0.7645
22241,0.7641
22242,0.7639
22243,0.7642
22244,0.765
22245,0.7651
22246,0.7645
22247,0.7628
22248,0.7658
22249,0.7663
22250,0.764
22251,0.765
22252,0.7659
22253,0.7644
22254,0.7636
22255,0.764
22256,0.7642
22257,0.7631
22258,0.7651
22259,0.7636
22260,0.7637
22261,0.7627
22262,0.7637
22263,0.7628
22264,0.763
22265,0.7637
22266,0.7655
22267,0.7661
22268,0.7653
22269,0.7645
22270,0.7647
22271,0.7655
22272,0.7657
22273,0.7653
22274,0.7663
22275,0.7659
22276,0.7641
22277,0.7647
22278,0.7655
22279,0.7655
22280,0.7661
22281,0.7656
22282,0.7655
22283,0.7657
22284,0.765
22285,0.7667
22286,0.7659
22287,0.7661
22288,0.7657
22289,0.7663
22290,0.7662
22291,0.7666
22292,0.7667
22293,0.7655
22294,0.766
22295,0.7666
22296,0.7658
22297,0.765
22298,0.766
22299,0.7667
22300,0.7668
22301,0.7659
22302,0.766
22303,0.7666
22304,0.7654
22305,0.7658
22306,0.7652
22307,0.7661
22308,0.7656
22309,0.7664
22310,0.7657
22311,0.7657
22312,0.7657
22313,0.7653
22314,0.7657
22315,0.7641
22316,0.7654
22317,0.7649
22318,0.7663
22319,0.7667
22320,0.766
22321,0.766
22322,0.7642
22323,0.761
22324,0.7637
22325,0.7645
22326,0.7648
22327,0.7649
22328,0.7668
22329,0.7624
22330,0.7642
22331,0.7668
22332,0.7671
22333,0.7654
22334,0.7661
22335,0.7673
22336,0.7679
22337,0.7676
22338,0.763
22339,0.7632
22340,0.7629
22341,0.7642
22342,0.7643
22343,0.7636
22344,0.7642
22345,0.7651
22346,0.7658
22347,0.7658
22348,0.7646
22349,0.7647
22350,0.7651
22351,0.7645
22352,0.7645
22353,0.7648
22354,0.765
22355,0.7661
22356,0.7648
22357,0.766
22358,0.7662
22359,0.766
22360,0.7655
22361,0.7654
22362,0.7651
22363,0.7638
22364,0.7658
22365,0.7663
22366,0.7649
22367,0.7663
22368,0.7653
22369,0.7645
22370,0.766
22371,0.7647
22372,0.7659
22373,0.7656
22374,0.7661
22375,0.7661
22376,0.7665
22377,0.7665
22378,0.7663
22379,0.7654
22380,0.766
22381,0.765
22382,0.7666
22383,0.7648
22384,0.7644
22385,0.763
22386,0.7648
22387,0.7649
22388,0.7672
22389,0.7647
22390,0.7647
22391,0.764
22392,0.7629
22393,0.7645
22394,0.7655
22395,0.7638
22396,0.7639
22397,0.7647
22398,0.7628
22399,0.7624
22400,0.7639
22401,0.7618
22402,0.763
22403,0.7643
22404,0.7646
22405,0.7655
22406,0.7654
22407,0.7662
22408,0.7663
22409,0.7662
22410,0.7661
22411,0.7645
22412,0.7647
22413,0.7651
22414,0.766
22415,0.7659
22416,0.7652
22417,0.7651
22418,0.7656
22419,0.7651
22420,0.7657
22421,0.7661
22422,0.7656
22423,0.7656
22424,0.7653
22425,0.7651
22426,0.7657
22427,0.765
22428,0.7672
22429,0.7671
22430,0.7673
22431,0.7666
22432,0.766
22433,0.766
22434,0.7654
22435,0.7642
22436,0.7661
22437,0.7653
22438,0.7653
22439,0.7663
22440,0.7633
22441,0.7655
22442,0.7651
22443,0.766
22444,0.7651
22445,0.7661
22446,0.7659
22447,0.7665
22448,0.7658
22449,0.766
22450,0.766
22451,0.7663
22452,0.7664
22453,0.7656
22454,0.7663
22455,0.7662
22456,0.7664
22457,0.7661
22458,0.7657
22459,0.7657
22460,0.7659
22461,0.7654
22462,0.7651
22463,0.7655
22464,0.7656
22465,0.7664
22466,0.7666
22467,0.7665
22468,0.767
22469,0.7668
22470,0.7666
22471,0.7677
22472,0.7674
22473,0.7664
22474,0.7657
22475,0.7659
22476,0.7665
22477,0.7664
22478,0.7668
22479,0.7663
22480,0.7666
22481,0.7659
22482,0.7664
22483,0.7653
22484,0.767
22485,0.7672
22486,0.7659
22487,0.7671
22488,0.7664
22489,0.7652
22490,0.7654
22491,0.765
22492,0.7647
22493,0.7656
22494,0.7648
22495,0.7647
22496,0.7654
22497,0.7659
22498,0.7664
22499,0.766
22500,0.7675
22501,0.7668
22502,0.7659
22503,0.7666
22504,0.7671
22505,0.7664
22506,0.7669
22507,0.7673
22508,0.7666
22509,0.7667
22510,0.766
22511,0.7662
22512,0.7643
22513,0.7664
22514,0.7668
22515,0.7652
22516,0.7661
22517,0.7653
22518,0.766
22519,0.7659
22520,0.7652
22521,0.7654
22522,0.7651
22523,0.7704
22524,0.7712
22525,0.7707
22526,0.7699
22527,0.7661
22528,0.7651
22529,0.7675
22530,0.7674
22531,0.7678
22532,0.7684
22533,0.7698
22534,0.7698
22535,0.7684
22536,0.7696
22537,0.7684
22538,0.7689
22539,0.7698
22540,0.7695
22541,0.7691
22542,0.7701
22543,0.7674
22544,0.7683
22545,0.7689
22546,0.7692
22547,0.7682
22548,0.7672
22549,0.77
22550,0.77
22551,0.7694
22552,0.7688
22553,0.7691
22554,0.7695
22555,0.7693
22556,0.7696
22557,0.7704
22558,0.7708
22559,0.7711
22560,0.7679
22561,0.7685
22562,0.7698
22563,0.7703
22564,0.7697
22565,0.7701
22566,0.7689
22567,0.7696
22568,0.7702
22569,0.7707
22570,0.7704
22571,0.7698
22572,0.7689
22573,0.7708
22574,0.763
22575,0.7653
22576,0.7676
22577,0.7679
22578,0.7683
22579,0.7686
22580,0.7679
22581,0.7668
22582,0.7674
22583,0.7677
22584,0.7686
22585,0.7688
22586,0.7679
22587,0.7682
22588,0.7686
22589,0.7685
22590,0.7691
22591,0.7659
22592,0.7668
22593,0.7665
22594,0.7666
22595,0.7647
22596,0.7661
22597,0.7656
22598,0.7663
22599,0.7669
22600,0.7682
22601,0.7657
22602,0.7664
22603,0.7648
22604,0.7664
22605,0.7663
22606,0.7667
22607,0.768
22608,0.7671
22609,0.767
22610,0.7673
22611,0.7666
22612,0.7671
22613,0.7676
22614,0.7668
22615,0.7666
22616,0.768
22617,0.7682
22618,0.7682
22619,0.7689
22620,0.7646
22621,0.7655
22622,0.7671
22623,0.7676
22624,0.7667
22625,0.7676
22626,0.7694
22627,0.7689
22628,0.7696
22629,0.7695
22630,0.769
22631,0.7693
22632,0.769
22633,0.7683
22634,0.7674
22635,0.7686
22636,0.7693
22637,0.77
22638,0.77
22639,0.7687
22640,0.7677
22641,0.7688
22642,0.7684
22643,0.7695
22644,0.7688
22645,0.7641
22646,0.7663
22647,0.7675
22648,0.7674
22649,0.7658
22650,0.7662
22651,0.7669
22652,0.767
22653,0.7664
22654,0.7665
22655,0.7662
22656,0.7668
22657,0.7671
22658,0.7682
22659,0.7666
22660,0.7664
22661,0.7676
22662,0.7681
22663,0.7677
22664,0.7682
22665,0.768
22666,0.7681
22667,0.7685
22668,0.7685
22669,0.7691
22670,0.7685
22671,0.7687
22672,0.7681
22673,0.7687
22674,0.7685
22675,0.7678
22676,0.7677
22677,0.7638
22678,0.7651
22679,0.7654
22680,0.7642
22681,0.7642
22682,0.7655
22683,0.7662
22684,0.7667
22685,0.7662
22686,0.7659
22687,0.7667
22688,0.7663
22689,0.7662
22690,0.7656
22691,0.7652
22692,0.7662
22693,0.7669
22694,0.7668
22695,0.7676
22696,0.7662
22697,0.7677
22698,0.7685
22699,0.7675
22700,0.7658
22701,0.7676
22702,0.7688
22703,0.7666
22704,0.7679
22705,0.7677
22706,0.7675
22707,0.7671
22708,0.7672
22709,0.7653
22710,0.7675
22711,0.7693
22712,0.7686
22713,0.7682
22714,0.7687
22715,0.7666
22716,0.767
22717,0.7691
22718,0.7687
22719,0.7683
22720,0.7687
22721,0.7692
22722,0.7691
22723,0.7685
22724,0.7671
22725,0.7676
22726,0.7653
22727,0.766
22728,0.7662
22729,0.7653
22730,0.7657
22731,0.7665
22732,0.7667
22733,0.7666
22734,0.767
22735,0.7666
22736,0.7672
22737,0.7669
22738,0.765
22739,0.7658
22740,0.7661
22741,0.7629
22742,0.7652
22743,0.764
22744,0.7657
22745,0.7659
22746,0.7646
22747,0.7666
22748,0.7664
22749,0.7665
22750,0.7658
22751,0.7662
22752,0.7671
22753,0.7683
22754,0.7678
22755,0.7659
22756,0.7677
22757,0.7708
22758,0.768
22759,0.7674
22760,0.7664
22761,0.7688
22762,0.7685
22763,0.7689
22764,0.769
22765,0.7683
22766,0.7674
22767,0.7684
22768,0.769
22769,0.7667
22770,0.7679
22771,0.7685
22772,0.7676
22773,0.7678
22774,0.768
22775,0.7689
22776,0.769
22777,0.7695
22778,0.7653
22779,0.7662
22780,0.767
22781,0.7664
22782,0.7675
22783,0.7663
22784,0.7673
22785,0.7676
22786,0.7671
22787,0.7676
22788,0.7652
22789,0.7653
22790,0.7657
22791,0.7661
22792,0.764
22793,0.7654
22794,0.7661
22795,0.7655
22796,0.7661
22797,0.7651
22798,0.7647
22799,0.7641
22800,0.7654
22801,0.7667
22802,0.7662
22803,0.7664
22804,0.7668
22805,0.7659
22806,0.7654
22807,0.7662
22808,0.7655
22809,0.7669
22810,0.7674
22811,0.7667
22812,0.767
22813,0.7657
22814,0.7669
22815,0.7671
22816,0.7677
22817,0.7671
22818,0.7675
22819,0.7668
22820,0.7652
22821,0.7654
22822,0.765
22823,0.7653
22824,0.7663
22825,0.7665
22826,0.7683
22827,0.7674
22828,0.7683
22829,0.7674
22830,0.7679
22831,0.7668
22832,0.7675
22833,0.7676
22834,0.7669
22835,0.7663
22836,0.7667
22837,0.7673
22838,0.7669
22839,0.7666
22840,0.7676
22841,0.7661
22842,0.7674
22843,0.7665
22844,0.7664
22845,0.7682
22846,0.762
22847,0.7637
22848,0.7657
22849,0.7653
22850,0.7633
22851,0.7644
22852,0.7646
22853,0.764
22854,0.765
22855,0.7633
22856,0.764
22857,0.7647
22858,0.7655
22859,0.766
22860,0.7668
22861,0.7677
22862,0.767
22863,0.7667
22864,0.7671
22865,0.7655
22866,0.7664
22867,0.7657
22868,0.7643
22869,0.7643
22870,0.7649
22871,0.7638
22872,0.7651
22873,0.7652
22874,0.765
22875,0.7645
22876,0.7648
22877,0.7658
22878,0.7647
22879,0.7648
22880,0.7659
22881,0.7649
22882,0.7651
22883,0.7661
22884,0.7664
22885,0.7672
22886,0.7666
22887,0.7655
22888,0.7645
22889,0.766
22890,0.7651
22891,0.7662
22892,0.7667
22893,0.767
22894,0.7661
22895,0.7657
22896,0.7659
22897,0.7664
22898,0.7665
22899,0.7659
22900,0.7661
22901,0.7669
22902,0.7679
22903,0.7677
22904,0.7666
22905,0.7659
22906,0.767
22907,0.7665
22908,0.7663
22909,0.7653
22910,0.7657
22911,0.7665
22912,0.7656
22913,0.7656
22914,0.7656
22915,0.7652
22916,0.7652
22917,0.7652
22918,0.766
22919,0.7669
22920,0.7655
22921,0.765
22922,0.7655
22923,0.7663
22924,0.7658
22925,0.7654
22926,0.7652
22927,0.7663
22928,0.7658
22929,0.7662
22930,0.7678
22931,0.7663
22932,0.7658
22933,0.7649
22934,0.7656
22935,0.764
22936,0.7659
22937,0.7649
22938,0.7663
22939,0.7662
22940,0.7663
22941,0.7673
22942,0.7667
22943,0.7684
22944,0.7671
22945,0.7683
22946,0.7662
22947,0.7645
22948,0.766
22949,0.7651
22950,0.7644
22951,0.7649
22952,0.7655
22953,0.766
22954,0.7654
22955,0.7649
22956,0.7659
22957,0.7665
22958,0.7657
22959,0.7673
22960,0.7668
22961,0.7654
22962,0.7651
22963,0.7659
22964,0.7662
22965,0.7683
22966,0.7669
22967,0.7667
22968,0.7673
22969,0.7639
22970,0.7645
22971,0.7647
22972,0.7652
22973,0.7661
22974,0.7654
22975,0.766
22976,0.7664
22977,0.7661
22978,0.7661
22979,0.7657
22980,0.7657
22981,0.7654
22982,0.7653
22983,0.7673
22984,0.7664
22985,0.7665
22986,0.7656
22987,0.7648
22988,0.7629
22989,0.7637
22990,0.764
22991,0.7653
22992,0.767
22993,0.7659
22994,0.7673
22995,0.767
22996,0.7677
22997,0.7669
22998,0.766
22999,0.767
23000,0.7682
23001,0.7679
23002,0.768
23003,0.768
23004,0.7679
23005,0.7671
23006,0.7678
23007,0.7667
23008,0.7679
23009,0.768
23010,0.7684
23011,0.7679
23012,0.7672
23013,0.7674
23014,0.7673
23015,0.7697
23016,0.7702
23017,0.77
23018,0.7693
23019,0.7673
23020,0.7682
23021,0.7687
23022,0.7682
23023,0.7691
23024,0.768
23025,0.767
23026,0.7685
23027,0.7693
23028,0.7671
23029,0.7679
23030,0.7685
23031,0.7687
23032,0.7686
23033,0.7673
23034,0.7673
23035,0.7685
23036,0.769
23037,0.768
23038,0.7675
23039,0.7676
23040,0.7666
23041,0.7673
23042,0.7677
23043,0.7658
23044,0.7668
23045,0.7666
23046,0.7661
23047,0.7662
23048,0.7664
23049,0.7665
23050,0.7669
23051,0.7672
23052,0.767
23053,0.7669
23054,0.7661
23055,0.7614
23056,0.7686
23057,0.7674
23058,0.7681
23059,0.768
23060,0.7669
23061,0.7673
23062,0.7674
23063,0.7674
23064,0.7678
23065,0.769
23066,0.7686
23067,0.7682
23068,0.7681
23069,0.7667
23070,0.7667
23071,0.7676
23072,0.7671
23073,0.766
23074,0.7669
23075,0.7653
23076,0.766
23077,0.7658
23078,0.7659
23079,0.7671
23080,0.768
23081,0.7656
23082,0.7662
23083,0.7668
23084,0.7687
23085,0.7688
23086,0.7682
23087,0.7677
23088,0.7672
23089,0.7676
23090,0.7671
23091,0.7671
23092,0.766
23093,0.7675
23094,0.767
23095,0.7641
23096,0.7661
23097,0.7666
23098,0.7667
23099,0.7685
23100,0.7691
23101,0.7692
23102,0.7684
23103,0.7675
23104,0.7671
23105,0.7672
23106,0.7676
23107,0.7673
23108,0.7674
23109,0.7689
23110,0.7647
23111,0.7631
23112,0.764
23113,0.7643
23114,0.7645
23115,0.7646
23116,0.7656
23117,0.7653
23118,0.7658
23119,0.7653
23120,0.7663
23121,0.7667
23122,0.7659
23123,0.7654
23124,0.7664
23125,0.7668
23126,0.7664
23127,0.7649
23128,0.7645
23129,0.765
23130,0.7667
23131,0.7659
23132,0.7661
23133,0.7655
23134,0.7653
23135,0.7661
23136,0.7667
23137,0.7665
23138,0.7672
23139,0.767
23140,0.7668
23141,0.7679
23142,0.7679
23143,0.7666
23144,0.7674
23145,0.7672
23146,0.7669
23147,0.7669
23148,0.7672
23149,0.7659
23150,0.7657
23151,0.7665
23152,0.7683
23153,0.7676
23154,0.7688
23155,0.7678
23156,0.7674
23157,0.7663
23158,0.7674
23159,0.7676
23160,0.768
23161,0.7661
23162,0.7675
23163,0.7661
23164,0.7671
23165,0.7682
23166,0.7688
23167,0.7674
23168,0.7668
23169,0.766
23170,0.7678
23171,0.7675
23172,0.7675
23173,0.7681
23174,0.7661
23175,0.7667
23176,0.7664
23177,0.7662
23178,0.7668
23179,0.7647
23180,0.7659
23181,0.7644
23182,0.7661
23183,0.7665
23184,0.7653
23185,0.766
23186,0.7667
23187,0.7661
23188,0.7671
23189,0.7662
23190,0.7672
23191,0.7666
23192,0.7655
23193,0.7657
23194,0.7653
23195,0.7648
23196,0.7642
23197,0.7638
23198,0.7642
23199,0.7578
23200,0.76
23201,0.762
23202,0.7626
23203,0.763
23204,0.7639
23205,0.7659
23206,0.7651
23207,0.7651
23208,0.7655
23209,0.7654
23210,0.766
23211,0.7668
23212,0.7681
23213,0.7675
23214,0.7667
23215,0.7672
23216,0.7666
23217,0.7668
23218,0.7665
23219,0.7666
23220,0.7666
23221,0.7664
23222,0.7671
23223,0.7673
23224,0.7668
23225,0.7664
23226,0.7662
23227,0.7672
23228,0.7663
23229,0.7662
23230,0.7677
23231,0.7667
23232,0.7654
23233,0.7661
23234,0.7652
23235,0.7668
23236,0.7656
23237,0.7671
23238,0.7668
23239,0.7669
23240,0.7667
23241,0.7666
23242,0.7664
23243,0.7674
23244,0.7671
23245,0.7684
23246,0.7667
23247,0.7664
23248,0.7694
23249,0.769
23250,0.7678
23251,0.7678
23252,0.7657
23253,0.766
23254,0.7659
23255,0.7668
23256,0.7667
23257,0.7666
23258,0.7671
23259,0.7671
23260,0.7663
23261,0.7678
23262,0.7667
23263,0.7663
23264,0.7674
23265,0.7681
23266,0.7676
23267,0.7662
23268,0.7667
23269,0.7665
23270,0.7666
23271,0.7666
23272,0.767
23273,0.7667
23274,0.7669
23275,0.766
23276,0.7659
23277,0.7666
23278,0.7671
23279,0.7671
23280,0.767
23281,0.7676
23282,0.7674
23283,0.767
23284,0.7664
23285,0.7667
23286,0.7678
23287,0.7675
23288,0.767
23289,0.7667
23290,0.7668
23291,0.7648
23292,0.7646
23293,0.7661
23294,0.7655
23295,0.7669
23296,0.7663
23297,0.766
23298,0.767
23299,0.767
23300,0.7664
23301,0.7661
23302,0.7668
23303,0.767
23304,0.7666
23305,0.7671
23306,0.768
23307,0.7676
23308,0.766
23309,0.7654
23310,0.7669
23311,0.7678
23312,0.7665
23313,0.7673
23314,0.7668
23315,0.7664
23316,0.7665
23317,0.7663
23318,0.767
23319,0.7677
23320,0.767
23321,0.7674
23322,0.7677
23323,0.7673
23324,0.7668
23325,0.7675
23326,0.7679
23327,0.7672
23328,0.7681
23329,0.7672
23330,0.7666
23331,0.7667
23332,0.7661
23333,0.767
23334,0.7665
23335,0.7667
23336,0.7655
23337,0.7668
23338,0.7661
23339,0.7666
23340,0.7671
23341,0.7665
23342,0.7667
23343,0.7649
23344,0.7657
23345,0.7662
23346,0.766
23347,0.7659
23348,0.765
23349,0.7652
23350,0.7664
23351,0.7664
23352,0.7668
23353,0.7681
23354,0.7683
23355,0.7681
23356,0.7675
23357,0.7659
23358,0.7654
23359,0.766
23360,0.7663
23361,0.7662
23362,0.7658
23363,0.7648
23364,0.7653
23365,0.7652
23366,0.7654
23367,0.7667
23368,0.7655
23369,0.764
23370,0.7653
23371,0.765
23372,0.7661
23373,0.7657
23374,0.7662
23375,0.7661
23376,0.7636
23377,0.7646
23378,0.7641
23379,0.764
23380,0.7644
23381,0.764
23382,0.7646
23383,0.7632
23384,0.764
23385,0.7636
23386,0.7645
23387,0.7655
23388,0.7651
23389,0.7652
23390,0.7645
23391,0.7665
23392,0.7644
23393,0.7648
23394,0.7649
23395,0.7655
23396,0.7624
23397,0.7623
23398,0.7629
23399,0.7643
23400,0.765
23401,0.7657
23402,0.766
23403,0.7663
23404,0.7667
23405,0.7664
23406,0.7661
23407,0.7657
23408,0.7668
23409,0.7676
23410,0.768
23411,0.7672
23412,0.7668
23413,0.7678
23414,0.7659
23415,0.7663
23416,0.7673
23417,0.7669
23418,0.7669
23419,0.7664
23420,0.7654
23421,0.7645
23422,0.7652
23423,0.7647
23424,0.7644
23425,0.7656
23426,0.7651
23427,0.7645
23428,0.7634
23429,0.7646
23430,0.7649
23431,0.765
23432,0.7648
23433,0.7651
23434,0.7652
23435,0.7649
23436,0.7653
23437,0.7643
23438,0.7637
23439,0.7644
23440,0.7647
23441,0.7654
23442,0.7657
23443,0.7634
23444,0.7647
23445,0.7653
23446,0.7648
23447,0.7644
23448,0.7646
23449,0.7653
23450,0.7659
23451,0.7656
23452,0.7649
23453,0.7668
23454,0.7663
23455,0.7669
23456,0.7653
23457,0.7651
23458,0.7651
23459,0.7667
23460,0.7649
23461,0.7649
23462,0.7648
23463,0.7656
23464,0.7661
23465,0.7661
23466,0.7666
23467,0.7656
23468,0.7642
23469,0.7628
23470,0.768
23471,0.7678
23472,0.7658
23473,0.7667
23474,0.7665
23475,0.7652
23476,0.7649
23477,0.767
23478,0.7658
23479,0.7656
23480,0.7658
23481,0.7657
23482,0.766
23483,0.7639
23484,0.765
23485,0.7639
23486,0.7647
23487,0.7647
23488,0.7643
23489,0.7638
23490,0.7637
23491,0.7656
23492,0.7654
23493,0.7664
23494,0.7659
23495,0.7659
23496,0.7656
23497,0.7659
23498,0.7656
23499,0.7663
23500,0.7668
23501,0.766
23502,0.7656
23503,0.7652
23504,0.766
23505,0.7655
23506,0.7647
23507,0.7661
23508,0.7659
23509,0.7648
23510,0.7651
23511,0.7662
23512,0.7666
23513,0.766
23514,0.7659
23515,0.7659
23516,0.7659
23517,0.766
23518,0.7658
23519,0.7665
23520,0.7667
23521,0.7672
23522,0.7658
23523,0.7664
23524,0.7657
23525,0.7666
23526,0.7656
23527,0.7649
23528,0.7653
23529,0.7652
23530,0.7657
23531,0.7665
23532,0.7663
23533,0.7636
23534,0.7645
23535,0.7649
23536,0.7649
23537,0.7655
23538,0.7651
23539,0.7648
23540,0.7651
23541,0.7636
23542,0.7658
23543,0.7658
23544,0.764
23545,0.7641
23546,0.7635
23547,0.7624
23548,0.7647
23549,0.7649
23550,0.7643
23551,0.765
23552,0.766
23553,0.7649
23554,0.7657
23555,0.766
23556,0.7648
23557,0.7657
23558,0.7649
23559,0.7647
23560,0.7622
23561,0.7639
23562,0.764
23563,0.7648
23564,0.7653
23565,0.7648
23566,0.7642
23567,0.7651
23568,0.7655
23569,0.7663
23570,0.7644
23571,0.7653
23572,0.7656
23573,0.7649
23574,0.7655
23575,0.7657
23576,0.7663
23577,0.7656
23578,0.7659
23579,0.7657
23580,0.7657
23581,0.7648
23582,0.765
23583,0.766
23584,0.7662
23585,0.766
23586,0.7667
23587,0.7653
23588,0.7642
23589,0.7656
23590,0.7658
23591,0.7656
23592,0.7656
23593,0.7649
23594,0.765
23595,0.7631
23596,0.7649
23597,0.7647
23598,0.7664
23599,0.7669
23600,0.7673
23601,0.7673
23602,0.7645
23603,0.7662
23604,0.7656
23605,0.7662
23606,0.7668
23607,0.7662
23608,0.7669
23609,0.7653
23610,0.7662
23611,0.7659
23612,0.7651
23613,0.7651
23614,0.7648
23615,0.7645
23616,0.7646
23617,0.7648
23618,0.7652
23619,0.7652
23620,0.7655
23621,0.7655
23622,0.765
23623,0.765
23624,0.7656
23625,0.7637
23626,0.765
23627,0.7641
23628,0.7647
23629,0.7651
23630,0.7661
23631,0.7654
23632,0.7651
23633,0.7647
23634,0.7643
23635,0.7657
23636,0.7647
23637,0.7657
23638,0.7655
23639,0.7657
23640,0.7654
23641,0.7652
23642,0.7659
23643,0.766
23644,0.7661
23645,0.7658
23646,0.7649
23647,0.7647
23648,0.7648
23649,0.7649
23650,0.7653
23651,0.7653
23652,0.7635
23653,0.7644
23654,0.7659
23655,0.764
23656,0.7654
23657,0.7648
23658,0.7651
23659,0.766
23660,0.7665
23661,0.7654
23662,0.7652
23663,0.7655
23664,0.7652
23665,0.7655
23666,0.7648
23667,0.7657
23668,0.7647
23669,0.7655
23670,0.7663
23671,0.7673
23672,0.7666
23673,0.7664
23674,0.7659
23675,0.766
23676,0.7659
23677,0.7658
23678,0.7663
23679,0.7665
23680,0.7672
23681,0.7666
23682,0.767
23683,0.7671
23684,0.7675
23685,0.7664
23686,0.7666
23687,0.7671
23688,0.766
23689,0.7661
23690,0.7668
23691,0.7631
23692,0.7633
23693,0.7637
23694,0.7617
23695,0.7636
23696,0.7647
23697,0.7647
23698,0.7633
23699,0.7632
23700,0.7622
23701,0.7631
23702,0.7655
23703,0.7651
23704,0.7648
23705,0.765
23706,0.7651
23707,0.7653
23708,0.7624
23709,0.7616
23710,0.7618
23711,0.7627
23712,0.7628
23713,0.7638
23714,0.7628
23715,0.7628
23716,0.7626
23717,0.7631
23718,0.7645
23719,0.7654
23720,0.7658
23721,0.765
23722,0.7653
23723,0.7658
23724,0.7646
23725,0.765
23726,0.7646
23727,0.7653
23728,0.7651
23729,0.7647
23730,0.7645
23731,0.7644
23732,0.7649
23733,0.7659
23734,0.765
23735,0.7656
23736,0.7659
23737,0.7648
23738,0.765
23739,0.7655
23740,0.7659
23741,0.7652
23742,0.7649
23743,0.7658
23744,0.7663
23745,0.7645
23746,0.7671
23747,0.7671
23748,0.7653
23749,0.765
23750,0.7635
23751,0.7642
23752,0.7626
23753,0.7641
23754,0.7646
23755,0.7648
23756,0.7644
23757,0.7622
23758,0.7616
23759,0.7664
23760,0.7619
23761,0.7615
23762,0.7607
23763,0.7614
23764,0.7665
23765,0.7626
23766,0.7616
23767,0.7622
23768,0.7622
23769,0.7637
23770,0.7627
23771,0.763
23772,0.7634
23773,0.7646
23774,0.7647
23775,0.7641
23776,0.7646
23777,0.7638
23778,0.764
23779,0.7643
23780,0.7643
23781,0.7641
23782,0.7614
23783,0.7624
23784,0.7634
23785,0.7649
23786,0.7661
23787,0.7651
23788,0.7658
23789,0.7666
23790,0.7666
23791,0.7668
23792,0.7658
23793,0.7664
23794,0.7637
23795,0.7654
23796,0.7654
23797,0.7664
23798,0.767
23799,0.7673
23800,0.7673
23801,0.7664
23802,0.7663
23803,0.7669
23804,0.7663
23805,0.7667
23806,0.7644
23807,0.7651
23808,0.7653
23809,0.7638
23810,0.7647
23811,0.7638
23812,0.7643
23813,0.7646
23814,0.765
23815,0.7647
23816,0.7654
23817,0.7654
23818,0.7645
23819,0.7647
23820,0.7648
23821,0.7644
23822,0.7642
23823,0.7648
23824,0.7646
23825,0.7648
23826,0.765
23827,0.7644
23828,0.7639
23829,0.7633
23830,0.7634
23831,0.7642
23832,0.7635
23833,0.7654
23834,0.7648
23835,0.7655
23836,0.7655
23837,0.7655
23838,0.7656
23839,0.7644
23840,0.7649
23841,0.765
23842,0.7645
23843,0.7634
23844,0.7649
23845,0.7635
23846,0.7637
23847,0.7633
23848,0.765
23849,0.7633
23850,0.7639
23851,0.7639
23852,0.7655
23853,0.7655
23854,0.7654
23855,0.7644
23856,0.7634
23857,0.7643
23858,0.765
23859,0.7659
23860,0.7648
23861,0.7663
23862,0.7648
23863,0.7641
23864,0.7641
23865,0.7622
23866,0.762
23867,0.7633
23868,0.7628
23869,0.7635
23870,0.7617
23871,0.7628
23872,0.7626
23873,0.763
23874,0.7633
23875,0.7632
23876,0.7627
23877,0.762
23878,0.7608
23879,0.7616
23880,0.762
23881,0.7614
23882,0.761
23883,0.7608
23884,0.7603
23885,0.7618
23886,0.7618
23887,0.7613
23888,0.7608
23889,0.761
23890,0.761
23891,0.7595
23892,0.7605
23893,0.7605
23894,0.7626
23895,0.7631
23896,0.7622
23897,0.7621
23898,0.7623
23899,0.7675
23900,0.7675
23901,0.7669
23902,0.7669
23903,0.7672
23904,0.7637
23905,0.7583
23906,0.7597
23907,0.7594
23908,0.7596
23909,0.7605
23910,0.7601
23911,0.7608
23912,0.7624
23913,0.7606
23914,0.7615
23915,0.7609
23916,0.7616
23917,0.7617
23918,0.7613
23919,0.7606
23920,0.7608
23921,0.7618
23922,0.7614
23923,0.7602
23924,0.7608
23925,0.7607
23926,0.7617
23927,0.7612
23928,0.7625
23929,0.7625
23930,0.7621
23931,0.762
23932,0.7621
23933,0.7628
23934,0.7618
23935,0.7616
23936,0.7624
23937,0.7623
23938,0.7622
23939,0.7616
23940,0.7618
23941,0.7627
23942,0.7625
23943,0.7618
23944,0.7607
23945,0.7609
23946,0.7609
23947,0.7598
23948,0.7598
23949,0.7603
23950,0.761
23951,0.7623
23952,0.7617
23953,0.7618
23954,0.7621
23955,0.7617
23956,0.758
23957,0.7597
23958,0.7604
23959,0.7603
23960,0.7611
23961,0.7627
23962,0.7609
23963,0.7615
23964,0.7617
23965,0.7614
23966,0.762
23967,0.7621
23968,0.7615
23969,0.7617
23970,0.7624
23971,0.7618
23972,0.762
23973,0.7619
23974,0.7617
23975,0.7624
23976,0.7621
23977,0.7607
23978,0.7612
23979,0.7609
23980,0.7618
23981,0.7607
23982,0.761
23983,0.7614
23984,0.7609
23985,0.7622
23986,0.7612
23987,0.7605
23988,0.7606
23989,0.7609
23990,0.7615
23991,0.7612
23992,0.7604
23993,0.7611
23994,0.7606
23995,0.7611
23996,0.7613
23997,0.7605
23998,0.7604
23999,0.76
24000,0.7617
24001,0.7609
24002,0.7609
24003,0.7606
24004,0.7593
24005,0.7594
24006,0.7602
24007,0.759
24008,0.7606
24009,0.7594
24010,0.7618
24011,0.7621
24012,0.7621
24013,0.7612
24014,0.7613
24015,0.7614
24016,0.7627
24017,0.7629
24018,0.7616
24019,0.7615
24020,0.7623
24021,0.7626
24022,0.7613
24023,0.7594
24024,0.7598
24025,0.7598
24026,0.7605
24027,0.7603
24028,0.7602
24029,0.7597
24030,0.7594
24031,0.7634
24032,0.7639
24033,0.7641
24034,0.765
24035,0.7638
24036,0.7642
24037,0.7643
24038,0.7604
24039,0.7576
24040,0.7593
24041,0.7597
24042,0.7595
24043,0.7595
24044,0.7581
24045,0.7582
24046,0.7581
24047,0.759
24048,0.7585
24049,0.7584
24050,0.759
24051,0.7575
24052,0.7581
24053,0.7587
24054,0.7584
24055,0.7595
24056,0.7594
24057,0.7599
24058,0.7602
24059,0.7591
24060,0.7591
24061,0.7595
24062,0.7592
24063,0.7604
24064,0.7608
24065,0.7597
24066,0.7604
24067,0.7606
24068,0.7604
24069,0.7603
24070,0.7605
24071,0.7599
24072,0.7601
24073,0.7545
24074,0.7605
24075,0.7597
24076,0.7598
24077,0.7583
24078,0.7591
24079,0.7596
24080,0.7593
24081,0.7596
24082,0.7569
24083,0.7579
24084,0.758
24085,0.7571
24086,0.7573
24087,0.7566
24088,0.7588
24089,0.7571
24090,0.7573
24091,0.7583
24092,0.7586
24093,0.7589
24094,0.7592
24095,0.7606
24096,0.7616
24097,0.759
24098,0.7598
24099,0.7585
24100,0.7591
24101,0.7606
24102,0.7603
24103,0.7606
24104,0.7608
24105,0.7594
24106,0.7586
24107,0.7588
24108,0.758
24109,0.7594
24110,0.7598
24111,0.7601
24112,0.76
24113,0.758
24114,0.7585
24115,0.7593
24116,0.7597
24117,0.76
24118,0.7598
24119,0.7594
24120,0.7603
24121,0.7601
24122,0.7602
24123,0.761
24124,0.7603
24125,0.76
24126,0.7554
24127,0.7571
24128,0.7573
24129,0.7561
24130,0.758
24131,0.7576
24132,0.7593
24133,0.7592
24134,0.7596
24135,0.761
24136,0.7575
24137,0.7592
24138,0.7591
24139,0.7598
24140,0.7603
24141,0.7606
24142,0.76
24143,0.7589
24144,0.7591
24145,0.7594
24146,0.7592
24147,0.7593
24148,0.7592
24149,0.7592
24150,0.7595
24151,0.7595
24152,0.7592
24153,0.7599
24154,0.7603
24155,0.76
24156,0.7598
24157,0.7594
24158,0.7589
24159,0.76
24160,0.7598
24161,0.759
24162,0.759
24163,0.7599
24164,0.7595
24165,0.759
24166,0.7598
24167,0.7603
24168,0.7588
24169,0.7593
24170,0.7597
24171,0.7576
24172,0.7586
24173,0.76
24174,0.76
24175,0.7595
24176,0.7599
24177,0.7603
24178,0.76
24179,0.7605
24180,0.7606
24181,0.7601
24182,0.7598
24183,0.7584
24184,0.7592
24185,0.7598
24186,0.7583
24187,0.759
24188,0.7578
24189,0.7596
24190,0.7609
24191,0.7603
24192,0.7603
24193,0.7597
24194,0.76
24195,0.7603
24196,0.7604
24197,0.7606
24198,0.7594
24199,0.7584
24200,0.7603
24201,0.7602
24202,0.7605
24203,0.7599
24204,0.76
24205,0.76
24206,0.7596
24207,0.7596
24208,0.7583
24209,0.7598
24210,0.7604
24211,0.7607
24212,0.7609
24213,0.7601
24214,0.7604
24215,0.7615
24216,0.761
24217,0.7609
24218,0.7604
24219,0.7614
24220,0.7601
24221,0.7606
24222,0.762
24223,0.7622
24224,0.7617
24225,0.7611
24226,0.7617
24227,0.7609
24228,0.7623
24229,0.7574
24230,0.7593
24231,0.7595
24232,0.7587
24233,0.7594
24234,0.7597
24235,0.7594
24236,0.7592
24237,0.7598
24238,0.7607
24239,0.7611
24240,0.7611
24241,0.761
24242,0.7613
24243,0.7624
24244,0.7614
24245,0.7611
24246,0.7612
24247,0.7603
24248,0.7606
24249,0.7632
24250,0.7611
24251,0.7618
24252,0.762
24253,0.7628
24254,0.7623
24255,0.7612
24256,0.761
24257,0.7609
24258,0.7617
24259,0.7592
24260,0.7597
24261,0.7604
24262,0.7609
24263,0.7597
24264,0.7583
24265,0.7598
24266,0.7601
24267,0.761
24268,0.759
24269,0.7582
24270,0.7584
24271,0.7595
24272,0.7602
24273,0.76
24274,0.7618
24275,0.7617
24276,0.7602
24277,0.76
24278,0.7618
24279,0.7608
24280,0.7605
24281,0.7604
24282,0.7606
24283,0.7608
24284,0.7607
24285,0.7614
24286,0.7587
24287,0.7606
24288,0.7612
24289,0.7614
24290,0.7605
24291,0.7601
24292,0.7587
24293,0.7596
24294,0.76
24295,0.7598
24296,0.7592
24297,0.7588
24298,0.7599
24299,0.7604
24300,0.7601
24301,0.7606
24302,0.7605
24303,0.7615
24304,0.7614
24305,0.7597
24306,0.7596
24307,0.7597
24308,0.7599
24309,0.7597
24310,0.7602
24311,0.7608
24312,0.7614
24313,0.7613
24314,0.7602
24315,0.7593
24316,0.7596
24317,0.7603
24318,0.7599
24319,0.7566
24320,0.7562
24321,0.7568
24322,0.7571
24323,0.7575
24324,0.7584
24325,0.7585
24326,0.7598
24327,0.7594
24328,0.759
24329,0.7592
24330,0.7586
24331,0.7598
24332,0.7585
24333,0.7579
24334,0.7564
24335,0.7567
24336,0.7578
24337,0.7581
24338,0.7582
24339,0.7583
24340,0.7585
24341,0.7569
24342,0.7583
24343,0.7583
24344,0.758
24345,0.7589
24346,0.7586
24347,0.7589
24348,0.7589
24349,0.7597
24350,0.7598
24351,0.7579
24352,0.7596
24353,0.7607
24354,0.7606
24355,0.7612
24356,0.7612
24357,0.7602
24358,0.7597
24359,0.7602
24360,0.7606
24361,0.7597
24362,0.7595
24363,0.7581
24364,0.7603
24365,0.7591
24366,0.7593
24367,0.7604
24368,0.7601
24369,0.7603
24370,0.7602
24371,0.7604
24372,0.7603
24373,0.7605
24374,0.7599
24375,0.7606
24376,0.7601
24377,0.7608
24378,0.761
24379,0.7605
24380,0.7605
24381,0.7606
24382,0.7603
24383,0.7576
24384,0.7576
24385,0.759
24386,0.7584
24387,0.7587
24388,0.7594
24389,0.7591
24390,0.7594
24391,0.7596
24392,0.7606
24393,0.7585
24394,0.7587
24395,0.7603
24396,0.7606
24397,0.7601
24398,0.76
24399,0.7602
24400,0.7605
24401,0.7603
24402,0.7606
24403,0.7601
24404,0.7602
24405,0.7589
24406,0.7603
24407,0.7612
24408,0.7613
24409,0.7586
24410,0.7592
24411,0.7596
24412,0.7606
24413,0.7594
24414,0.76
24415,0.7599
24416,0.7597
24417,0.7599
24418,0.7602
24419,0.7595
24420,0.7584
24421,0.76
24422,0.7603
24423,0.7605
24424,0.7602
24425,0.7598
24426,0.7589
24427,0.7586
24428,0.759
24429,0.7601
24430,0.7612
24431,0.7609
24432,0.7582
24433,0.7589
24434,0.7599
24435,0.7573
24436,0.7577
24437,0.7592
24438,0.7598
24439,0.7607
24440,0.76
24441,0.7603
24442,0.7609
24443,0.7585
24444,0.76
24445,0.7598
24446,0.761
24447,0.7585
24448,0.758
24449,0.7589
24450,0.7601
24451,0.7601
24452,0.7603
24453,0.7606
24454,0.7608
24455,0.7614
24456,0.7617
24457,0.7616
24458,0.7599
24459,0.7582
24460,0.7596
24461,0.7589
24462,0.7589
24463,0.7598
24464,0.7601
24465,0.7611
24466,0.7599
24467,0.7605
24468,0.7618
24469,0.7614
24470,0.7608
24471,0.7612
24472,0.7609
24473,0.7608
24474,0.7614
24475,0.7614
24476,0.7614
24477,0.7605
24478,0.7597
24479,0.7602
24480,0.7619
24481,0.7604
24482,0.7605
24483,0.7604
24484,0.7606
24485,0.7585
24486,0.7596
24487,0.7592
24488,0.7591
24489,0.7598
24490,0.7614
24491,0.7593
24492,0.7608
24493,0.7608
24494,0.7614
24495,0.7564
24496,0.7559
24497,0.7577
24498,0.7582
24499,0.7592
24500,0.7588
24501,0.7594
24502,0.7584
24503,0.759
24504,0.7601
24505,0.758
24506,0.7597
24507,0.7599
24508,0.7595
24509,0.7591
24510,0.7594
24511,0.7599
24512,0.7597
24513,0.7597
24514,0.7594
24515,0.7599
24516,0.76
24517,0.7596
24518,0.7594
24519,0.76
24520,0.7591
24521,0.7593
24522,0.7587
24523,0.7587
24524,0.7586
24525,0.7591
24526,0.7589
24527,0.7596
24528,0.7596
24529,0.7598
24530,0.7601
24531,0.7581
24532,0.7571
24533,0.758
24534,0.7577
24535,0.7607
24536,0.7589
24537,0.7591
24538,0.7596
24539,0.7603
24540,0.7605
24541,0.7606
24542,0.7608
24543,0.7611
24544,0.7607
24545,0.7615
24546,0.7615
24547,0.761
24548,0.7609
24549,0.7605
24550,0.7606
24551,0.7596
24552,0.7608
24553,0.7614
24554,0.7599
24555,0.7606
24556,0.7606
24557,0.7601
24558,0.7597
24559,0.7598
24560,0.7607
24561,0.7595
24562,0.7593
24563,0.7601
24564,0.76
24565,0.7603
24566,0.7589
24567,0.7599
24568,0.7578
24569,0.759
24570,0.7619
24571,0.7618
24572,0.7613
24573,0.7596
24574,0.7592
24575,0.7605
24576,0.7596
24577,0.7599
24578,0.7616
24579,0.7606
24580,0.7582
24581,0.7609
24582,0.7601
24583,0.7613
24584,0.7585
24585,0.7565
24586,0.7576
24587,0.7591
24588,0.7602
24589,0.7594
24590,0.7609
24591,0.7611
24592,0.762
24593,0.7607
24594,0.7605
24595,0.76
24596,0.7598
24597,0.7591
24598,0.7591
24599,0.7596
24600,0.7571
24601,0.7581
24602,0.759
24603,0.7588
24604,0.7591
24605,0.7595
24606,0.7596
24607,0.7591
24608,0.759
24609,0.7589
24610,0.7591
24611,0.7597
24612,0.7585
24613,0.7602
24614,0.7615
24615,0.7612
24616,0.7592
24617,0.7612
24618,0.7595
24619,0.7591
24620,0.7607
24621,0.7611
24622,0.7611
24623,0.7601
24624,0.759
24625,0.7592
24626,0.7603
24627,0.7605
24628,0.762
24629,0.7633
24630,0.7631
24631,0.7617
24632,0.7624
24633,0.7622
24634,0.7626
24635,0.7626
24636,0.7611
24637,0.7625
24638,0.7619
24639,0.7617
24640,0.7619
24641,0.7628
24642,0.7611
24643,0.7602
24644,0.7608
24645,0.7622
24646,0.7629
24647,0.7608
24648,0.7617
24649,0.761
24650,0.7611
24651,0.7601
24652,0.7614
24653,0.7606
24654,0.7602
24655,0.7606
24656,0.7604
24657,0.7615
24658,0.7612
24659,0.7611
24660,0.7608
24661,0.7618
24662,0.7587
24663,0.7584
24664,0.7582
24665,0.7587
24666,0.759
24667,0.7596
24668,0.7592
24669,0.7606
24670,0.7612
24671,0.7607
24672,0.7577
24673,0.7589
24674,0.7601
24675,0.761
24676,0.7609
24677,0.761
24678,0.7588
24679,0.76
24680,0.7603
24681,0.7602
24682,0.7606
24683,0.7599
24684,0.76
24685,0.7606
24686,0.7601
24687,0.7602
24688,0.7606
24689,0.7599
24690,0.7599
24691,0.7609
24692,0.7615
24693,0.7614
24694,0.7617
24695,0.7612
24696,0.7597
24697,0.7577
24698,0.7594
24699,0.7597
24700,0.7619
24701,0.7599
24702,0.7604
24703,0.7608
24704,0.7611
24705,0.7607
24706,0.7569
24707,0.7599
24708,0.7607
24709,0.7569
24710,0.7576
24711,0.7576
24712,0.7574
24713,0.7586
24714,0.7593
24715,0.7599
24716,0.7602
24717,0.7607
24718,0.7603
24719,0.7603
24720,0.7583
24721,0.7594
24722,0.7596
24723,0.7602
24724,0.7608
24725,0.76
24726,0.7596
24727,0.7606
24728,0.7613
24729,0.762
24730,0.7586
24731,0.7593
24732,0.7596
24733,0.7594
24734,0.7595
24735,0.7596
24736,0.761
24737,0.7602
24738,0.7593
24739,0.7601
24740,0.7602
24741,0.7591
24742,0.7598
24743,0.7592
24744,0.7593
24745,0.7601
24746,0.7605
24747,0.7608
24748,0.7613
24749,0.7608
24750,0.7604
24751,0.7611
24752,0.7604
24753,0.7608
24754,0.761
24755,0.7611
24756,0.7607
24757,0.7605
24758,0.7614
24759,0.7611
24760,0.7595
24761,0.7605
24762,0.7601
24763,0.7589
24764,0.7603
24765,0.7607
24766,0.7618
24767,0.7605
24768,0.7601
24769,0.7607
24770,0.7608
24771,0.7607
24772,0.7597
24773,0.7591
24774,0.7591
24775,0.7598
24776,0.76
24777,0.7578
24778,0.7596
24779,0.7585
24780,0.758
24781,0.7585
24782,0.7599
24783,0.7573
24784,0.7579
24785,0.7591
24786,0.759
24787,0.7594
24788,0.7591
24789,0.7598
24790,0.7599
24791,0.7598
24792,0.7587
24793,0.7587
24794,0.7574
24795,0.7587
24796,0.7579
24797,0.761
24798,0.76
24799,0.7599
24800,0.7586
24801,0.7605
24802,0.7599
24803,0.7606
24804,0.7612
24805,0.7614
24806,0.7605
24807,0.7599
24808,0.76
24809,0.7607
24810,0.7606
24811,0.7599
24812,0.7604
24813,0.7597
24814,0.7614
24815,0.7616
24816,0.7612
24817,0.7617
24818,0.7612
24819,0.7587
24820,0.7589
24821,0.7602
24822,0.7595
24823,0.7575
24824,0.7599
24825,0.7602
24826,0.7605
24827,0.7602
24828,0.7601
24829,0.7594
24830,0.763
24831,0.7583
24832,0.7604
24833,0.76
24834,0.7588
24835,0.7603
24836,0.7597
24837,0.7611
24838,0.7602
24839,0.7605
24840,0.7594
24841,0.7602
24842,0.7616
24843,0.7608
24844,0.7614
24845,0.7608
24846,0.7615
24847,0.7599
24848,0.7608
24849,0.7605
24850,0.7607
24851,0.761
24852,0.7605
24853,0.761
24854,0.7597
24855,0.7601
24856,0.7611
24857,0.7605
24858,0.7605
24859,0.7601
24860,0.7611
24861,0.7586
24862,0.7604
24863,0.7607
24864,0.7553
24865,0.7583
24866,0.7598
24867,0.7602
24868,0.7595
24869,0.7595
24870,0.7599
24871,0.7603
24872,0.7586
24873,0.759
24874,0.7595
24875,0.7596
24876,0.7594
24877,0.7605
24878,0.7612
24879,0.7606
24880,0.7615
24881,0.7606
24882,0.7614
24883,0.7611
24884,0.7602
24885,0.7597
24886,0.7613
24887,0.7605
24888,0.7603
24889,0.7611
24890,0.7608
24891,0.7615
24892,0.7599
24893,0.7576
24894,0.7559
24895,0.7578
24896,0.7609
24897,0.7615
24898,0.762
24899,0.7624
24900,0.7613
24901,0.7617
24902,0.7625
24903,0.7624
24904,0.7623
24905,0.761
24906,0.7602
24907,0.7619
24908,0.7613
24909,0.7592
24910,0.7603
24911,0.7622
24912,0.762
24913,0.7614
24914,0.7608
24915,0.7614
24916,0.761
24917,0.7623
24918,0.7629
24919,0.7624
24920,0.7621
24921,0.7638
24922,0.7641
24923,0.762
24924,0.7627
24925,0.7627
24926,0.7634
24927,0.7642
24928,0.7632
24929,0.7631
24930,0.7634
24931,0.7624
24932,0.7632
24933,0.7618
24934,0.7634
24935,0.7642
24936,0.7615
24937,0.7632
24938,0.7641
24939,0.764
24940,0.7636
24941,0.7633
24942,0.7617
24943,0.7618
24944,0.7626
24945,0.7616
24946,0.7613
24947,0.7615
24948,0.7588
24949,0.7619
24950,0.7609
24951,0.7605
24952,0.7612
24953,0.7614
24954,0.758
24955,0.7605
24956,0.7605
24957,0.762
24958,0.7622
24959,0.7608
24960,0.7614
24961,0.7609
24962,0.7607
24963,0.7611
24964,0.7604
24965,0.7608
24966,0.7618
24967,0.7601
24968,0.76
24969,0.7602
24970,0.7612
24971,0.7611
24972,0.7608
24973,0.7611
24974,0.7618
24975,0.7616
24976,0.7628
24977,0.762
24978,0.7609
24979,0.762
24980,0.7614
24981,0.7617
24982,0.7618
24983,0.7624
24984,0.7612
24985,0.7612
24986,0.7608
24987,0.7607
24988,0.7608
24989,0.7598
24990,0.7608
24991,0.7603
24992,0.7613
24993,0.7613
24994,0.7618
24995,0.7625
24996,0.7598
24997,0.761
24998,0.7618
24999,0.7613
25000,0.761
25001,0.7619
25002,0.7582
25003,0.7583
25004,0.7585
25005,0.7583
25006,0.7586
25007,0.759
25008,0.7594
25009,0.759
25010,0.7594
25011,0.7598
25012,0.7597
25013,0.7598
25014,0.761
25015,0.7608
25016,0.7607
25017,0.7596
25018,0.7606
25019,0.7618
25020,0.7616
25021,0.7595
25022,0.7614
25023,0.7617
25024,0.7621
25025,0.7614
25026,0.7619
25027,0.7598
25028,0.7607
25029,0.7618
25030,0.7599
25031,0.761
25032,0.7607
25033,0.7588
25034,0.7598
25035,0.7598
25036,0.7607
25037,0.7593
25038,0.7597
25039,0.7589
25040,0.7576
25041,0.7564
25042,0.7565
25043,0.7563
25044,0.7572
25045,0.7562
25046,0.7564
25047,0.7577
25048,0.7577
25049,0.7581
25050,0.7589
25051,0.7572
25052,0.7571
25053,0.758
25054,0.7545
25055,0.7566
25056,0.7564
25057,0.757
25058,0.7577
25059,0.755
25060,0.756
25061,0.7571
25062,0.7579
25063,0.757
25064,0.7572
25065,0.7573
25066,0.7556
25067,0.7575
25068,0.757
25069,0.7567
25070,0.7571
25071,0.757
25072,0.7566
25073,0.7562
25074,0.7568
25075,0.755
25076,0.7571
25077,0.7576
25078,0.7575
25079,0.7578
25080,0.7586
25081,0.7582
25082,0.7583
25083,0.7588
25084,0.7574
25085,0.7584
25086,0.7576
25087,0.7584
25088,0.7579
25089,0.7585
25090,0.7591
25091,0.7591
25092,0.7573
25093,0.7572
25094,0.758
25095,0.7577
25096,0.7562
25097,0.7565
25098,0.7578
25099,0.7574
25100,0.757
25101,0.7573
25102,0.7563
25103,0.7572
25104,0.7573
25105,0.758
25106,0.7583
25107,0.7579
25108,0.7581
25109,0.757
25110,0.7578
25111,0.7578
25112,0.7571
25113,0.7571
25114,0.7566
25115,0.7568
25116,0.7568
25117,0.7567
25118,0.7562
25119,0.756
25120,0.7568
25121,0.7557
25122,0.7574
25123,0.7575
25124,0.7581
25125,0.7586
25126,0.7584
25127,0.7582
25128,0.7579
25129,0.758
25130,0.7574
25131,0.7569
25132,0.7572
25133,0.757
25134,0.7568
25135,0.7573
25136,0.7584
25137,0.7578
25138,0.7562
25139,0.7578
25140,0.7552
25141,0.7563
25142,0.7563
25143,0.7573
25144,0.757
25145,0.7573
25146,0.7569
25147,0.7569
25148,0.758
25149,0.7584
25150,0.7578
25151,0.7581
25152,0.7589
25153,0.7587
25154,0.7581
25155,0.7584
25156,0.759
25157,0.7572
25158,0.7565
25159,0.7578
25160,0.7571
25161,0.7572
25162,0.7572
25163,0.7581
25164,0.7581
25165,0.7579
25166,0.7582
25167,0.7581
25168,0.7589
25169,0.7588
25170,0.7597
25171,0.7593
25172,0.7601
25173,0.7566
25174,0.7565
25175,0.7568
25176,0.7569
25177,0.7576
25178,0.7579
25179,0.7582
25180,0.7575
25181,0.7582
25182,0.7587
25183,0.7585
25184,0.7585
25185,0.7577
25186,0.7558
25187,0.7535
25188,0.7558
25189,0.7561
25190,0.7563
25191,0.7573
25192,0.7572
25193,0.7569
25194,0.757
25195,0.757
25196,0.7567
25197,0.7579
25198,0.7582
25199,0.7582
25200,0.7571
25201,0.7558
25202,0.7563
25203,0.7576
25204,0.758
25205,0.7574
25206,0.7575
25207,0.7551
25208,0.7563
25209,0.7564
25210,0.7569
25211,0.7571
25212,0.756
25213,0.7569
25214,0.7557
25215,0.7556
25216,0.7563
25217,0.7562
25218,0.7564
25219,0.7567
25220,0.7576
25221,0.7573
25222,0.7567
25223,0.7574
25224,0.7573
25225,0.757
25226,0.7574
25227,0.7583
25228,0.7582
25229,0.7557
25230,0.7565
25231,0.7566
25232,0.7569
25233,0.7567
25234,0.7574
25235,0.7571
25236,0.757
25237,0.7576
25238,0.7577
25239,0.7573
25240,0.7574
25241,0.758
25242,0.7585
25243,0.7571
25244,0.7573
25245,0.7576
25246,0.7572
25247,0.7578
25248,0.7583
25249,0.7572
25250,0.7575
25251,0.7589
25252,0.7586
25253,0.759
25254,0.7588
25255,0.7584
25256,0.7583
25257,0.759
25258,0.7586
25259,0.759
25260,0.7593
25261,0.7581
25262,0.7583
25263,0.7581
25264,0.7577
25265,0.759
25266,0.7592
25267,0.7584
25268,0.7582
25269,0.7581
25270,0.7584
25271,0.7586
25272,0.7582
25273,0.7582
25274,0.7584
25275,0.7588
25276,0.7597
25277,0.7599
25278,0.759
25279,0.7584
25280,0.7583
25281,0.7576
25282,0.7583
25283,0.7564
25284,0.7577
25285,0.7576
25286,0.7568
25287,0.7576
25288,0.7572
25289,0.7576
25290,0.7581
25291,0.7577
25292,0.7581
25293,0.7579
25294,0.7583
25295,0.7582
25296,0.7586
25297,0.7582
25298,0.7582
25299,0.7563
25300,0.759
25301,0.7592
25302,0.7589
25303,0.759
25304,0.7588
25305,0.7592
25306,0.7595
25307,0.7595
25308,0.7596
25309,0.7582
25310,0.7588
25311,0.7579
25312,0.7586
25313,0.7574
25314,0.7579
25315,0.7584
25316,0.759
25317,0.7592
25318,0.7587
25319,0.7589
25320,0.7594
25321,0.759
25322,0.758
25323,0.7589
25324,0.7589
25325,0.7572
25326,0.7574
25327,0.7572
25328,0.7573
25329,0.7579
25330,0.7577
25331,0.7577
25332,0.758
25333,0.758
25334,0.7588
25335,0.757
25336,0.7575
25337,0.7572
25338,0.7555
25339,0.7558
25340,0.7585
25341,0.7578
25342,0.7577
25343,0.7571
25344,0.7575
25345,0.7576
25346,0.7583
25347,0.7585
25348,0.7596
25349,0.7594
25350,0.7585
25351,0.7578
25352,0.7585
25353,0.7591
25354,0.7598
25355,0.7593
25356,0.7593
25357,0.76
25358,0.7605
25359,0.7593
25360,0.7598
25361,0.7588
25362,0.7586
25363,0.7584
25364,0.76
25365,0.7601
25366,0.7598
25367,0.7597
25368,0.7599
25369,0.7593
25370,0.7585
25371,0.7589
25372,0.7587
25373,0.7589
25374,0.759
25375,0.7589
25376,0.758
25377,0.7563
25378,0.7581
25379,0.7585
25380,0.7583
25381,0.759
25382,0.7592
25383,0.7596
25384,0.759
25385,0.7584
25386,0.7588
25387,0.7587
25388,0.7576
25389,0.7566
25390,0.7571
25391,0.7569
25392,0.7572
25393,0.7565
25394,0.7584
25395,0.7561
25396,0.7582
25397,0.758
25398,0.758
25399,0.7579
25400,0.7579
25401,0.7576
25402,0.7584
25403,0.7585
25404,0.7571
25405,0.7582
25406,0.7592
25407,0.7583
25408,0.7581
25409,0.7577
25410,0.7578
25411,0.7582
25412,0.7596
25413,0.7597
25414,0.7573
25415,0.757
25416,0.7576
25417,0.7576
25418,0.7565
25419,0.7567
25420,0.7577
25421,0.7565
25422,0.7588
25423,0.7585
25424,0.7588
25425,0.7588
25426,0.759
25427,0.7576
25428,0.758
25429,0.7583
25430,0.7584
25431,0.7589
25432,0.759
25433,0.7587
25434,0.7578
25435,0.7573
25436,0.7583
25437,0.7588
25438,0.7596
25439,0.7594
25440,0.7569
25441,0.7577
25442,0.758
25443,0.7578
25444,0.759
25445,0.758
25446,0.7587
25447,0.7583
25448,0.7593
25449,0.7591
25450,0.7587
25451,0.7561
25452,0.757
25453,0.7571
25454,0.7569
25455,0.7576
25456,0.7575
25457,0.7581
25458,0.7568
25459,0.7564
25460,0.7554
25461,0.7565
25462,0.7575
25463,0.7571
25464,0.7582
25465,0.7581
25466,0.7581
25467,0.7571
25468,0.7583
25469,0.7579
25470,0.7576
25471,0.7578
25472,0.7574
25473,0.7568
25474,0.7575
25475,0.758
25476,0.7577
25477,0.7578
25478,0.758
25479,0.7585
25480,0.7591
25481,0.759
25482,0.7584
25483,0.7587
25484,0.7585
25485,0.7557
25486,0.7582
25487,0.7572
25488,0.7581
25489,0.7581
25490,0.7564
25491,0.7559
25492,0.7575
25493,0.7575
25494,0.7573
25495,0.7588
25496,0.7583
25497,0.7593
25498,0.7588
25499,0.759
25500,0.7597
25501,0.7599
25502,0.7602
25503,0.7595
25504,0.7601
25505,0.759
25506,0.759
25507,0.7596
25508,0.7594
25509,0.7601
25510,0.7562
25511,0.7586
25512,0.7589
25513,0.7573
25514,0.7596
25515,0.7599
25516,0.7595
25517,0.76
25518,0.7595
25519,0.759
25520,0.7586
25521,0.7602
25522,0.7604
25523,0.7589
25524,0.7597
25525,0.759
25526,0.7602
25527,0.7602
25528,0.7603
25529,0.7608
25530,0.7607
25531,0.7603
25532,0.7599
25533,0.7607
25534,0.7595
25535,0.7597
25536,0.7589
25537,0.7587
25538,0.7575
25539,0.7612
25540,0.7603
25541,0.759
25542,0.7601
25543,0.7602
25544,0.7594
25545,0.7593
25546,0.7598
25547,0.7598
25548,0.7595
25549,0.7598
25550,0.7602
25551,0.7591
25552,0.7599
25553,0.7592
25554,0.7563
25555,0.7582
25556,0.7596
25557,0.7595
25558,0.7587
25559,0.7601
25560,0.7597
25561,0.76
25562,0.7603
25563,0.7589
25564,0.7582
25565,0.7588
25566,0.7578
25567,0.7576
25568,0.7576
25569,0.7583
25570,0.7583
25571,0.7581
25572,0.758
25573,0.7579
25574,0.7582
25575,0.7579
25576,0.7574
25577,0.7577
25578,0.7578
25579,0.7574
25580,0.7575
25581,0.7538
25582,0.7561
25583,0.7556
25584,0.7545
25585,0.7554
25586,0.755
25587,0.7561
25588,0.755
25589,0.7556
25590,0.7557
25591,0.7544
25592,0.7547
25593,0.7553
25594,0.7547
25595,0.7543
25596,0.7553
25597,0.7549
25598,0.7551
25599,0.7549
25600,0.755
25601,0.7564
25602,0.7544
25603,0.7547
25604,0.7548
25605,0.7567
25606,0.7564
25607,0.7554
25608,0.7557
25609,0.7567
25610,0.7557
25611,0.7555
25612,0.7565
25613,0.7581
25614,0.7572
25615,0.7544
25616,0.7553
25617,0.7565
25618,0.7563
25619,0.7555
25620,0.756
25621,0.7566
25622,0.7579
25623,0.7569
25624,0.7561
25625,0.7561
25626,0.7565
25627,0.7556
25628,0.7552
25629,0.7546
25630,0.7556
25631,0.756
25632,0.7562
25633,0.7553
25634,0.7554
25635,0.7568
25636,0.7554
25637,0.7553
25638,0.7556
25639,0.7542
25640,0.7559
25641,0.7553
25642,0.7554
25643,0.7555
25644,0.7561
25645,0.755
25646,0.7555
25647,0.7556
25648,0.757
25649,0.7573
25650,0.7572
25651,0.7575
25652,0.756
25653,0.7549
25654,0.7539
25655,0.7547
25656,0.7556
25657,0.7565
25658,0.757
25659,0.756
25660,0.7568
25661,0.7574
25662,0.7566
25663,0.7575
25664,0.7577
25665,0.7573
25666,0.7561
25667,0.7557
25668,0.755
25669,0.7553
25670,0.7555
25671,0.7566
25672,0.7566
25673,0.7564
25674,0.7562
25675,0.7559
25676,0.7569
25677,0.7562
25678,0.7561
25679,0.7569
25680,0.7566
25681,0.756
25682,0.7566
25683,0.7567
25684,0.7568
25685,0.7543
25686,0.7559
25687,0.7554
25688,0.753
25689,0.7538
25690,0.7543
25691,0.7553
25692,0.7556
25693,0.7556
25694,0.7565
25695,0.7565
25696,0.7542
25697,0.7566
25698,0.7572
25699,0.7574
25700,0.7571
25701,0.7571
25702,0.7574
25703,0.7573
25704,0.758
25705,0.7577
25706,0.7573
25707,0.7572
25708,0.757
25709,0.7571
25710,0.758
25711,0.7571
25712,0.7569
25713,0.7572
25714,0.7566
25715,0.757
25716,0.7557
25717,0.7567
25718,0.7568
25719,0.7559
25720,0.756
25721,0.7559
25722,0.7563
25723,0.7569
25724,0.7572
25725,0.7572
25726,0.7564
25727,0.7567
25728,0.7572
25729,0.757
25730,0.7571
25731,0.7577
25732,0.7582
25733,0.7579
25734,0.7579
25735,0.7582
25736,0.7583
25737,0.7588
25738,0.7592
25739,0.7584
25740,0.7578
25741,0.7583
25742,0.7563
25743,0.7559
25744,0.7581
25745,0.7582
25746,0.757
25747,0.756
25748,0.7554
25749,0.7584
25750,0.7566
25751,0.7569
25752,0.7571
25753,0.7581
25754,0.7584
25755,0.7579
25756,0.7572
25757,0.758
25758,0.7575
25759,0.7577
25760,0.7579
25761,0.7582
25762,0.7583
25763,0.7587
25764,0.7581
25765,0.7582
25766,0.7555
25767,0.7563
25768,0.7562
25769,0.7577
25770,0.758
25771,0.7581
25772,0.7556
25773,0.7566
25774,0.7568
25775,0.7573
25776,0.7574
25777,0.7575
25778,0.7572
25779,0.757
25780,0.7573
25781,0.7579
25782,0.7579
25783,0.7573
25784,0.7578
25785,0.7568
25786,0.7573
25787,0.7575
25788,0.754
25789,0.7537
25790,0.7547
25791,0.754
25792,0.7556
25793,0.7548
25794,0.7556
25795,0.7563
25796,0.7561
25797,0.7563
25798,0.757
25799,0.7568
25800,0.7561
25801,0.7568
25802,0.7569
25803,0.7561
25804,0.7555
25805,0.7568
25806,0.7558
25807,0.7575
25808,0.7543
25809,0.7546
25810,0.7545
25811,0.7558
25812,0.7558
25813,0.7534
25814,0.7547
25815,0.755
25816,0.7551
25817,0.7564
25818,0.7567
25819,0.757
25820,0.7574
25821,0.7565
25822,0.7575
25823,0.7573
25824,0.7567
25825,0.7578
25826,0.7559
25827,0.7574
25828,0.7575
25829,0.7561
25830,0.7561
25831,0.7571
25832,0.7564
25833,0.7573
25834,0.7582
25835,0.7584
25836,0.7585
25837,0.7584
25838,0.7561
25839,0.7553
25840,0.7553
25841,0.7536
25842,0.7555
25843,0.7565
25844,0.7566
25845,0.7585
25846,0.757
25847,0.7571
25848,0.7576
25849,0.7583
25850,0.7571
25851,0.7581
25852,0.7581
25853,0.7579
25854,0.758
25855,0.7583
25856,0.7585
25857,0.7579
25858,0.7578
25859,0.7548
25860,0.7574
25861,0.7578
25862,0.7593
25863,0.758
25864,0.7584
25865,0.7584
25866,0.759
25867,0.7579
25868,0.7576
25869,0.757
25870,0.7567
25871,0.7576
25872,0.7577
25873,0.7573
25874,0.7571
25875,0.7551
25876,0.7572
25877,0.7566
25878,0.7577
25879,0.7586
25880,0.7585
25881,0.7576
25882,0.7584
25883,0.7583
25884,0.7568
25885,0.757
25886,0.7575
25887,0.7549
25888,0.7555
25889,0.7557
25890,0.7558
25891,0.7558
25892,0.7542
25893,0.7567
25894,0.7579
25895,0.7579
25896,0.7568
25897,0.7566
25898,0.756
25899,0.7576
25900,0.7576
25901,0.7571
25902,0.7582
25903,0.7587
25904,0.7563
25905,0.7572
25906,0.7581
25907,0.7587
25908,0.7585
25909,0.7584
25910,0.7585
25911,0.7573
25912,0.7574
25913,0.7582
25914,0.758
25915,0.7583
25916,0.7567
25917,0.7574
25918,0.7574
25919,0.7582
25920,0.7594
25921,0.7592
25922,0.7587
25923,0.7597
25924,0.7598
25925,0.7597
25926,0.7588
25927,0.7585
25928,0.7583
25929,0.7589
25930,0.7582
25931,0.7583
25932,0.7582
25933,0.7589
25934,0.7584
25935,0.7576
25936,0.7579
25937,0.7582
25938,0.7585
25939,0.7586
25940,0.7586
25941,0.7582
25942,0.7591
25943,0.7592
25944,0.7596
25945,0.7587
25946,0.7576
25947,0.7591
25948,0.7592
25949,0.7596
25950,0.7591
25951,0.7534
25952,0.7589
25953,0.7589
25954,0.7597
25955,0.7592
25956,0.7594
25957,0.7591
25958,0.7591
25959,0.7585
25960,0.7581
25961,0.7584
25962,0.7592
25963,0.7596
25964,0.759
25965,0.7596
25966,0.7596
25967,0.7599
25968,0.76
25969,0.7599
25970,0.7594
25971,0.7587
25972,0.7593
25973,0.7602
25974,0.7591
25975,0.7595
25976,0.7589
25977,0.7595
25978,0.757
25979,0.7571
25980,0.7585
25981,0.7588
25982,0.7591
25983,0.7595
25984,0.7589
25985,0.7596
25986,0.7591
25987,0.7593
25988,0.7583
25989,0.7599
25990,0.7597
25991,0.7599
25992,0.7602
25993,0.7592
25994,0.7594
25995,0.7594
25996,0.7587
25997,0.7591
25998,0.76
25999,0.7604
26000,0.7572
26001,0.7574
26002,0.7571
26003,0.7578
26004,0.7574
26005,0.7589
26006,0.7582
26007,0.7584
26008,0.7585
26009,0.7578
26010,0.7573
26011,0.7576
26012,0.7583
26013,0.7602
26014,0.7602
26015,0.7599
26016,0.7583
26017,0.7591
26018,0.7596
26019,0.7599
26020,0.7594
26021,0.7582
26022,0.7592
26023,0.7594
26024,0.7583
26025,0.7588
26026,0.7585
26027,0.7586
26028,0.7588
26029,0.7591
26030,0.7594
26031,0.7596
26032,0.7591
26033,0.7587
26034,0.7593
26035,0.7591
26036,0.7594
26037,0.7577
26038,0.7604
26039,0.7583
26040,0.7589
26041,0.7593
26042,0.7594
26043,0.7595
26044,0.7592
26045,0.7574
26046,0.7578
26047,0.7577
26048,0.7578
26049,0.758
26050,0.758
26051,0.7582
26052,0.7587
26053,0.7583
26054,0.7576
26055,0.7584
26056,0.7593
26057,0.7599
26058,0.7545
26059,0.7542
26060,0.7621
26061,0.7527
26062,0.7537
26063,0.754
26064,0.7546
26065,0.7554
26066,0.755
26067,0.7552
26068,0.7561
26069,0.7539
26070,0.7552
26071,0.7544
26072,0.7548
26073,0.7563
26074,0.7554
26075,0.756
26076,0.7564
26077,0.7572
26078,0.7569
26079,0.7581
26080,0.7584
26081,0.7583
26082,0.7581
26083,0.7583
26084,0.7563
26085,0.7572
26086,0.7559
26087,0.7558
26088,0.7585
26089,0.7574
26090,0.7592
26091,0.7584
26092,0.7568
26093,0.7575
26094,0.7583
26095,0.7598
26096,0.7599
26097,0.7592
26098,0.7588
26099,0.7581
26100,0.7578
26101,0.7545
26102,0.7569
26103,0.7554
26104,0.7572
26105,0.7571
26106,0.7581
26107,0.7586
26108,0.7576
26109,0.759
26110,0.7586
26111,0.7583
26112,0.7598
26113,0.7574
26114,0.7591
26115,0.7591
26116,0.7576
26117,0.7601
26118,0.76
26119,0.7597
26120,0.7593
26121,0.7593
26122,0.7565
26123,0.7559
26124,0.757
26125,0.7581
26126,0.7579
26127,0.7583
26128,0.7585
26129,0.7583
26130,0.7579
26131,0.7587
26132,0.7579
26133,0.7581
26134,0.759
26135,0.7583
26136,0.7583
26137,0.7587
26138,0.7588
26139,0.7589
26140,0.7577
26141,0.7597
26142,0.7594
26143,0.7596
26144,0.7594
26145,0.7603
26146,0.7595
26147,0.7598
26148,0.758
26149,0.7576
26150,0.7588
26151,0.7561
26152,0.7585
26153,0.7592
26154,0.7596
26155,0.7579
26156,0.7571
26157,0.7586
26158,0.7586
26159,0.7592
26160,0.7608
26161,0.7585
26162,0.7591
26163,0.7603
26164,0.7589
26165,0.7597
26166,0.76
26167,0.7598
26168,0.7602
26169,0.7592
26170,0.7589
26171,0.7595
26172,0.7599
26173,0.7577
26174,0.756
26175,0.758
26176,0.7579
26177,0.7585
26178,0.7577
26179,0.7588
26180,0.7583
26181,0.7589
26182,0.7582
26183,0.7584
26184,0.7584
26185,0.7586
26186,0.7578
26187,0.7588
26188,0.7577
26189,0.7575
26190,0.7572
26191,0.7567
26192,0.7558
26193,0.7587
26194,0.7589
26195,0.7587
26196,0.7572
26197,0.7584
26198,0.759
26199,0.7553
26200,0.7583
26201,0.7558
26202,0.7568
26203,0.7566
26204,0.7572
26205,0.7574
26206,0.7584
26207,0.7574
26208,0.7573
26209,0.7571
26210,0.7569
26211,0.7561
26212,0.7573
26213,0.7575
26214,0.7574
26215,0.7571
26216,0.7572
26217,0.7582
26218,0.7574
26219,0.7585
26220,0.7587
26221,0.7564
26222,0.7576
26223,0.7578
26224,0.7575
26225,0.7563
26226,0.7586
26227,0.758
26228,0.7585
26229,0.7581
26230,0.7582
26231,0.7575
26232,0.7569
26233,0.7589
26234,0.7588
26235,0.7577
26236,0.7583
26237,0.7564
26238,0.7569
26239,0.7574
26240,0.7584
26241,0.7579
26242,0.7579
26243,0.7581
26244,0.7592
26245,0.7593
26246,0.7586
26247,0.7587
26248,0.7573
26249,0.7572
26250,0.7573
26251,0.7578
26252,0.7581
26253,0.7593
26254,0.7592
26255,0.7597
26256,0.7594
26257,0.7598
26258,0.7594
26259,0.76
26260,0.7593
26261,0.7565
26262,0.7574
26263,0.7578
26264,0.7569
26265,0.7575
26266,0.7572
26267,0.7585
26268,0.7564
26269,0.7574
26270,0.7577
26271,0.7577
26272,0.758
26273,0.7583
26274,0.7586
26275,0.7578
26276,0.7579
26277,0.7583
26278,0.7597
26279,0.7573
26280,0.7566
26281,0.7555
26282,0.7542
26283,0.7557
26284,0.7568
26285,0.7564
26286,0.757
26287,0.7563
26288,0.756
26289,0.754
26290,0.7589
26291,0.7592
26292,0.7588
26293,0.756
26294,0.7568
26295,0.756
26296,0.7556
26297,0.756
26298,0.756
26299,0.7564
26300,0.7556
26301,0.7571
26302,0.7572
26303,0.7553
26304,0.7553
26305,0.7573
26306,0.7575
26307,0.7574
26308,0.7554
26309,0.7553
26310,0.755
26311,0.7559
26312,0.7562
26313,0.7568
26314,0.7573
26315,0.7574
26316,0.7597
26317,0.7573
26318,0.7568
26319,0.7571
26320,0.7575
26321,0.7558
26322,0.7561
26323,0.7573
26324,0.7578
26325,0.7582
26326,0.7586
26327,0.7576
26328,0.7578
26329,0.7581
26330,0.7573
26331,0.7568
26332,0.7581
26333,0.7577
26334,0.7557
26335,0.7563
26336,0.7568
26337,0.7575
26338,0.7574
26339,0.7572
26340,0.7566
26341,0.7558
26342,0.7567
26343,0.7572
26344,0.7575
26345,0.7575
26346,0.7575
26347,0.7572
26348,0.7575
26349,0.7575
26350,0.758
26351,0.7594
26352,0.7577
26353,0.7598
26354,0.76
26355,0.7572
26356,0.7592
26357,0.7594
26358,0.7597
26359,0.7606
26360,0.7595
26361,0.7593
26362,0.7609
26363,0.761
26364,0.7614
26365,0.7601
26366,0.7603
26367,0.7606
26368,0.7605
26369,0.7605
26370,0.7611
26371,0.7609
26372,0.7598
26373,0.7601
26374,0.7608
26375,0.7603
26376,0.761
26377,0.7605
26378,0.7607
26379,0.7602
26380,0.7574
26381,0.7606
26382,0.759
26383,0.7591
26384,0.7585
26385,0.76
26386,0.7603
26387,0.7601
26388,0.7601
26389,0.7603
26390,0.7601
26391,0.7607
26392,0.7601
26393,0.76
26394,0.7595
26395,0.76
26396,0.7602
26397,0.7604
26398,0.7604
26399,0.7596
26400,0.7589
26401,0.758
26402,0.7586
26403,0.759
26404,0.7591
26405,0.7599
26406,0.7612
26407,0.761
26408,0.7608
26409,0.7598
26410,0.7574
26411,0.7592
26412,0.7588
26413,0.7584
26414,0.7582
26415,0.7584
26416,0.7589
26417,0.7586
26418,0.7587
26419,0.7588
26420,0.7597
26421,0.7597
26422,0.7571
26423,0.7589
26424,0.7595
26425,0.7584
26426,0.7574
26427,0.7573
26428,0.7567
26429,0.7578
26430,0.7557
26431,0.7575
26432,0.7587
26433,0.7601
26434,0.7595
26435,0.7594
26436,0.7562
26437,0.7569
26438,0.7576
26439,0.7581
26440,0.7585
26441,0.7578
26442,0.7587
26443,0.7582
26444,0.7582
26445,0.759
26446,0.759
26447,0.7591
26448,0.7586
26449,0.7578
26450,0.7582
26451,0.7589
26452,0.7589
26453,0.7585
26454,0.7574
26455,0.7585
26456,0.757
26457,0.757
26458,0.7581
26459,0.7574
26460,0.7586
26461,0.7576
26462,0.7584
26463,0.7587
26464,0.758
26465,0.7585
26466,0.7588
26467,0.759
26468,0.7592
26469,0.7586
26470,0.7591
26471,0.7591
26472,0.7579
26473,0.7581
26474,0.7579
26475,0.7582
26476,0.7586
26477,0.7588
26478,0.7587
26479,0.7651
26480,0.7649
26481,0.7643
26482,0.764
26483,0.7648
26484,0.7651
26485,0.7642
26486,0.7642
26487,0.7641
26488,0.7617
26489,0.7619
26490,0.7632
26491,0.7634
26492,0.7634
26493,0.7627
26494,0.7633
26495,0.7644
26496,0.7646
26497,0.7643
26498,0.7639
26499,0.7622
26500,0.7635
26501,0.7629
26502,0.7632
26503,0.764
26504,0.7636
26505,0.7602
26506,0.761
26507,0.7628
26508,0.7628
26509,0.762
26510,0.7625
26511,0.7638
26512,0.764
26513,0.7644
26514,0.7626
26515,0.7637
26516,0.7628
26517,0.7599
26518,0.7602
26519,0.7612
26520,0.7606
26521,0.7621
26522,0.7628
26523,0.7622
26524,0.7629
26525,0.7612
26526,0.7612
26527,0.7618
26528,0.7613
26529,0.7627
26530,0.7622
26531,0.7617
26532,0.7617
26533,0.7605
26534,0.7604
26535,0.7602
26536,0.7623
26537,0.7626
26538,0.7624
26539,0.7603
26540,0.7632
26541,0.7633
26542,0.7625
26543,0.7599
26544,0.7605
26545,0.7603
26546,0.7592
26547,0.7595
26548,0.7621
26549,0.7627
26550,0.7631
26551,0.7614
26552,0.7626
26553,0.7594
26554,0.7608
26555,0.7617
26556,0.76
26557,0.7628
26558,0.7623
26559,0.762
26560,0.7632
26561,0.7621
26562,0.7609
26563,0.7621
26564,0.7624
26565,0.7621
26566,0.7617
26567,0.7625
26568,0.7629
26569,0.7623
26570,0.7635
26571,0.7634
26572,0.7637
26573,0.7639
26574,0.7646
26575,0.7646
26576,0.7632
26577,0.7559
26578,0.7591
26579,0.7593
26580,0.7557
26581,0.7528
26582,0.7545
26583,0.7563
26584,0.7557
26585,0.7565
26586,0.7563
26587,0.757
26588,0.7589
26589,0.7583
26590,0.759
26591,0.7585
26592,0.7578
26593,0.7579
26594,0.7593
26595,0.7596
26596,0.7589
26597,0.7594
26598,0.7598
26599,0.7586
26600,0.7595
26601,0.7592
26602,0.7581
26603,0.7585
26604,0.7581
26605,0.7586
26606,0.7579
26607,0.7581
26608,0.7571
26609,0.7588
26610,0.7582
26611,0.7591
26612,0.7595
26613,0.7588
26614,0.7596
26615,0.7578
26616,0.7583
26617,0.7583
26618,0.7573
26619,0.7571
26620,0.7567
26621,0.7559
26622,0.7568
26623,0.7572
26624,0.7569
26625,0.7571
26626,0.7584
26627,0.7586
26628,0.7578
26629,0.758
26630,0.7575
26631,0.7575
26632,0.758
26633,0.7574
26634,0.7567
26635,0.7573
26636,0.7577
26637,0.7573
26638,0.7575
26639,0.7565
26640,0.7572
26641,0.7582
26642,0.7574
26643,0.7585
26644,0.7575
26645,0.7578
26646,0.7582
26647,0.7586
26648,0.759
26649,0.7586
26650,0.7585
26651,0.7588
26652,0.7587
26653,0.7586
26654,0.758
26655,0.7587
26656,0.7593
26657,0.7576
26658,0.758
26659,0.758
26660,0.758
26661,0.7576
26662,0.7579
26663,0.7583
26664,0.7581
26665,0.7559
26666,0.7556
26667,0.7569
26668,0.7554
26669,0.7566
26670,0.7569
26671,0.7573
26672,0.7569
26673,0.7578
26674,0.758
26675,0.7574
26676,0.7577
26677,0.7579
26678,0.7582
26679,0.7585
26680,0.759
26681,0.7566
26682,0.7556
26683,0.7564
26684,0.7575
26685,0.7576
26686,0.7577
26687,0.7575
26688,0.7564
26689,0.7567
26690,0.7568
26691,0.757
26692,0.7556
26693,0.757
26694,0.7575
26695,0.7573
26696,0.7568
26697,0.7583
26698,0.7585
26699,0.758
26700,0.7586
26701,0.7567
26702,0.757
26703,0.7572
26704,0.7567
26705,0.7559
26706,0.7583
26707,0.7596
26708,0.7587
26709,0.7585
26710,0.759
26711,0.7588
26712,0.7598
26713,0.7598
26714,0.7587
26715,0.7578
26716,0.7577
26717,0.7579
26718,0.7575
26719,0.7572
26720,0.7566
26721,0.7572
26722,0.7574
26723,0.7574
26724,0.7574
26725,0.7575
26726,0.7576
26727,0.7579
26728,0.7565
26729,0.7571
26730,0.7572
26731,0.7565
26732,0.7563
26733,0.757
26734,0.7568
26735,0.7575
26736,0.7566
26737,0.7577
26738,0.7575
26739,0.7571
26740,0.7581
26741,0.7578
26742,0.7578
26743,0.7558
26744,0.7565
26745,0.7572
26746,0.7577
26747,0.7587
26748,0.7588
26749,0.7583
26750,0.759
26751,0.7587
26752,0.7576
26753,0.7573
26754,0.7596
26755,0.7583
26756,0.7595
26757,0.7602
26758,0.7592
26759,0.7591
26760,0.7591
26761,0.7584
26762,0.7581
26763,0.7592
26764,0.7581
26765,0.7585
26766,0.7587
26767,0.7585
26768,0.7604
26769,0.7574
26770,0.756
26771,0.757
26772,0.7586
26773,0.7588
26774,0.7562
26775,0.7584
26776,0.7585
26777,0.757
26778,0.7577
26779,0.7577
26780,0.7582
26781,0.758
26782,0.7586
26783,0.7587
26784,0.7589
26785,0.7585
26786,0.7596
26787,0.7596
26788,0.7596
26789,0.7587
26790,0.7585
26791,0.7591
26792,0.759
26793,0.7582
26794,0.759
26795,0.7586
26796,0.7582
26797,0.7583
26798,0.7588
26799,0.7586
26800,0.7598
26801,0.7573
26802,0.7565
26803,0.7552
26804,0.7556
26805,0.7562
26806,0.7568
26807,0.758
26808,0.7578
26809,0.7579
26810,0.7561
26811,0.7575
26812,0.7585
26813,0.7578
26814,0.7589
26815,0.7572
26816,0.7579
26817,0.7586
26818,0.7591
26819,0.759
26820,0.7587
26821,0.7588
26822,0.7594
26823,0.7583
26824,0.7589
26825,0.7577
26826,0.7565
26827,0.7574
26828,0.7572
26829,0.7585
26830,0.7584
26831,0.7582
26832,0.757
26833,0.7586
26834,0.7579
26835,0.7576
26836,0.7563
26837,0.7576
26838,0.7572
26839,0.7574
26840,0.7571
26841,0.7574
26842,0.7556
26843,0.7566
26844,0.7573
26845,0.7561
26846,0.7587
26847,0.7586
26848,0.7565
26849,0.7578
26850,0.7582
26851,0.7584
26852,0.7575
26853,0.7575
26854,0.7588
26855,0.7588
26856,0.759
26857,0.7596
26858,0.7595
26859,0.7592
26860,0.759
26861,0.7594
26862,0.7593
26863,0.759
26864,0.7591
26865,0.76
26866,0.7586
26867,0.7601
26868,0.7602
26869,0.7599
26870,0.7572
26871,0.7584
26872,0.7585
26873,0.7574
26874,0.7573
26875,0.758
26876,0.7572
26877,0.7578
26878,0.7585
26879,0.7594
26880,0.7589
26881,0.7584
26882,0.7577
26883,0.7598
26884,0.7583
26885,0.7578
26886,0.7577
26887,0.7576
26888,0.7579
26889,0.7585
26890,0.7583
26891,0.7585
26892,0.7597
26893,0.7586
26894,0.7586
26895,0.7589
26896,0.7585
26897,0.7587
26898,0.7583
26899,0.7587
26900,0.7573
26901,0.7586
26902,0.7587
26903,0.7586
26904,0.7596
26905,0.7598
26906,0.7574
26907,0.7583
26908,0.7577
26909,0.7582
26910,0.7573
26911,0.7578
26912,0.7579
26913,0.7585
26914,0.7567
26915,0.7562
26916,0.7584
26917,0.7579
26918,0.7579
26919,0.7591
26920,0.7588
26921,0.7581
26922,0.7581
26923,0.7585
26924,0.7576
26925,0.7584
26926,0.7591
26927,0.7594
26928,0.7577
26929,0.7567
26930,0.757
26931,0.7578
26932,0.757
26933,0.757
26934,0.757
26935,0.7565
26936,0.7569
26937,0.7571
26938,0.7579
26939,0.7575
26940,0.7573
26941,0.7571
26942,0.757
26943,0.7566
26944,0.7575
26945,0.7571
26946,0.7579
26947,0.7572
26948,0.7575
26949,0.7586
26950,0.7591
26951,0.758
26952,0.7583
26953,0.7586
26954,0.7586
26955,0.7576
26956,0.7588
26957,0.758
26958,0.7582
26959,0.7586
26960,0.7583
26961,0.7579
26962,0.7583
26963,0.7591
26964,0.7578
26965,0.758
26966,0.7584
26967,0.759
26968,0.7581
26969,0.7587
26970,0.759
26971,0.7572
26972,0.7576
26973,0.7583
26974,0.7577
26975,0.758
26976,0.7586
26977,0.7585
26978,0.7575
26979,0.7587
26980,0.7568
26981,0.7585
26982,0.7587
26983,0.7576
26984,0.7582
26985,0.7583
26986,0.7582
26987,0.7586
26988,0.7588
26989,0.7594
26990,0.7599
26991,0.7589
26992,0.7591
26993,0.7586
26994,0.7588
26995,0.7588
26996,0.7585
26997,0.7591
26998,0.7594
26999,0.759
27000,0.7588
27001,0.76
27002,0.7582
27003,0.7592
27004,0.7592
27005,0.7589
27006,0.7596
27007,0.7593
27008,0.7606
27009,0.759
27010,0.7592
27011,0.7597
27012,0.7596
27013,0.7597
27014,0.7596
27015,0.7597
27016,0.7594
27017,0.7591
27018,0.7591
27019,0.7598
27020,0.7581
27021,0.7587
27022,0.7586
27023,0.7572
27024,0.7577
27025,0.7585
27026,0.7583
27027,0.7583
27028,0.7582
27029,0.7582
27030,0.7582
27031,0.7578
27032,0.757
27033,0.7585
27034,0.7577
27035,0.7596
27036,0.7602
27037,0.7591
27038,0.7589
27039,0.7587
27040,0.7584
27041,0.7583
27042,0.7584
27043,0.7586
27044,0.7586
27045,0.7579
27046,0.7577
27047,0.7581
27048,0.7559
27049,0.7597
27050,0.76
27051,0.7587
27052,0.7592
27053,0.7595
27054,0.7595
27055,0.7599
27056,0.7596
27057,0.7591
27058,0.7587
27059,0.7592
27060,0.7596
27061,0.7602
27062,0.76
27063,0.76
27064,0.7596
27065,0.76
27066,0.7596
27067,0.759
27068,0.7593
27069,0.7603
27070,0.76
27071,0.7595
27072,0.7586
27073,0.7582
27074,0.7579
27075,0.7591
27076,0.7578
27077,0.7581
27078,0.7593
27079,0.7599
27080,0.7591
27081,0.7578
27082,0.7588
27083,0.7571
27084,0.7579
27085,0.7577
27086,0.7574
27087,0.7583
27088,0.7594
27089,0.7601
27090,0.7591
27091,0.7579
27092,0.7585
27093,0.7585
27094,0.7603
27095,0.7597
27096,0.7598
27097,0.7591
27098,0.759
27099,0.7581
27100,0.7579
27101,0.759
27102,0.7592
27103,0.7596
27104,0.7592
27105,0.7562
27106,0.7566
27107,0.7572
27108,0.7578
27109,0.7582
27110,0.7585
27111,0.7593
27112,0.7589
27113,0.7585
27114,0.7599
27115,0.7596
27116,0.7593
27117,0.7595
27118,0.7591
27119,0.7592
27120,0.7585
27121,0.758
27122,0.7581
27123,0.7584
27124,0.7583
27125,0.7583
27126,0.7588
27127,0.7594
27128,0.7587
27129,0.7583
27130,0.759
27131,0.7584
27132,0.7579
27133,0.7576
27134,0.7587
27135,0.7578
27136,0.7571
27137,0.7583
27138,0.7579
27139,0.7583
27140,0.7583
27141,0.7588
27142,0.7584
27143,0.7587
27144,0.7557
27145,0.7568
27146,0.7569
27147,0.7576
27148,0.7576
27149,0.7576
27150,0.7584
27151,0.7581
27152,0.7576
27153,0.7594
27154,0.7594
27155,0.7594
27156,0.7596
27157,0.759
27158,0.7591
27159,0.759
27160,0.7589
27161,0.7591
27162,0.7596
27163,0.7603
27164,0.7598
27165,0.7601
27166,0.7593
27167,0.7604
27168,0.7601
27169,0.7581
27170,0.7575
27171,0.7582
27172,0.759
27173,0.7589
27174,0.7586
27175,0.7579
27176,0.7576
27177,0.7588
27178,0.7579
27179,0.7572
27180,0.7576
27181,0.7578
27182,0.7573
27183,0.7575
27184,0.758
27185,0.7568
27186,0.76
27187,0.758
27188,0.7578
27189,0.7588
27190,0.7582
27191,0.7585
27192,0.7588
27193,0.7592
27194,0.7592
27195,0.7594
27196,0.7596
27197,0.7589
27198,0.7587
27199,0.7593
27200,0.7581
27201,0.758
27202,0.7576
27203,0.7588
27204,0.759
27205,0.7584
27206,0.7569
27207,0.7579
27208,0.758
27209,0.7577
27210,0.7577
27211,0.757
27212,0.7568
27213,0.757
27214,0.7576
27215,0.7573
27216,0.7571
27217,0.7572
27218,0.7571
27219,0.7568
27220,0.7574
27221,0.7581
27222,0.759
27223,0.7586
27224,0.7581
27225,0.7583
27226,0.7587
27227,0.7586
27228,0.7583
27229,0.7579
27230,0.7578
27231,0.7581
27232,0.7596
27233,0.7592
27234,0.7582
27235,0.7581
27236,0.7589
27237,0.7586
27238,0.7578
27239,0.7584
27240,0.7583
27241,0.7578
27242,0.7585
27243,0.7574
27244,0.7574
27245,0.7572
27246,0.7572
27247,0.7577
27248,0.7568
27249,0.7557
27250,0.7559
27251,0.7559
27252,0.7569
27253,0.7565
27254,0.7561
27255,0.7576
27256,0.7574
27257,0.7576
27258,0.756
27259,0.7562
27260,0.7555
27261,0.7551
27262,0.7555
27263,0.756
27264,0.7567
27265,0.7571
27266,0.7561
27267,0.7562
27268,0.7565
27269,0.7574
27270,0.7566
27271,0.7573
27272,0.7581
27273,0.758
27274,0.7567
27275,0.7566
27276,0.757
27277,0.7564
27278,0.7563
27279,0.757
27280,0.7569
27281,0.7564
27282,0.7576
27283,0.7581
27284,0.7586
27285,0.7578
27286,0.7571
27287,0.7558
27288,0.756
27289,0.756
27290,0.757
27291,0.758
27292,0.7573
27293,0.7571
27294,0.7555
27295,0.7563
27296,0.7569
27297,0.7563
27298,0.7558
27299,0.7562
27300,0.7559
27301,0.7561
27302,0.7561
27303,0.7547
27304,0.7561
27305,0.7552
27306,0.7558
27307,0.7545
27308,0.7552
27309,0.7585
27310,0.7581
27311,0.7583
27312,0.7582
27313,0.7582
27314,0.7587
27315,0.7586
27316,0.7582
27317,0.7579
27318,0.7594
27319,0.7575
27320,0.7583
27321,0.7579
27322,0.7583
27323,0.7588
27324,0.759
27325,0.7581
27326,0.7577
27327,0.7573
27328,0.7575
27329,0.7575
27330,0.7578
27331,0.7578
27332,0.7568
27333,0.7581
27334,0.7576
27335,0.7568
27336,0.7568
27337,0.7561
27338,0.7566
27339,0.7565
27340,0.7556
27341,0.7559
27342,0.7544
27343,0.7558
27344,0.7565
27345,0.7563
27346,0.7565
27347,0.7569
27348,0.757
27349,0.756
27350,0.7561
27351,0.7545
27352,0.7543
27353,0.755
27354,0.7548
27355,0.7549
27356,0.7552
27357,0.7546
27358,0.7564
27359,0.7565
27360,0.7568
27361,0.7563
27362,0.7557
27363,0.7547
27364,0.7551
27365,0.7552
27366,0.7548
27367,0.7547
27368,0.7548
27369,0.7548
27370,0.7545
27371,0.7547
27372,0.755
27373,0.7549
27374,0.7556
27375,0.7552
27376,0.7558
27377,0.7552
27378,0.7544
27379,0.7534
27380,0.7546
27381,0.7543
27382,0.7548
27383,0.757
27384,0.7561
27385,0.7564
27386,0.7566
27387,0.7565
27388,0.7568
27389,0.7566
27390,0.7566
27391,0.7556
27392,0.7564
27393,0.7567
27394,0.7568
27395,0.7579
27396,0.7575
27397,0.7551
27398,0.7558
27399,0.7555
27400,0.756
27401,0.7561
27402,0.7571
27403,0.7567
27404,0.7576
27405,0.7551
27406,0.7558
27407,0.7555
27408,0.756
27409,0.7551
27410,0.7554
27411,0.7558
27412,0.7566
27413,0.7561
27414,0.7552
27415,0.7545
27416,0.7551
27417,0.7569
27418,0.7559
27419,0.7564
27420,0.7567
27421,0.7563
27422,0.7561
27423,0.7558
27424,0.7573
27425,0.7572
27426,0.7566
27427,0.7554
27428,0.7555
27429,0.7562
27430,0.7566
27431,0.7559
27432,0.7571
27433,0.7562
27434,0.7565
27435,0.757
27436,0.7571
27437,0.7565
27438,0.7544
27439,0.7561
27440,0.7564
27441,0.7567
27442,0.7557
27443,0.7575
27444,0.757
27445,0.7569
27446,0.7564
27447,0.7565
27448,0.7555
27449,0.7564
27450,0.7569
27451,0.755
27452,0.7556
27453,0.7563
27454,0.756
27455,0.7564
27456,0.7566
27457,0.7553
27458,0.7556
27459,0.7562
27460,0.7551
27461,0.755
27462,0.7544
27463,0.7555
27464,0.7549
27465,0.7558
27466,0.7544
27467,0.7548
27468,0.7546
27469,0.7543
27470,0.7544
27471,0.7544
27472,0.7545
27473,0.7551
27474,0.7553
27475,0.7548
27476,0.7545
27477,0.7548
27478,0.755
27479,0.7541
27480,0.7546
27481,0.7543
27482,0.7552
27483,0.7549
27484,0.7557
27485,0.757
27486,0.7578
27487,0.7576
27488,0.7574
27489,0.7578
27490,0.7583
27491,0.758
27492,0.7569
27493,0.7571
27494,0.7574
27495,0.7565
27496,0.7574
27497,0.7569
27498,0.7553
27499,0.756
27500,0.7566
27501,0.7562
27502,0.7562
27503,0.7564
27504,0.7548
27505,0.7558
27506,0.7557
27507,0.7556
27508,0.7565
27509,0.7568
27510,0.7567
27511,0.7574
27512,0.7561
27513,0.757
27514,0.756
27515,0.7561
27516,0.7566
27517,0.7561
27518,0.7549
27519,0.7561
27520,0.7561
27521,0.7561
27522,0.7562
27523,0.7565
27524,0.7564
27525,0.7565
27526,0.756
27527,0.7564
27528,0.7548
27529,0.7554
27530,0.7557
27531,0.7556
27532,0.7551
27533,0.7556
27534,0.7557
27535,0.7564
27536,0.7567
27537,0.7557
27538,0.7555
27539,0.7558
27540,0.756
27541,0.7562
27542,0.7568
27543,0.7573
27544,0.7579
27545,0.7571
27546,0.7574
27547,0.7582
27548,0.757
27549,0.756
27550,0.7562
27551,0.7567
27552,0.757
27553,0.7565
27554,0.7552
27555,0.7551
27556,0.757
27557,0.7573
27558,0.7578
27559,0.7578
27560,0.7575
27561,0.7578
27562,0.7576
27563,0.7584
27564,0.7577
27565,0.7575
27566,0.7577
27567,0.7582
27568,0.7582
27569,0.7582
27570,0.7581
27571,0.7555
27572,0.757
27573,0.7571
27574,0.7572
27575,0.7567
27576,0.756
27577,0.755
27578,0.7569
27579,0.7578
27580,0.7586
27581,0.7588
27582,0.7574
27583,0.7577
27584,0.7584
27585,0.7588
27586,0.7584
27587,0.7576
27588,0.7592
27589,0.7579
27590,0.7583
27591,0.7587
27592,0.7581
27593,0.7579
27594,0.7577
27595,0.7582
27596,0.7576
27597,0.758
27598,0.7568
27599,0.7566
27600,0.7567
27601,0.7575
27602,0.757
27603,0.7572
27604,0.7566
27605,0.7579
27606,0.7581
27607,0.7583
27608,0.758
27609,0.7574
27610,0.7568
27611,0.7567
27612,0.7575
27613,0.7572
27614,0.7573
27615,0.7574
27616,0.7577
27617,0.7579
27618,0.7562
27619,0.7565
27620,0.7576
27621,0.7574
27622,0.7576
27623,0.7576
27624,0.756
27625,0.7571
27626,0.7562
27627,0.7564
27628,0.7571
27629,0.7568
27630,0.757
27631,0.7565
27632,0.7564
27633,0.7571
27634,0.7576
27635,0.758
27636,0.7573
27637,0.7572
27638,0.7577
27639,0.7573
27640,0.7585
27641,0.7572
27642,0.7575
27643,0.7576
27644,0.7581
27645,0.7583
27646,0.758
27647,0.7576
27648,0.7568
27649,0.7574
27650,0.7586
27651,0.7584
27652,0.7585
27653,0.7581
27654,0.7573
27655,0.7574
27656,0.758
27657,0.7573
27658,0.7571
27659,0.7567
27660,0.7558
27661,0.7563
27662,0.7559
27663,0.7563
27664,0.7576
27665,0.7564
27666,0.7565
27667,0.7564
27668,0.7572
27669,0.7581
27670,0.758
27671,0.7578
27672,0.7575
27673,0.7575
27674,0.7584
27675,0.7582
27676,0.7582
27677,0.7563
27678,0.7575
27679,0.7578
27680,0.7562
27681,0.7577
27682,0.7575
27683,0.7579
27684,0.7591
27685,0.7575
27686,0.757
27687,0.7586
27688,0.7589
27689,0.7576
27690,0.758
27691,0.7587
27692,0.7576
27693,0.758
27694,0.7569
27695,0.7581
27696,0.7577
27697,0.7577
27698,0.7567
27699,0.7567
27700,0.7586
27701,0.7591
27702,0.7588
27703,0.758
27704,0.7573
27705,0.758
27706,0.7585
27707,0.7568
27708,0.7576
27709,0.7579
27710,0.7573
27711,0.7575
27712,0.7576
27713,0.7573
27714,0.7572
27715,0.7558
27716,0.7577
27717,0.7579
27718,0.7584
27719,0.7579
27720,0.7569
27721,0.7579
27722,0.7582
27723,0.758
27724,0.7578
27725,0.7569
27726,0.7574
27727,0.7561
27728,0.7576
27729,0.7559
27730,0.7556
27731,0.7573
27732,0.7576
27733,0.7576
27734,0.7578
27735,0.7578
27736,0.7579
27737,0.7578
27738,0.7571
27739,0.7575
27740,0.7576
27741,0.7563
27742,0.7574
27743,0.7558
27744,0.7554
27745,0.757
27746,0.756
27747,0.7561
27748,0.7572
27749,0.7571
27750,0.7558
27751,0.7553
27752,0.7563
27753,0.7553
27754,0.7554
27755,0.7564
27756,0.7577
27757,0.7579
27758,0.7576
27759,0.7578
27760,0.7571
27761,0.7584
27762,0.7576
27763,0.7579
27764,0.757
27765,0.7562
27766,0.7575
27767,0.7557
27768,0.7566
27769,0.7563
27770,0.7555
27771,0.7551
27772,0.7561
27773,0.7561
27774,0.7565
27775,0.757
27776,0.7565
27777,0.7558
27778,0.7555
27779,0.7563
27780,0.7555
27781,0.7555
27782,0.7552
27783,0.7561
27784,0.7561
27785,0.7564
27786,0.7557
27787,0.7562
27788,0.756
27789,0.7562
27790,0.7563
27791,0.756
27792,0.7568
27793,0.755
27794,0.7549
27795,0.755
27796,0.7535
27797,0.7551
27798,0.7554
27799,0.7554
27800,0.7554
27801,0.7565
27802,0.7563
27803,0.7568
27804,0.756
27805,0.7541
27806,0.7553
27807,0.7548
27808,0.7581
27809,0.7573
27810,0.7577
27811,0.7578
27812,0.7566
27813,0.7567
27814,0.7569
27815,0.7566
27816,0.7566
27817,0.7571
27818,0.7576
27819,0.7573
27820,0.7565
27821,0.7557
27822,0.7564
27823,0.7574
27824,0.7565
27825,0.7569
27826,0.7572
27827,0.7577
27828,0.7581
27829,0.7588
27830,0.7584
27831,0.7576
27832,0.758
27833,0.7573
27834,0.7566
27835,0.7566
27836,0.7555
27837,0.756
27838,0.7579
27839,0.758
27840,0.7581
27841,0.7571
27842,0.7573
27843,0.7576
27844,0.757
27845,0.7566
27846,0.7576
27847,0.7574
27848,0.7576
27849,0.7579
27850,0.7579
27851,0.757
27852,0.7577
27853,0.7577
27854,0.7588
27855,0.7562
27856,0.7566
27857,0.7575
27858,0.7571
27859,0.7557
27860,0.7564
27861,0.756
27862,0.757
27863,0.7577
27864,0.7587
27865,0.7561
27866,0.7585
27867,0.7572
27868,0.7582
27869,0.7579
27870,0.757
27871,0.757
27872,0.7558
27873,0.7565
27874,0.7579
27875,0.7578
27876,0.7578
27877,0.7565
27878,0.7578
27879,0.7584
27880,0.7572
27881,0.7559
27882,0.7558
27883,0.7542
27884,0.7552
27885,0.757
27886,0.7573
27887,0.7572
27888,0.7571
27889,0.7571
27890,0.7573
27891,0.7573
27892,0.7565
27893,0.7564
27894,0.7572
27895,0.7568
27896,0.7567
27897,0.7549
27898,0.7564
27899,0.7559
27900,0.7558
27901,0.7572
27902,0.757
27903,0.756
27904,0.7564
27905,0.7563
27906,0.7559
27907,0.7569
27908,0.7573
27909,0.7569
27910,0.7552
27911,0.7574
27912,0.7574
27913,0.7576
27914,0.7568
27915,0.7579
27916,0.7579
27917,0.757
27918,0.7578
27919,0.7565
27920,0.7566
27921,0.7577
27922,0.7576
27923,0.7578
27924,0.7572
27925,0.7572
27926,0.7579
27927,0.7575
27928,0.7571
27929,0.7572
27930,0.7572
27931,0.7568
27932,0.7565
27933,0.7563
27934,0.7569
27935,0.7569
27936,0.7562
27937,0.7563
27938,0.7558
27939,0.7564
27940,0.7556
27941,0.7554
27942,0.7555
27943,0.7566
27944,0.7563
27945,0.7572
27946,0.7577
27947,0.7568
27948,0.7579
27949,0.7577
27950,0.7571
27951,0.7576
27952,0.7565
27953,0.7532
27954,0.7552
27955,0.7558
27956,0.7562
27957,0.7557
27958,0.7563
27959,0.7561
27960,0.756
27961,0.7552
27962,0.7549
27963,0.7559
27964,0.756
27965,0.7558
27966,0.7561
27967,0.7568
27968,0.7554
27969,0.7559
27970,0.7553
27971,0.7564
27972,0.7554
27973,0.7561
27974,0.7564
27975,0.7556
27976,0.7548
27977,0.755
27978,0.7557
27979,0.7555
27980,0.7555
27981,0.7539
27982,0.7538
27983,0.7548
27984,0.7545
27985,0.7557
27986,0.7569
27987,0.7576
27988,0.7552
27989,0.7552
27990,0.7557
27991,0.7553
27992,0.7561
27993,0.7557
27994,0.7562
27995,0.7566
27996,0.7563
27997,0.7552
27998,0.7638
27999,0.7646
28000,0.7718
28001,0.773
28002,0.7725
28003,0.7797
28004,0.7804
28005,0.7799
28006,0.781
28007,0.7807
28008,0.7805
28009,0.7804
28010,0.781
28011,0.7809
28012,0.781
28013,0.7806
28014,0.7808
28015,0.7808
28016,0.781
28017,0.7791
28018,0.7808
28019,0.7793
28020,0.7799
28021,0.7812
28022,0.7794
28023,0.7801
28024,0.779
28025,0.78
28026,0.7806
28027,0.781
28028,0.7813
28029,0.7803
28030,0.7864
28031,0.7882
28032,0.7885
28033,0.7829
28034,0.7824
28035,0.7824
28036,0.782
28037,0.7825
28038,0.7783
28039,0.7795
28040,0.7804
28041,0.779
28042,0.7811
28043,0.7812
28044,0.7809
28045,0.7786
28046,0.783
28047,0.783
28048,0.7829
28049,0.783
28050,0.7819
28051,0.7778
28052,0.7793
28053,0.7786
28054,0.7789
28055,0.7796
28056,0.7792
28057,0.7788
28058,0.7793
28059,0.779
28060,0.7788
28061,0.7797
28062,0.7793
28063,0.7795
28064,0.7799
28065,0.7799
28066,0.7797
28067,0.7795
28068,0.779
28069,0.7788
28070,0.7785
28071,0.7787
28072,0.7793
28073,0.7791
28074,0.7773
28075,0.7771
28076,0.7775
28077,0.7774
28078,0.7779
28079,0.782
28080,0.7821
28081,0.7814
28082,0.782
28083,0.7817
28084,0.7823
28085,0.7814
28086,0.7806
28087,0.7805
28088,0.7796
28089,0.7806
28090,0.78
28091,0.7799
28092,0.7812
28093,0.7826
28094,0.7787
28095,0.7767
28096,0.7813
28097,0.781
28098,0.7813
28099,0.78
28100,0.7794
28101,0.7783
28102,0.7782
28103,0.7796
28104,0.7799
28105,0.7798
28106,0.7759
28107,0.777
28108,0.7761
28109,0.7776
28110,0.7771
28111,0.7794
28112,0.7733
28113,0.774
28114,0.7764
28115,0.7772
28116,0.7787
28117,0.7777
28118,0.7798
28119,0.7792
28120,0.7796
28121,0.7789
28122,0.7778
28123,0.777
28124,0.7778
28125,0.7769
28126,0.7769
28127,0.7762
28128,0.7764
28129,0.7778
28130,0.7753
28131,0.7754
28132,0.7764
28133,0.7755
28134,0.7753
28135,0.7746
28136,0.7749
28137,0.775
28138,0.776
28139,0.775
28140,0.7741
28141,0.7742
28142,0.7721
28143,0.773
28144,0.7724
28145,0.774
28146,0.7739
28147,0.7744
28148,0.7741
28149,0.7742
28150,0.7738
28151,0.7728
28152,0.7745
28153,0.7745
28154,0.7741
28155,0.7736
28156,0.7742
28157,0.7734
28158,0.7739
28159,0.7735
28160,0.7741
28161,0.7742
28162,0.774
28163,0.7726
28164,0.7735
28165,0.7736
28166,0.7737
28167,0.7724
28168,0.7736
28169,0.7731
28170,0.774
28171,0.7733
28172,0.7737
28173,0.7735
28174,0.7737
28175,0.7749
28176,0.7679
28177,0.7809
28178,0.7811
28179,0.7796
28180,0.7801
28181,0.7782
28182,0.7742
28183,0.775
28184,0.7736
28185,0.7742
28186,0.769
28187,0.7698
28188,0.7704
28189,0.7709
28190,0.7717
28191,0.7701
28192,0.7707
28193,0.7716
28194,0.7719
28195,0.7719
28196,0.773
28197,0.7744
28198,0.7747
28199,0.7748
28200,0.7747
28201,0.774
28202,0.7729
28203,0.7741
28204,0.7732
28205,0.7718
28206,0.7736
28207,0.7739
28208,0.7741
28209,0.7735
28210,0.7728
28211,0.7738
28212,0.7737
28213,0.7747
28214,0.7749
28215,0.7742
28216,0.7739
28217,0.7734
28218,0.7742
28219,0.7737
28220,0.774
28221,0.774
28222,0.7733
28223,0.774
28224,0.7736
28225,0.7739
28226,0.7739
28227,0.7743
28228,0.7736
28229,0.773
28230,0.773
28231,0.7728
28232,0.7731
28233,0.7737
28234,0.7739
28235,0.7737
28236,0.7737
28237,0.7738
28238,0.7727
28239,0.7731
28240,0.7738
28241,0.7726
28242,0.7728
28243,0.7728
28244,0.7736
28245,0.774
28246,0.774
28247,0.7734
28248,0.7746
28249,0.7737
28250,0.7736
28251,0.7739
28252,0.7738
28253,0.7739
28254,0.7743
28255,0.7747
28256,0.7724
28257,0.7721
28258,0.7727
28259,0.7736
28260,0.7735
28261,0.7747
28262,0.7726
28263,0.7728
28264,0.7727
28265,0.7737
28266,0.774
28267,0.7741
28268,0.7734
28269,0.7723
28270,0.7724
28271,0.7728
28272,0.7726
28273,0.7724
28274,0.7735
28275,0.7742
28276,0.7721
28277,0.7728
28278,0.7721
28279,0.7719
28280,0.7706
28281,0.7731
28282,0.7732
28283,0.7734
28284,0.7718
28285,0.772
28286,0.7731
28287,0.7732
28288,0.774
28289,0.7732
28290,0.7732
28291,0.7725
28292,0.7733
28293,0.7735
28294,0.7742
28295,0.7741
28296,0.7747
28297,0.772
28298,0.7715
28299,0.7724
28300,0.7723
28301,0.772
28302,0.7714
28303,0.7738
28304,0.7738
28305,0.7734
28306,0.7734
28307,0.773
28308,0.773
28309,0.7736
28310,0.7705
28311,0.7717
28312,0.7716
28313,0.7724
28314,0.771
28315,0.7708
28316,0.7716
28317,0.7727
28318,0.7727
28319,0.7728
28320,0.7722
28321,0.7729
28322,0.773
28323,0.7729
28324,0.7732
28325,0.773
28326,0.7704
28327,0.7709
28328,0.7716
28329,0.7723
28330,0.7727
28331,0.7733
28332,0.7732
28333,0.7731
28334,0.7736
28335,0.7732
28336,0.7734
28337,0.7729
28338,0.7736
28339,0.7732
28340,0.7733
28341,0.7729
28342,0.7728
28343,0.7729
28344,0.771
28345,0.772
28346,0.7729
28347,0.7727
28348,0.7727
28349,0.7728
28350,0.7729
28351,0.7726
28352,0.7732
28353,0.7728
28354,0.7729
28355,0.7735
28356,0.7737
28357,0.773
28358,0.7737
28359,0.7735
28360,0.7729
28361,0.772
28362,0.7728
28363,0.773
28364,0.7738
28365,0.7741
28366,0.7717
28367,0.7714
28368,0.7723
28369,0.772
28370,0.7724
28371,0.7734
28372,0.7737
28373,0.7731
28374,0.7733
28375,0.7721
28376,0.7729
28377,0.773
28378,0.7728
28379,0.7675
28380,0.768
28381,0.768
28382,0.7701
28383,0.7707
28384,0.7711
28385,0.7714
28386,0.7717
28387,0.7713
28388,0.7719
28389,0.7723
28390,0.7717
28391,0.7714
28392,0.77
28393,0.7715
28394,0.7719
28395,0.7709
28396,0.7711
28397,0.7713
28398,0.7724
28399,0.7716
28400,0.7725
28401,0.7724
28402,0.7726
28403,0.773
28404,0.7712
28405,0.7726
28406,0.7725
28407,0.7721
28408,0.7714
28409,0.7719
28410,0.7714
28411,0.7725
28412,0.7718
28413,0.7712
28414,0.7721
28415,0.7711
28416,0.7717
28417,0.7723
28418,0.7725
28419,0.7714
28420,0.771
28421,0.7697
28422,0.7705
28423,0.7709
28424,0.7704
28425,0.7716
28426,0.7714
28427,0.7714
28428,0.7682
28429,0.7689
28430,0.7688
28431,0.7689
28432,0.7694
28433,0.7703
28434,0.7707
28435,0.7707
28436,0.7707
28437,0.7711
28438,0.7715
28439,0.7713
28440,0.7717
28441,0.7697
28442,0.769
28443,0.7694
28444,0.7695
28445,0.7704
28446,0.7703
28447,0.7683
28448,0.7685
28449,0.7685
28450,0.7692
28451,0.7697
28452,0.7705
28453,0.7708
28454,0.77
28455,0.77
28456,0.7711
28457,0.7712
28458,0.7717
28459,0.7714
28460,0.7714
28461,0.7702
28462,0.769
28463,0.7711
28464,0.7707
28465,0.7695
28466,0.7699
28467,0.77
28468,0.7718
28469,0.7713
28470,0.7712
28471,0.7714
28472,0.7707
28473,0.7701
28474,0.7698
28475,0.7682
28476,0.7689
28477,0.7699
28478,0.7698
28479,0.7708
28480,0.7712
28481,0.7711
28482,0.7719
28483,0.7723
28484,0.7706
28485,0.771
28486,0.7706
28487,0.7698
28488,0.7706
28489,0.7705
28490,0.7709
28491,0.7713
28492,0.7697
28493,0.7692
28494,0.7698
28495,0.7704
28496,0.7712
28497,0.77
28498,0.7703
28499,0.7714
28500,0.7709
28501,0.7711
28502,0.7712
28503,0.7718
28504,0.7725
28505,0.7718
28506,0.7722
28507,0.7709
28508,0.7716
28509,0.7714
28510,0.7706
28511,0.7717
28512,0.7716
28513,0.7706
28514,0.7716
28515,0.7716
28516,0.7703
28517,0.7695
28518,0.7697
28519,0.77
28520,0.7703
28521,0.7712
28522,0.7712
28523,0.7709
28524,0.7714
28525,0.7709
28526,0.7708
28527,0.7712
28528,0.7698
28529,0.7669
28530,0.7676
28531,0.7669
28532,0.7676
28533,0.7682
28534,0.7685
28535,0.7685
28536,0.7687
28537,0.7698
28538,0.7694
28539,0.7694
28540,0.7699
28541,0.7686
28542,0.7693
28543,0.7697
28544,0.7703
28545,0.7694
28546,0.7704
28547,0.7713
28548,0.7706
28549,0.7707
28550,0.7702
28551,0.7708
28552,0.771
28553,0.7723
28554,0.7714
28555,0.7716
28556,0.7716
28557,0.7711
28558,0.7712
28559,0.771
28560,0.7708
28561,0.77
28562,0.7709
28563,0.7706
28564,0.7709
28565,0.7712
28566,0.7701
28567,0.7691
28568,0.7699
28569,0.7701
28570,0.7701
28571,0.7703
28572,0.7704
28573,0.7694
28574,0.7702
28575,0.7701
28576,0.7702
28577,0.7705
28578,0.769
28579,0.7701
28580,0.7707
28581,0.7707
28582,0.7703
28583,0.7705
28584,0.7703
28585,0.77
28586,0.7702
28587,0.7711
28588,0.7716
28589,0.7712
28590,0.7711
28591,0.7712
28592,0.7709
28593,0.7697
28594,0.7703
28595,0.7692
28596,0.7697
28597,0.7697
28598,0.7697
28599,0.7692
28600,0.7687
28601,0.7686
28602,0.7692
28603,0.7694
28604,0.7695
28605,0.7747
28606,0.7702
28607,0.7607
28608,0.7714
28609,0.771
28610,0.771
28611,0.7713
28612,0.7709
28613,0.771
28614,0.7712
28615,0.7715
28616,0.7706
28617,0.7716
28618,0.7697
28619,0.7681
28620,0.7678
28621,0.7679
28622,0.7686
28623,0.7695
28624,0.77
28625,0.7697
28626,0.769
28627,0.7674
28628,0.768
28629,0.7676
28630,0.7696
28631,0.7681
28632,0.7686
28633,0.7685
28634,0.767
28635,0.7683
28636,0.7674
28637,0.7685
28638,0.7682
28639,0.7685
28640,0.7677
28641,0.7691
28642,0.7693
28643,0.7686
28644,0.7675
28645,0.768
28646,0.7698
28647,0.7684
28648,0.7695
28649,0.7689
28650,0.7694
28651,0.7694
28652,0.77
28653,0.7697
28654,0.7693
28655,0.7684
28656,0.7691
28657,0.7685
28658,0.7696
28659,0.7763
28660,0.7743
28661,0.7745
28662,0.7715
28663,0.7714
28664,0.7689
28665,0.7703
28666,0.7701
28667,0.7695
28668,0.7701
28669,0.7699
28670,0.77
28671,0.7703
28672,0.7706
28673,0.7704
28674,0.7721
28675,0.7692
28676,0.7698
28677,0.7704
28678,0.7704
28679,0.7708
28680,0.7709
28681,0.7714
28682,0.771
28683,0.7714
28684,0.7713
28685,0.7716
28686,0.7714
28687,0.7717
28688,0.7716
28689,0.767
28690,0.7657
28691,0.766
28692,0.7672
28693,0.7709
28694,0.7714
28695,0.7711
28696,0.7705
28697,0.7704
28698,0.7705
28699,0.771
28700,0.7717
28701,0.7714
28702,0.7723
28703,0.7709
28704,0.7709
28705,0.7713
28706,0.7712
28707,0.7713
28708,0.772
28709,0.7658
28710,0.7663
28711,0.7712
28712,0.7716
28713,0.7724
28714,0.7727
28715,0.773
28716,0.7729
28717,0.7727
28718,0.773
28719,0.7725
28720,0.7732
28721,0.7724
28722,0.7733
28723,0.7732
28724,0.7734
28725,0.7735
28726,0.7735
28727,0.7733
28728,0.7735
28729,0.773
28730,0.7733
28731,0.7732
28732,0.7737
28733,0.7741
28734,0.7741
28735,0.7744
28736,0.7683
28737,0.7683
28738,0.7687
28739,0.7692
28740,0.7688
28741,0.7696
28742,0.7681
28743,0.7691
28744,0.7696
28745,0.7716
28746,0.7709
28747,0.7714
28748,0.7714
28749,0.7714
28750,0.7722
28751,0.7723
28752,0.7721
28753,0.7723
28754,0.7729
28755,0.7716
28756,0.773
28757,0.7709
28758,0.7724
28759,0.7687
28760,0.7702
28761,0.7709
28762,0.7705
28763,0.7709
28764,0.7716
28765,0.7717
28766,0.772
28767,0.7719
28768,0.7721
28769,0.7717
28770,0.7714
28771,0.7717
28772,0.7721
28773,0.7719
28774,0.7708
28775,0.7711
28776,0.7715
28777,0.771
28778,0.771
28779,0.7707
28780,0.7715
28781,0.7703
28782,0.7719
28783,0.771
28784,0.7716
28785,0.7726
28786,0.7713
28787,0.7699
28788,0.7705
28789,0.7702
28790,0.7691
28791,0.7691
28792,0.7703
28793,0.7706
28794,0.7716
28795,0.7717
28796,0.7721
28797,0.772
28798,0.7716
28799,0.7716
28800,0.7718
28801,0.7705
28802,0.77
28803,0.7703
28804,0.7706
28805,0.771
28806,0.7715
28807,0.7706
28808,0.7714
28809,0.7711
28810,0.7709
28811,0.7709
28812,0.7709
28813,0.7709
28814,0.7707
28815,0.7708
28816,0.7655
28817,0.766
28818,0.7677
28819,0.7672
28820,0.7693
28821,0.7689
28822,0.769
28823,0.77
28824,0.7698
28825,0.7708
28826,0.7707
28827,0.7699
28828,0.7709
28829,0.7714
28830,0.7704
28831,0.7704
28832,0.7711
28833,0.7691
28834,0.7688
28835,0.7692
28836,0.7701
28837,0.7691
28838,0.7697
28839,0.7699
28840,0.7685
28841,0.7696
28842,0.7701
28843,0.7705
28844,0.7702
28845,0.7693
28846,0.769
28847,0.7691
28848,0.7697
28849,0.7692
28850,0.769
28851,0.7687
28852,0.7685
28853,0.7689
28854,0.7694
28855,0.7692
28856,0.7698
28857,0.7694
28858,0.7697
28859,0.77
28860,0.7695
28861,0.7694
28862,0.7698
28863,0.7694
28864,0.7693
28865,0.77
28866,0.7705
28867,0.7701
28868,0.7709
28869,0.7696
28870,0.7695
28871,0.7696
28872,0.7683
28873,0.7693
28874,0.7691
28875,0.7691
28876,0.7678
28877,0.7657
28878,0.7669
28879,0.767
28880,0.7679
28881,0.7694
28882,0.7688
28883,0.7701
28884,0.7698
28885,0.7685
28886,0.7697
28887,0.7668
28888,0.7681
28889,0.7676
28890,0.77
28891,0.7705
28892,0.7708
28893,0.7707
28894,0.7703
28895,0.7701
28896,0.7704
28897,0.7699
28898,0.7702
28899,0.771
28900,0.7685
28901,0.7689
28902,0.7691
28903,0.7695
28904,0.7697
28905,0.7698
28906,0.7701
28907,0.77
28908,0.7694
28909,0.7696
28910,0.77
28911,0.7699
28912,0.7702
28913,0.7701
28914,0.7707
28915,0.7688
28916,0.7692
28917,0.7697
28918,0.7696
28919,0.7709
28920,0.7703
28921,0.7678
28922,0.7671
28923,0.7674
28924,0.7678
28925,0.768
28926,0.7693
28927,0.7695
28928,0.7692
28929,0.7697
28930,0.7694
28931,0.7693
28932,0.7697
28933,0.7696
28934,0.7695
28935,0.7687
28936,0.77
28937,0.7696
28938,0.7696
28939,0.7697
28940,0.77
28941,0.7698
28942,0.7697
28943,0.7696
28944,0.77
28945,0.7704
28946,0.7709
28947,0.7713
28948,0.7707
28949,0.7703
28950,0.7706
28951,0.7696
28952,0.7697
28953,0.7699
28954,0.7703
28955,0.7696
28956,0.7689
28957,0.7697
28958,0.7697
28959,0.7699
28960,0.7706
28961,0.7688
28962,0.7699
28963,0.7688
28964,0.7696
28965,0.7703
28966,0.7699
28967,0.7634
28968,0.7641
28969,0.7649
28970,0.7643
28971,0.7658
28972,0.7658
28973,0.7661
28974,0.7664
28975,0.7668
28976,0.766
28977,0.7671
28978,0.7678
28979,0.768
28980,0.7686
28981,0.7685
28982,0.7682
28983,0.7683
28984,0.7682
28985,0.7688
28986,0.7688
28987,0.7697
28988,0.7685
28989,0.7687
28990,0.7689
28991,0.7693
28992,0.769
28993,0.7695
28994,0.7689
28995,0.7694
28996,0.7697
28997,0.7691
28998,0.7693
28999,0.7695
29000,0.7696
29001,0.7686
29002,0.769
29003,0.769
29004,0.7684
29005,0.7691
29006,0.7691
29007,0.7694
29008,0.7691
29009,0.7691
29010,0.77
29011,0.7701
29012,0.7692
29013,0.7698
29014,0.7693
29015,0.7696
29016,0.7681
29017,0.7697
29018,0.7692
29019,0.7694
29020,0.7694
29021,0.7697
29022,0.7701
29023,0.7694
29024,0.7696
29025,0.7686
29026,0.7686
29027,0.7688
29028,0.7698
29029,0.7699
29030,0.7691
29031,0.769
29032,0.7694
29033,0.7699
29034,0.7698
29035,0.7685
29036,0.7696
29037,0.7696
29038,0.77
29039,0.7699
29040,0.7694
29041,0.7698
29042,0.7693
29043,0.7693
29044,0.7697
29045,0.7693
29046,0.7698
29047,0.7699
29048,0.7702
29049,0.7693
29050,0.7704
29051,0.7704
29052,0.7703
29053,0.7702
29054,0.7705
29055,0.7699
29056,0.7693
29057,0.7685
29058,0.7689
29059,0.7694
29060,0.7698
29061,0.7686
29062,0.7699
29063,0.7676
29064,0.7693
29065,0.7694
29066,0.7693
29067,0.7694
29068,0.7692
29069,0.7694
29070,0.77
29071,0.7708
29072,0.7712
29073,0.7707
29074,0.7711
29075,0.7718
29076,0.7711
29077,0.7708
29078,0.7702
29079,0.771
29080,0.7701
29081,0.771
29082,0.7703
29083,0.7702
29084,0.77
29085,0.7703
29086,0.77
29087,0.7696
29088,0.7696
29089,0.7699
29090,0.7696
29091,0.7692
29092,0.7693
29093,0.7698
29094,0.77
29095,0.7704
29096,0.7709
29097,0.7704
29098,0.7697
29099,0.7711
29100,0.7695
29101,0.7705
29102,0.7701
29103,0.77
29104,0.7701
29105,0.77
29106,0.7698
29107,0.7705
29108,0.7699
29109,0.7702
29110,0.7706
29111,0.7696
29112,0.7697
29113,0.7701
29114,0.77
29115,0.7694
29116,0.7683
29117,0.7684
29118,0.7689
29119,0.7691
29120,0.7689
29121,0.7701
29122,0.7701
29123,0.7695
29124,0.7699
29125,0.7701
29126,0.7698
29127,0.7696
29128,0.7696
29129,0.7693
29130,0.7691
29131,0.7691
29132,0.7694
29133,0.7695
29134,0.771
29135,0.7706
29136,0.7704
29137,0.7704
29138,0.7701
29139,0.7702
29140,0.7699
29141,0.7702
29142,0.7691
29143,0.7693
29144,0.7692
29145,0.7694
29146,0.7689
29147,0.7693
29148,0.7695
29149,0.7698
29150,0.7698
29151,0.7692
29152,0.7698
29153,0.7696
29154,0.7695
29155,0.7695
29156,0.7699
29157,0.7685
29158,0.7682
29159,0.7696
29160,0.7685
29161,0.7682
29162,0.7685
29163,0.7689
29164,0.7694
29165,0.7695
29166,0.7697
29167,0.7688
29168,0.769
29169,0.7695
29170,0.7689
29171,0.7693
29172,0.7693
29173,0.7695
29174,0.7698
29175,0.7707
29176,0.7701
29177,0.7692
29178,0.7693
29179,0.7687
29180,0.7683
29181,0.7693
29182,0.7694
29183,0.7696
29184,0.7692
29185,0.7695
29186,0.7695
29187,0.7698
29188,0.7705
29189,0.7698
29190,0.77
29191,0.7698
29192,0.7702
29193,0.77
29194,0.7694
29195,0.769
29196,0.7685
29197,0.7681
29198,0.7686
29199,0.7678
29200,0.7677
29201,0.7685
29202,0.769
29203,0.7687
29204,0.7695
29205,0.7697
29206,0.7698
29207,0.7696
29208,0.7699
29209,0.7698
29210,0.7688
29211,0.7686
29212,0.7692
29213,0.7693
29214,0.7697
29215,0.7699
29216,0.7698
29217,0.7696
29218,0.7707
29219,0.7705
29220,0.7708
29221,0.7712
29222,0.7711
29223,0.7711
29224,0.7717
29225,0.7716
29226,0.7711
29227,0.7704
29228,0.7691
29229,0.7692
29230,0.7697
29231,0.7696
29232,0.7705
29233,0.7705
29234,0.7695
29235,0.7695
29236,0.7698
29237,0.7691
29238,0.7693
29239,0.7704
29240,0.7705
29241,0.7703
29242,0.7705
29243,0.7713
29244,0.7703
29245,0.7711
29246,0.7709
29247,0.7704
29248,0.7695
29249,0.7697
29250,0.7717
29251,0.7716
29252,0.7716
29253,0.771
29254,0.7714
29255,0.7717
29256,0.7713
29257,0.7715
29258,0.772
29259,0.7717
29260,0.7716
29261,0.7706
29262,0.771
29263,0.7716
29264,0.771
29265,0.771
29266,0.771
29267,0.7705
29268,0.7694
29269,0.7706
29270,0.7701
29271,0.7703
29272,0.77
29273,0.77
29274,0.7697
29275,0.7697
29276,0.77
29277,0.77
29278,0.7698
29279,0.7696
29280,0.7703
29281,0.77
29282,0.7694
29283,0.7694
29284,0.7696
29285,0.7695
29286,0.7704
29287,0.7703
29288,0.7704
29289,0.7706
29290,0.7697
29291,0.7701
29292,0.769
29293,0.7691
29294,0.769
29295,0.7683
29296,0.7688
29297,0.7689
29298,0.7685
29299,0.7689
29300,0.7689
29301,0.7692
29302,0.7693
29303,0.7687
29304,0.7682
29305,0.7686
29306,0.7685
29307,0.7685
29308,0.7682
29309,0.7675
29310,0.768
29311,0.7682
29312,0.7691
29313,0.7691
29314,0.7685
29315,0.769
29316,0.7694
29317,0.7697
29318,0.769
29319,0.7689
29320,0.7691
29321,0.7692
29322,0.7697
29323,0.77
29324,0.7696
29325,0.7696
29326,0.7688
29327,0.7688
29328,0.7687
29329,0.7703
29330,0.7701
29331,0.7707
29332,0.7698
29333,0.7699
29334,0.7697
29335,0.7701
29336,0.7697
29337,0.7694
29338,0.7691
29339,0.7697
29340,0.7694
29341,0.7701
29342,0.7655
29343,0.7654
29344,0.7664
29345,0.7672
29346,0.7676
29347,0.7671
29348,0.7675
29349,0.7682
29350,0.7677
29351,0.7674
29352,0.7673
29353,0.7679
29354,0.768
29355,0.7681
29356,0.7682
29357,0.768
29358,0.7691
29359,0.7694
29360,0.7692
29361,0.7694
29362,0.7695
29363,0.7704
29364,0.7699
29365,0.77
29366,0.7699
29367,0.7694
29368,0.7696
29369,0.7695
29370,0.769
29371,0.7698
29372,0.7657
29373,0.7656
29374,0.7655
29375,0.766
29376,0.7662
29377,0.7661
29378,0.7669
29379,0.7676
29380,0.7684
29381,0.7679
29382,0.7681
29383,0.7686
29384,0.7682
29385,0.7676
29386,0.7675
29387,0.7681
29388,0.7682
29389,0.7672
29390,0.7666
29391,0.7689
29392,0.7675
29393,0.7678
29394,0.7687
29395,0.7692
29396,0.7691
29397,0.7687
29398,0.769
29399,0.7693
29400,0.7692
29401,0.7695
29402,0.7694
29403,0.7696
29404,0.7695
29405,0.7692
29406,0.7702
29407,0.7702
29408,0.7699
29409,0.7703
29410,0.7699
29411,0.7707
29412,0.7706
29413,0.7704
29414,0.7704
29415,0.7704
29416,0.77
29417,0.7704
29418,0.7707
29419,0.7708
29420,0.7706
29421,0.771
29422,0.7705
29423,0.7699
29424,0.7695
29425,0.7697
29426,0.7703
29427,0.7698
29428,0.7703
29429,0.7695
29430,0.7695
29431,0.7698
29432,0.7664
29433,0.7667
29434,0.7668
29435,0.7675
29436,0.7675
29437,0.768
29438,0.769
29439,0.768
29440,0.7694
29441,0.7701
29442,0.7691
29443,0.7689
29444,0.7688
29445,0.7689
29446,0.7691
29447,0.7693
29448,0.7694
29449,0.77
29450,0.7698
29451,0.7703
29452,0.7706
29453,0.7697
29454,0.7694
29455,0.769
29456,0.7696
29457,0.7686
29458,0.7693
29459,0.7692
29460,0.7698
29461,0.7691
29462,0.7693
29463,0.7691
29464,0.7695
29465,0.7688
29466,0.7689
29467,0.7695
29468,0.7699
29469,0.7698
29470,0.7698
29471,0.7698
29472,0.7698
29473,0.7697
29474,0.7702
29475,0.7698
29476,0.7698
29477,0.7698
29478,0.7701
29479,0.7695
29480,0.7701
29481,0.7697
29482,0.7699
29483,0.771
29484,0.7711
29485,0.7713
29486,0.77
29487,0.7704
29488,0.7705
29489,0.7704
29490,0.7704
29491,0.7693
29492,0.7703
29493,0.7693
29494,0.7704
29495,0.7688
29496,0.7681
29497,0.7688
29498,0.768
29499,0.7691
29500,0.7696
29501,0.7694
29502,0.7691
29503,0.7689
29504,0.7699
29505,0.7706
29506,0.7705
29507,0.7703
29508,0.7706
29509,0.7704
29510,0.7702
29511,0.7703
29512,0.7703
29513,0.7697
29514,0.7699
29515,0.7703
29516,0.77
29517,0.7704
29518,0.7705
29519,0.7699
29520,0.7695
29521,0.7698
29522,0.7701
29523,0.7697
29524,0.7702
29525,0.7698
29526,0.7693
29527,0.769
29528,0.769
29529,0.7684
29530,0.7689
29531,0.769
29532,0.7692
29533,0.7682
29534,0.7688
29535,0.7688
29536,0.7694
29537,0.7693
29538,0.7692
29539,0.7688
29540,0.7695
29541,0.7688
29542,0.7696
29543,0.7697
29544,0.7693
29545,0.7693
29546,0.769
29547,0.7693
29548,0.7693
29549,0.7682
29550,0.7681
29551,0.7686
29552,0.7691
29553,0.7692
29554,0.7684
29555,0.7688
29556,0.7691
29557,0.769
29558,0.7692
29559,0.7692
29560,0.7687
29561,0.7689
29562,0.7699
29563,0.7678
29564,0.7682
29565,0.7684
29566,0.7688
29567,0.7693
29568,0.7685
29569,0.77
29570,0.7695
29571,0.7694
29572,0.7695
29573,0.7695
29574,0.7691
29575,0.7691
29576,0.7689
29577,0.7696
29578,0.7693
29579,0.769
29580,0.7688
29581,0.7702
29582,0.7702
29583,0.7687
29584,0.7699
29585,0.7702
29586,0.77
29587,0.7701
29588,0.7668
29589,0.7678
29590,0.7683
29591,0.7688
29592,0.7684
29593,0.7692
29594,0.7692
29595,0.7686
29596,0.7693
29597,0.7692
29598,0.7687
29599,0.769
29600,0.7689
29601,0.7692
29602,0.7686
29603,0.7686
29604,0.7686
29605,0.7685
29606,0.7689
29607,0.7689
29608,0.769
29609,0.7689
29610,0.769
29611,0.7694
29612,0.768
29613,0.7685
29614,0.7681
29615,0.7678
29616,0.7683
29617,0.768
29618,0.7683
29619,0.7682
29620,0.7687
29621,0.769
29622,0.7684
29623,0.7681
29624,0.7682
29625,0.7679
29626,0.7684
29627,0.7685
29628,0.769
29629,0.7684
29630,0.7671
29631,0.7678
29632,0.767
29633,0.7675
29634,0.7696
29635,0.7688
29636,0.7687
29637,0.7691
29638,0.7701
29639,0.7689
29640,0.7693
29641,0.7692
29642,0.7692
29643,0.7697
29644,0.7658
29645,0.7661
29646,0.767
29647,0.7674
29648,0.7673
29649,0.7686
29650,0.7681
29651,0.7684
29652,0.7688
29653,0.7687
29654,0.7667
29655,0.7668
29656,0.7666
29657,0.7664
29658,0.7666
29659,0.7674
29660,0.767
29661,0.7678
29662,0.7668
29663,0.7679
29664,0.7678
29665,0.7679
29666,0.7669
29667,0.7681
29668,0.7682
29669,0.7686
29670,0.7685
29671,0.7686
29672,0.7666
29673,0.7661
29674,0.7665
29675,0.7674
29676,0.7671
29677,0.7671
29678,0.7672
29679,0.7674
29680,0.7668
29681,0.768
29682,0.7682
29683,0.7682
29684,0.7684
29685,0.7684
29686,0.7682
29687,0.7664
29688,0.7677
29689,0.7678
29690,0.7675
29691,0.7662
29692,0.7656
29693,0.7655
29694,0.7668
29695,0.767
29696,0.7669
29697,0.7676
29698,0.7678
29699,0.7675
29700,0.7676
29701,0.7685
29702,0.7676
29703,0.7688
29704,0.7681
29705,0.7687
29706,0.7695
29707,0.7697
29708,0.7684
29709,0.7681
29710,0.7677
29711,0.7671
29712,0.7671
29713,0.7675
29714,0.7679
29715,0.7699
29716,0.7707
29717,0.768
29718,0.7678
29719,0.7677
29720,0.7676
29721,0.7678
29722,0.7683
29723,0.7674
29724,0.7678
29725,0.769
29726,0.7687
29727,0.7688
29728,0.769
29729,0.7686
29730,0.7687
29731,0.7689
29732,0.7688
29733,0.769
29734,0.768
29735,0.7672
29736,0.7686
29737,0.7692
29738,0.7682
29739,0.7683
29740,0.7682
29741,0.7683
29742,0.7682
29743,0.7684
29744,0.7683
29745,0.7684
29746,0.7682
29747,0.7683
29748,0.7682
29749,0.7678
29750,0.7675
29751,0.7678
29752,0.768
29753,0.7683
29754,0.7676
29755,0.7673
29756,0.7661
29757,0.7672
29758,0.7662
29759,0.7669
29760,0.7673
29761,0.7675
29762,0.7676
29763,0.7671
29764,0.7672
29765,0.7672
29766,0.7654
29767,0.7665
29768,0.7672
29769,0.7675
29770,0.7658
29771,0.7656
29772,0.7656
29773,0.7669
29774,0.7673
29775,0.7681
29776,0.7687
29777,0.7688
29778,0.768
29779,0.7687
29780,0.7681
29781,0.7684
29782,0.7692
29783,0.7684
29784,0.7692
29785,0.7679
29786,0.7678
29787,0.7678
29788,0.768
29789,0.7681
29790,0.7683
29791,0.768
29792,0.7682
29793,0.7678
29794,0.7672
29795,0.7673
29796,0.7673
29797,0.7674
29798,0.768
29799,0.7676
29800,0.7677
29801,0.7685
29802,0.7684
29803,0.7688
29804,0.7687
29805,0.7692
29806,0.769
29807,0.77
29808,0.7693
29809,0.7693
29810,0.769
29811,0.7697
29812,0.7695
29813,0.7694
29814,0.768
29815,0.7678
29816,0.7672
29817,0.768
29818,0.7682
29819,0.7683
29820,0.7683
29821,0.7686
29822,0.7685
29823,0.768
29824,0.7664
29825,0.7678
29826,0.7681
29827,0.7674
29828,0.7677
29829,0.7682
29830,0.7676
29831,0.7677
29832,0.7675
29833,0.7675
29834,0.7678
29835,0.7682
29836,0.7676
29837,0.768
29838,0.7681
29839,0.7684
29840,0.7659
29841,0.7663
29842,0.7677
29843,0.7676
29844,0.7662
29845,0.7678
29846,0.7684
29847,0.7683
29848,0.7683
29849,0.7683
29850,0.7684
29851,0.7691
29852,0.7692
29853,0.7691
29854,0.7685
29855,0.7679
29856,0.7684
29857,0.7683
29858,0.7688
29859,0.7688
29860,0.7677
29861,0.7681
29862,0.7676
29863,0.7683
29864,0.7682
29865,0.7672
29866,0.7672
29867,0.7682
29868,0.7683
29869,0.7672
29870,0.7682
29871,0.7671
29872,0.7683
29873,0.7687
29874,0.767
29875,0.7674
29876,0.768
29877,0.7669
29878,0.7672
29879,0.7668
29880,0.7669
29881,0.767
29882,0.7676
29883,0.7677
29884,0.767
29885,0.7679
29886,0.7677
29887,0.7673
29888,0.7676
29889,0.7676
29890,0.7683
29891,0.7675
29892,0.7683
29893,0.7681
29894,0.768
29895,0.7682
29896,0.7684
29897,0.7682
29898,0.7676
29899,0.7669
29900,0.7675
29901,0.7677
29902,0.7681
29903,0.7679
29904,0.7675
29905,0.767
29906,0.766
29907,0.768
29908,0.7674
29909,0.7677
29910,0.7674
29911,0.7676
29912,0.7675
29913,0.7679
29914,0.7669
29915,0.7677
29916,0.7677
29917,0.7671
29918,0.7676
29919,0.7657
29920,0.7658
29921,0.7667
29922,0.7674
29923,0.7672
29924,0.7669
29925,0.7669
29926,0.7673
29927,0.7676
29928,0.7675
29929,0.768
29930,0.7682
29931,0.7678
29932,0.7683
29933,0.7686
29934,0.7677
29935,0.7675
29936,0.7677
29937,0.7677
29938,0.7678
29939,0.7678
29940,0.7677
29941,0.768
29942,0.767
29943,0.7672
29944,0.7675
29945,0.7677
29946,0.7682
29947,0.7683
29948,0.7675
29949,0.7682
29950,0.7684
29951,0.7683
29952,0.7691
29953,0.7688
29954,0.769
29955,0.769
29956,0.769
29957,0.7682
29958,0.7689
29959,0.7689
29960,0.7689
29961,0.7687
29962,0.7688
29963,0.769
29964,0.7692
29965,0.7691
29966,0.7691
29967,0.7689
29968,0.7695
29969,0.7686
29970,0.7687
29971,0.7602
29972,0.7711
29973,0.7679
29974,0.768
29975,0.7683
29976,0.7664
29977,0.7668
29978,0.7673
29979,0.7667
29980,0.7667
29981,0.7669
29982,0.7652
29983,0.7657
29984,0.7662
29985,0.7663
29986,0.7651
29987,0.7672
29988,0.7671
29989,0.768
29990,0.768
29991,0.7673
29992,0.7678
29993,0.7677
29994,0.7679
29995,0.7678
29996,0.7682
29997,0.7683
29998,0.7681
29999,0.7683
30000,0.767
30001,0.7675
30002,0.7667
30003,0.7663
30004,0.7671
30005,0.768
30006,0.7685
30007,0.7692
30008,0.7687
30009,0.7683
30010,0.7685
30011,0.769
30012,0.7684
30013,0.7686
30014,0.7686
30015,0.7691
30016,0.7687
30017,0.7687
30018,0.7686
30019,0.7679
30020,0.7689
30021,0.7694
30022,0.7688
30023,0.768
30024,0.7683
30025,0.7678
30026,0.7681
30027,0.7683
30028,0.7691
30029,0.769
30030,0.7695
30031,0.7693
30032,0.7685
30033,0.7688
30034,0.7685
30035,0.7686
30036,0.7671
30037,0.7667
30038,0.7666
30039,0.7671
30040,0.7674
30041,0.7678
30042,0.7684
30043,0.7687
30044,0.7689
30045,0.769
30046,0.7692
30047,0.7688
30048,0.7692
30049,0.7691
30050,0.768
30051,0.7696
30052,0.7692
30053,0.7693
30054,0.7692
30055,0.7696
30056,0.7693
30057,0.7694
30058,0.7691
30059,0.7685
30060,0.7685
30061,0.7684
30062,0.7684
30063,0.7679
30064,0.7683
30065,0.7673
30066,0.7674
30067,0.7686
30068,0.7684
30069,0.7683
30070,0.7692
30071,0.7699
30072,0.7694
30073,0.7689
30074,0.7695
30075,0.7698
30076,0.7715
30077,0.7715
30078,0.7713
30079,0.7715
30080,0.7698
30081,0.7709
30082,0.7712
30083,0.771
30084,0.7711
30085,0.7708
30086,0.7703
30087,0.7691
30088,0.7698
30089,0.7707
30090,0.7703
30091,0.7704
30092,0.7704
30093,0.7703
30094,0.7706
30095,0.7706
30096,0.7708
30097,0.771
30098,0.7702
30099,0.7697
30100,0.77
30101,0.7692
30102,0.769
30103,0.7697
30104,0.7696
30105,0.7703
30106,0.7702
30107,0.769
30108,0.7696
30109,0.7699
30110,0.7704
30111,0.7698
30112,0.7707
30113,0.7697
30114,0.7698
30115,0.7693
30116,0.7703
30117,0.7708
30118,0.7706
30119,0.7708
30120,0.7713
30121,0.7699
30122,0.7697
30123,0.7699
30124,0.7696
30125,0.7696
30126,0.7697
30127,0.7702
30128,0.7703
30129,0.7701
30130,0.7697
30131,0.7694
30132,0.7697
30133,0.769
30134,0.7699
30135,0.7699
30136,0.77
30137,0.7684
30138,0.7683
30139,0.7671
30140,0.7682
30141,0.7681
30142,0.7682
30143,0.7679
30144,0.7685
30145,0.7687
30146,0.7684
30147,0.7684
30148,0.7678
30149,0.7678
30150,0.7678
30151,0.7678
30152,0.7683
30153,0.7686
30154,0.7693
30155,0.7689
30156,0.7687
30157,0.7691
30158,0.7688
30159,0.7686
30160,0.769
30161,0.7672
30162,0.7667
30163,0.768
30164,0.7676
30165,0.7675
30166,0.7671
30167,0.7671
30168,0.7676
30169,0.7676
30170,0.7677
30171,0.7681
30172,0.7686
30173,0.7682
30174,0.7682
30175,0.7678
30176,0.7688
30177,0.7685
30178,0.7684
30179,0.7688
30180,0.7689
30181,0.7686
30182,0.7678
30183,0.7676
30184,0.7672
30185,0.7673
30186,0.7682
30187,0.7678
30188,0.7675
30189,0.7678
30190,0.7684
30191,0.7679
30192,0.7679
30193,0.7678
30194,0.7682
30195,0.7687
30196,0.769
30197,0.768
30198,0.7681
30199,0.7686
30200,0.7682
30201,0.7682
30202,0.7686
30203,0.7681
30204,0.768
30205,0.7681
30206,0.7685
30207,0.7685
30208,0.7689
30209,0.7683
30210,0.7672
30211,0.7673
30212,0.7677
30213,0.7683
30214,0.769
30215,0.7688
30216,0.7689
30217,0.7689
30218,0.7693
30219,0.7702
30220,0.7699
30221,0.7697
30222,0.769
30223,0.7685
30224,0.7685
30225,0.7685
30226,0.769
30227,0.7694
30228,0.77
30229,0.7696
30230,0.7695
30231,0.7692
30232,0.7693
30233,0.7685
30234,0.7691
30235,0.7695
30236,0.7694
30237,0.7686
30238,0.769
30239,0.7691
30240,0.7693
30241,0.7697
30242,0.7699
30243,0.7693
30244,0.7689
30245,0.7682
30246,0.769
30247,0.7686
30248,0.768
30249,0.7683
30250,0.7686
30251,0.7685
30252,0.7685
30253,0.7685
30254,0.7686
30255,0.7689
30256,0.7688
30257,0.7688
30258,0.7685
30259,0.7681
30260,0.7681
30261,0.7695
30262,0.7692
30263,0.7692
30264,0.7687
30265,0.7693
30266,0.769
30267,0.7685
30268,0.7686
30269,0.7688
30270,0.7695
30271,0.7687
30272,0.7688
30273,0.7692
30274,0.7697
30275,0.7686
30276,0.7688
30277,0.7694
30278,0.7696
30279,0.7691
30280,0.7691
30281,0.7698
30282,0.7694
30283,0.7682
30284,0.768
30285,0.7689
30286,0.7703
30287,0.7699
30288,0.7696
30289,0.7691
30290,0.769
30291,0.7696
30292,0.7701
30293,0.7703
30294,0.77
30295,0.7701
30296,0.7704
30297,0.7706
30298,0.7704
30299,0.7706
30300,0.7698
30301,0.77
30302,0.7694
30303,0.7698
30304,0.7699
30305,0.7698
30306,0.769
30307,0.7696
30308,0.768
30309,0.7695
30310,0.7698
30311,0.7692
30312,0.7695
30313,0.7695
30314,0.7699
30315,0.77
30316,0.7695
30317,0.7698
30318,0.7704
30319,0.7698
30320,0.7698
30321,0.7703
30322,0.7713
30323,0.77
30324,0.7696
30325,0.764
30326,0.769
30327,0.7692
30328,0.769
30329,0.7696
30330,0.7692
30331,0.7706
30332,0.7704
30333,0.7709
30334,0.7693
30335,0.7701
30336,0.7707
30337,0.7702
30338,0.7705
30339,0.7708
30340,0.7701
30341,0.7704
30342,0.7702
30343,0.7695
30344,0.7701
30345,0.77
30346,0.7697
30347,0.7691
30348,0.7699
30349,0.7701
30350,0.7707
30351,0.7708
30352,0.7708
30353,0.7706
30354,0.7707
30355,0.7707
30356,0.7704
30357,0.7705
30358,0.7707
30359,0.7706
30360,0.7704
30361,0.7705
30362,0.7704
30363,0.7705
30364,0.7702
30365,0.7707
30366,0.7702
30367,0.7696
30368,0.77
30369,0.7702
30370,0.7699
30371,0.7701
30372,0.7687
30373,0.7691
30374,0.7693
30375,0.7696
30376,0.7702
30377,0.7705
30378,0.7704
30379,0.7708
30380,0.7714
30381,0.7713
30382,0.7711
30383,0.7713
30384,0.7715
30385,0.7714
30386,0.7704
30387,0.7709
30388,0.7713
30389,0.7715
30390,0.7707
30391,0.7706
30392,0.7707
30393,0.769
30394,0.7703
30395,0.7708
30396,0.7705
30397,0.7716
30398,0.7706
30399,0.7707
30400,0.7707
30401,0.7708
30402,0.7702
30403,0.7708
30404,0.7712
30405,0.7707
30406,0.77
30407,0.7701
30408,0.7699
30409,0.7702
30410,0.7712
30411,0.7709
30412,0.7708
30413,0.7706
30414,0.7696
30415,0.7706
30416,0.7701
30417,0.7706
30418,0.7701
30419,0.7706
30420,0.7701
30421,0.7704
30422,0.7699
30423,0.7705
30424,0.7699
30425,0.7704
30426,0.7707
30427,0.7712
30428,0.7708
30429,0.7714
30430,0.7719
30431,0.7709
30432,0.7711
30433,0.7711
30434,0.7716
30435,0.7712
30436,0.7711
30437,0.7712
30438,0.7713
30439,0.7715
30440,0.7713
30441,0.7712
30442,0.7706
30443,0.7709
30444,0.7709
30445,0.7707
30446,0.7705
30447,0.7701
30448,0.7702
30449,0.7708
30450,0.7711
30451,0.7682
30452,0.7688
30453,0.7685
30454,0.7681
30455,0.7687
30456,0.7691
30457,0.7689
30458,0.7699
30459,0.771
30460,0.7703
30461,0.7703
30462,0.7707
30463,0.7695
30464,0.7697
30465,0.7699
30466,0.7702
30467,0.7699
30468,0.77
30469,0.77
30470,0.7699
30471,0.7702
30472,0.7702
30473,0.7706
30474,0.7703
30475,0.7695
30476,0.7698
30477,0.7701
30478,0.77
30479,0.7699
30480,0.7691
30481,0.7695
30482,0.7703
30483,0.7703
30484,0.7695
30485,0.7693
30486,0.7693
30487,0.769
30488,0.7693
30489,0.7696
30490,0.7699
30491,0.7703
30492,0.7703
30493,0.7701
30494,0.7701
30495,0.7698
30496,0.7694
30497,0.7701
30498,0.7699
30499,0.7705
30500,0.7705
30501,0.7698
30502,0.7693
30503,0.7696
30504,0.7689
30505,0.7696
30506,0.7693
30507,0.7693
30508,0.7686
30509,0.7687
30510,0.7687
30511,0.7696
30512,0.7695
30513,0.7697
30514,0.7693
30515,0.7689
30516,0.769
30517,0.7696
30518,0.7695
30519,0.7702
30520,0.7702
30521,0.7702
30522,0.77
30523,0.7701
30524,0.7698
30525,0.7702
30526,0.7697
30527,0.7691
30528,0.7691
30529,0.7695
30530,0.7701
30531,0.7694
30532,0.7689
30533,0.7691
30534,0.7693
30535,0.7699
30536,0.769
30537,0.7697
30538,0.7698
30539,0.7695
30540,0.7693
30541,0.7682
30542,0.7692
30543,0.7686
30544,0.7695
30545,0.7698
30546,0.7699
30547,0.7694
30548,0.7693
30549,0.7677
30550,0.7686
30551,0.7688
30552,0.7695
30553,0.7691
30554,0.7693
30555,0.7689
30556,0.7692
30557,0.7694
30558,0.7688
30559,0.7689
30560,0.7699
30561,0.7695
30562,0.7689
30563,0.7692
30564,0.7696
30565,0.7697
30566,0.7699
30567,0.7695
30568,0.7696
30569,0.7692
30570,0.7686
30571,0.7689
30572,0.7696
30573,0.7697
30574,0.7694
30575,0.7695
30576,0.7698
30577,0.77
30578,0.7699
30579,0.7685
30580,0.7689
30581,0.7694
30582,0.7695
30583,0.7696
30584,0.769
30585,0.7695
30586,0.7699
30587,0.7698
30588,0.7703
30589,0.7685
30590,0.7694
30591,0.77
30592,0.7697
30593,0.7702
30594,0.77
30595,0.7701
30596,0.7703
30597,0.7704
30598,0.7697
30599,0.7692
30600,0.7703
30601,0.7686
30602,0.7692
30603,0.7693
30604,0.7689
30605,0.7694
30606,0.7695
30607,0.7691
30608,0.7694
30609,0.7698
30610,0.7701
30611,0.7699
30612,0.77
30613,0.7707
30614,0.7697
30615,0.769
30616,0.7684
30617,0.7692
30618,0.7691
30619,0.7686
30620,0.7689
30621,0.769
30622,0.7694
30623,0.7689
30624,0.7689
30625,0.7691
30626,0.7682
30627,0.7692
30628,0.7691
30629,0.7693
30630,0.7699
30631,0.7699
30632,0.7696
30633,0.7697
30634,0.7691
30635,0.7693
30636,0.7691
30637,0.7694
30638,0.7692
30639,0.7691
30640,0.7699
30641,0.7697
30642,0.7697
30643,0.7695
30644,0.7699
30645,0.7702
30646,0.7692
30647,0.7701
30648,0.7702
30649,0.7696
30650,0.7698
30651,0.7695
30652,0.7699
30653,0.7692
30654,0.7699
30655,0.7697
30656,0.7692
30657,0.7701
30658,0.77
30659,0.769
30660,0.7677
30661,0.7684
30662,0.7685
30663,0.7688
30664,0.7696
30665,0.7698
30666,0.77
30667,0.7692
30668,0.7694
30669,0.768
30670,0.769
30671,0.7692
30672,0.7695
30673,0.7691
30674,0.7696
30675,0.7696
30676,0.7693
30677,0.7693
30678,0.7697
30679,0.7699
30680,0.7701
30681,0.7702
30682,0.7699
30683,0.7695
30684,0.7694
30685,0.7697
30686,0.7694
30687,0.7686
30688,0.7696
30689,0.7694
30690,0.7695
30691,0.7688
30692,0.7691
30693,0.7697
30694,0.7694
30695,0.7691
30696,0.7691
30697,0.7693
30698,0.7696
30699,0.77
30700,0.7701
30701,0.77
30702,0.7695
30703,0.7701
30704,0.7689
30705,0.7701
30706,0.7699
30707,0.7657
30708,0.7673
30709,0.7676
30710,0.7687
30711,0.7684
30712,0.7685
30713,0.7688
30714,0.7691
30715,0.7695
30716,0.7701
30717,0.7699
30718,0.7695
30719,0.7693
30720,0.7689
30721,0.7689
30722,0.7692
30723,0.7695
30724,0.7689
30725,0.77
30726,0.77
30727,0.7695
30728,0.7694
30729,0.7698
30730,0.7702
30731,0.7701
30732,0.7707
30733,0.7707
30734,0.7706
30735,0.7708
30736,0.7703
30737,0.7702
30738,0.7698
30739,0.7699
30740,0.7695
30741,0.7694
30742,0.7702
30743,0.7704
30744,0.77
30745,0.7695
30746,0.7703
30747,0.7694
30748,0.7695
30749,0.77
30750,0.7699
30751,0.7699
30752,0.7704
30753,0.7696
30754,0.7696
30755,0.7689
30756,0.769
30757,0.769
30758,0.7691
30759,0.7683
30760,0.7682
30761,0.7683
30762,0.7683
30763,0.769
30764,0.7691
30765,0.7693
30766,0.7686
30767,0.7692
30768,0.7689
30769,0.769
30770,0.7687
30771,0.7688
30772,0.7687
30773,0.7687
30774,0.7693
30775,0.7696
30776,0.7692
30777,0.769
30778,0.7693
30779,0.7693
30780,0.7688
30781,0.7692
30782,0.7699
30783,0.7695
30784,0.7691
30785,0.769
30786,0.7691
30787,0.77
30788,0.7705
30789,0.7702
30790,0.771
30791,0.7703
30792,0.7709
30793,0.7707
30794,0.7703
30795,0.7679
30796,0.768
30797,0.7686
30798,0.7696
30799,0.77
30800,0.77
30801,0.7696
30802,0.7689
30803,0.7693
30804,0.7695
30805,0.7697
30806,0.77
30807,0.769
30808,0.7696
30809,0.7683
30810,0.7688
30811,0.7689
30812,0.7693
30813,0.7696
30814,0.7695
30815,0.769
30816,0.7695
30817,0.7694
30818,0.7694
30819,0.7686
30820,0.7687
30821,0.7697
30822,0.7703
30823,0.77
30824,0.7682
30825,0.7703
30826,0.7699
30827,0.7695
30828,0.7696
30829,0.769
30830,0.7691
30831,0.7694
30832,0.7695
30833,0.7694
30834,0.7683
30835,0.7688
30836,0.7687
30837,0.7686
30838,0.7691
30839,0.7691
30840,0.7698
30841,0.7698
30842,0.7689
30843,0.7696
30844,0.77
30845,0.7695
30846,0.7695
30847,0.7689
30848,0.7696
30849,0.7693
30850,0.7691
30851,0.7684
30852,0.769
30853,0.7693
30854,0.7693
30855,0.769
30856,0.7692
30857,0.7687
30858,0.769
30859,0.7694
30860,0.7681
30861,0.7691
30862,0.7694
30863,0.7699
30864,0.7705
30865,0.7699
30866,0.7695
30867,0.7697
30868,0.7704
30869,0.7709
30870,0.7711
30871,0.7678
30872,0.7683
30873,0.7677
30874,0.7679
30875,0.7679
30876,0.7667
30877,0.7685
30878,0.7695
30879,0.7693
30880,0.7694
30881,0.7681
30882,0.769
30883,0.7686
30884,0.7682
30885,0.7679
30886,0.7683
30887,0.7676
30888,0.7686
30889,0.7692
30890,0.7689
30891,0.7698
30892,0.7701
30893,0.7705
30894,0.7685
30895,0.7689
30896,0.7693
30897,0.7696
30898,0.7698
30899,0.7697
30900,0.7698
30901,0.7685
30902,0.7678
30903,0.7681
30904,0.7682
30905,0.7676
30906,0.7674
30907,0.7683
30908,0.7691
30909,0.7683
30910,0.7687
30911,0.7694
30912,0.7698
30913,0.7688
30914,0.7701
30915,0.7699
30916,0.7691
30917,0.7696
30918,0.7693
30919,0.7683
30920,0.7679
30921,0.7685
30922,0.7693
30923,0.768
30924,0.7678
30925,0.7676
30926,0.7684
30927,0.7672
30928,0.7682
30929,0.7687
30930,0.7687
30931,0.7684
30932,0.7676
30933,0.7686
30934,0.7685
30935,0.7685
30936,0.7686
30937,0.7688
30938,0.7687
30939,0.769
30940,0.7685
30941,0.7691
30942,0.7683
30943,0.768
30944,0.7682
30945,0.7678
30946,0.769
30947,0.7695
30948,0.7691
30949,0.7695
30950,0.7692
30951,0.7694
30952,0.7688
30953,0.7696
30954,0.7694
30955,0.7688
30956,0.7681
30957,0.7677
30958,0.7672
30959,0.7686
30960,0.7689
30961,0.769
30962,0.768
30963,0.7678
30964,0.7682
30965,0.7689
30966,0.769
30967,0.7691
30968,0.7695
30969,0.7694
30970,0.7684
30971,0.7695
30972,0.769
30973,0.7683
30974,0.7685
30975,0.7687
30976,0.7681
30977,0.7689
30978,0.7687
30979,0.7675
30980,0.7683
30981,0.7684
30982,0.768
30983,0.7675
30984,0.768
30985,0.7687
30986,0.7681
30987,0.7681
30988,0.7677
30989,0.7678
30990,0.7681
30991,0.768
30992,0.7682
30993,0.7689
30994,0.7674
30995,0.7679
30996,0.7672
30997,0.7688
30998,0.7689
30999,0.7691
31000,0.7688
31001,0.7689
31002,0.7686
31003,0.7683
31004,0.7686
31005,0.7683
31006,0.7698
31007,0.7697
31008,0.7695
31009,0.7698
31010,0.7692
31011,0.7689
31012,0.7695
31013,0.7692
31014,0.7693
31015,0.7694
31016,0.7692
31017,0.7668
31018,0.7666
31019,0.7671
31020,0.7676
31021,0.7677
31022,0.7672
31023,0.7676
31024,0.7673
31025,0.768
31026,0.7677
31027,0.7677
31028,0.7691
31029,0.769
31030,0.7686
31031,0.7682
31032,0.7688
31033,0.7683
31034,0.7687
31035,0.7692
31036,0.7687
31037,0.7697
31038,0.769
31039,0.7682
31040,0.7685
31041,0.7686
31042,0.768
31043,0.769
31044,0.769
31045,0.7688
31046,0.769
31047,0.7693
31048,0.77
31049,0.7694
31050,0.7692
31051,0.7693
31052,0.7694
31053,0.7686
31054,0.7692
31055,0.7691
31056,0.7686
31057,0.7676
31058,0.7688
31059,0.769
31060,0.7687
31061,0.7685
31062,0.7684
31063,0.7679
31064,0.7693
31065,0.7676
31066,0.7674
31067,0.7676
31068,0.7679
31069,0.7681
31070,0.7674
31071,0.7674
31072,0.768
31073,0.7672
31074,0.7679
31075,0.7682
31076,0.7695
31077,0.7689
31078,0.7673
31079,0.7677
31080,0.7671
31081,0.7679
31082,0.7679
31083,0.7676
31084,0.7678
31085,0.7676
31086,0.7683
31087,0.7687
31088,0.7681
31089,0.7678
31090,0.7678
31091,0.768
31092,0.7679
31093,0.7674
31094,0.7676
31095,0.7689
31096,0.7682
31097,0.7685
31098,0.7687
31099,0.7687
31100,0.7688
31101,0.7684
31102,0.7687
31103,0.7692
31104,0.7688
31105,0.7686
31106,0.7691
31107,0.7681
31108,0.7682
31109,0.7687
31110,0.7691
31111,0.7703
31112,0.7698
31113,0.7676
31114,0.7663
31115,0.7673
31116,0.768
31117,0.768
31118,0.7683
31119,0.7692
31120,0.769
31121,0.7697
31122,0.7699
31123,0.7701
31124,0.77
31125,0.7695
31126,0.7695
31127,0.7687
31128,0.7686
31129,0.7675
31130,0.7671
31131,0.7672
31132,0.7675
31133,0.7685
31134,0.7687
31135,0.7682
31136,0.7684
31137,0.7688
31138,0.7688
31139,0.7684
31140,0.7689
31141,0.7692
31142,0.7675
31143,0.7676
31144,0.7684
31145,0.7689
31146,0.769
31147,0.7693
31148,0.7694
31149,0.7697
31150,0.765
31151,0.7667
31152,0.7669
31153,0.7679
31154,0.7677
31155,0.7675
31156,0.7671
31157,0.767
31158,0.767
31159,0.7671
31160,0.7677
31161,0.7682
31162,0.7681
31163,0.7683
31164,0.7685
31165,0.7689
31166,0.769
31167,0.7677
31168,0.7678
31169,0.7679
31170,0.7684
31171,0.7685
31172,0.7684
31173,0.7689
31174,0.7681
31175,0.768
31176,0.768
31177,0.7678
31178,0.7677
31179,0.7681
31180,0.7683
31181,0.7684
31182,0.7681
31183,0.7676
31184,0.7676
31185,0.7676
31186,0.7677
31187,0.768
31188,0.7678
31189,0.7675
31190,0.7676
31191,0.7671
31192,0.7678
31193,0.7681
31194,0.7686
31195,0.7684
31196,0.7684
31197,0.7683
31198,0.7683
31199,0.7688
31200,0.7684
31201,0.7683
31202,0.7686
31203,0.768
31204,0.7672
31205,0.7682
31206,0.7684
31207,0.7682
31208,0.7683
31209,0.7685
31210,0.7684
31211,0.7686
31212,0.7689
31213,0.7681
31214,0.7682
31215,0.7674
31216,0.767
31217,0.7672
31218,0.7675
31219,0.7669
31220,0.7666
31221,0.7675
31222,0.7678
31223,0.7684
31224,0.7682
31225,0.7687
31226,0.7682
31227,0.7682
31228,0.7685
31229,0.7692
31230,0.7673
31231,0.768
31232,0.7679
31233,0.7682
31234,0.7683
31235,0.7679
31236,0.7681
31237,0.7687
31238,0.7687
31239,0.7682
31240,0.7686
31241,0.7686
31242,0.7686
31243,0.7685
31244,0.7676
31245,0.7676
31246,0.7675
31247,0.7674
31248,0.7676
31249,0.7671
31250,0.7675
31251,0.7677
31252,0.7676
31253,0.7671
31254,0.7675
31255,0.7678
31256,0.767
31257,0.7671
31258,0.7673
31259,0.7674
31260,0.7674
31261,0.7677
31262,0.7675
31263,0.7673
31264,0.7676
31265,0.7677
31266,0.7677
31267,0.768
31268,0.7675
31269,0.7733
31270,0.7727
31271,0.7718
31272,0.7719
31273,0.7728
31274,0.7725
31275,0.7716
31276,0.7712
31277,0.7712
31278,0.7718
31279,0.7712
31280,0.7725
31281,0.7724
31282,0.7729
31283,0.7723
31284,0.7721
31285,0.7713
31286,0.7712
31287,0.7717
31288,0.7728
31289,0.7719
31290,0.772
31291,0.7721
31292,0.7723
31293,0.7712
31294,0.7721
31295,0.7721
31296,0.7727
31297,0.7722
31298,0.7728
31299,0.7723
31300,0.7713
31301,0.7713
31302,0.7713
31303,0.7713
31304,0.7712
31305,0.7715
31306,0.7715
31307,0.772
31308,0.7717
31309,0.7723
31310,0.7729
31311,0.7727
31312,0.773
31313,0.7709
31314,0.7715
31315,0.7728
31316,0.7716
31317,0.7718
31318,0.7719
31319,0.7722
31320,0.7733
31321,0.7729
31322,0.7731
31323,0.7716
31324,0.7721
31325,0.7719
31326,0.7737
31327,0.7719
31328,0.7726
31329,0.7723
31330,0.7722
31331,0.7708
31332,0.7723
31333,0.7721
31334,0.7726
31335,0.7731
31336,0.7731
31337,0.7731
31338,0.772
31339,0.7718
31340,0.7716
31341,0.7727
31342,0.7719
31343,0.7721
31344,0.7713
31345,0.772
31346,0.7722
31347,0.7731
31348,0.7724
31349,0.7721
31350,0.7731
31351,0.7729
31352,0.7724
31353,0.7729
31354,0.7725
31355,0.7727
31356,0.7731
31357,0.7728
31358,0.7732
31359,0.7726
31360,0.7718
31361,0.7715
31362,0.7707
31363,0.7721
31364,0.7728
31365,0.7728
31366,0.773
31367,0.7733
31368,0.7728
31369,0.7726
31370,0.7721
31371,0.7721
31372,0.7721
31373,0.772
31374,0.7714
31375,0.7718
31376,0.7725
31377,0.772
31378,0.7721
31379,0.772
31380,0.7718
31381,0.7723
31382,0.7727
31383,0.7722
31384,0.7724
31385,0.7714
31386,0.7714
31387,0.7716
31388,0.7714
31389,0.7698
31390,0.7703
31391,0.7714
31392,0.7716
31393,0.7723
31394,0.772
31395,0.7711
31396,0.7716
31397,0.7714
31398,0.7722
31399,0.7705
31400,0.7714
31401,0.7715
31402,0.7717
31403,0.772
31404,0.7721
31405,0.7724
31406,0.7721
31407,0.7713
31408,0.7718
31409,0.7724
31410,0.7713
31411,0.7713
31412,0.7713
31413,0.7715
31414,0.7715
31415,0.7716
31416,0.7715
31417,0.7715
31418,0.7717
31419,0.7724
31420,0.772
31421,0.7718
31422,0.7717
31423,0.7723
31424,0.7722
31425,0.7721
31426,0.7718
31427,0.7717
31428,0.7713
31429,0.7705
31430,0.7712
31431,0.7713
31432,0.7715
31433,0.7707
31434,0.7715
31435,0.7717
31436,0.7718
31437,0.772
31438,0.7716
31439,0.7717
31440,0.7725
31441,0.7728
31442,0.7727
31443,0.7729
31444,0.7717
31445,0.7717
31446,0.7721
31447,0.7726
31448,0.7724
31449,0.7721
31450,0.7718
31451,0.7721
31452,0.7706
31453,0.7707
31454,0.7702
31455,0.7708
31456,0.7715
31457,0.7713
31458,0.7723
31459,0.7721
31460,0.7721
31461,0.7723
31462,0.7715
31463,0.7723
31464,0.7722
31465,0.7719
31466,0.772
31467,0.7717
31468,0.772
31469,0.7722
31470,0.7722
31471,0.7722
31472,0.7712
31473,0.7716
31474,0.7716
31475,0.7724
31476,0.7716
31477,0.7708
31478,0.771
31479,0.7708
31480,0.7699
31481,0.7717
31482,0.7708
31483,0.7714
31484,0.7715
31485,0.7724
31486,0.7729
31487,0.7724
31488,0.7724
31489,0.7727
31490,0.7721
31491,0.7731
31492,0.7714
31493,0.7715
31494,0.7717
31495,0.7723
31496,0.7723
31497,0.7727
31498,0.7722
31499,0.7724
31500,0.7724
31501,0.7719
31502,0.7717
31503,0.7726
31504,0.7722
31505,0.7722
31506,0.772
31507,0.772
31508,0.7725
31509,0.7725
31510,0.7716
31511,0.771
31512,0.7713
31513,0.7715
31514,0.7721
31515,0.7711
31516,0.7712
31517,0.7712
31518,0.7716
31519,0.7709
31520,0.7688
31521,0.7685
31522,0.7693
31523,0.7695
31524,0.7696
31525,0.7699
31526,0.7709
31527,0.7704
31528,0.7716
31529,0.7708
31530,0.7708
31531,0.7706
31532,0.7707
31533,0.7703
31534,0.7709
31535,0.771
31536,0.7709
31537,0.7708
31538,0.7704
31539,0.7708
31540,0.7712
31541,0.7717
31542,0.7719
31543,0.7718
31544,0.7714
31545,0.7717
31546,0.7714
31547,0.771
31548,0.7714
31549,0.7719
31550,0.7714
31551,0.7718
31552,0.7719
31553,0.7715
31554,0.7702
31555,0.7713
31556,0.7715
31557,0.7716
31558,0.7715
31559,0.7707
31560,0.7717
31561,0.771
31562,0.7713
31563,0.7719
31564,0.7726
31565,0.7719
31566,0.7721
31567,0.7722
31568,0.7722
31569,0.7723
31570,0.7725
31571,0.7724
31572,0.7725
31573,0.7728
31574,0.7724
31575,0.7719
31576,0.7716
31577,0.7696
31578,0.77
31579,0.7706
31580,0.7709
31581,0.7718
31582,0.7721
31583,0.7722
31584,0.7709
31585,0.7717
31586,0.7715
31587,0.7725
31588,0.7725
31589,0.7728
31590,0.7717
31591,0.7716
31592,0.7725
31593,0.7716
31594,0.7723
31595,0.7725
31596,0.7706
31597,0.7707
31598,0.771
31599,0.7713
31600,0.7706
31601,0.771
31602,0.7712
31603,0.7707
31604,0.7717
31605,0.7717
31606,0.7724
31607,0.7725
31608,0.7734
31609,0.7731
31610,0.772
31611,0.7707
31612,0.7712
31613,0.7713
31614,0.7718
31615,0.7713
31616,0.7719
31617,0.7715
31618,0.7718
31619,0.7719
31620,0.7722
31621,0.7712
31622,0.7718
31623,0.7722
31624,0.772
31625,0.7723
31626,0.773
31627,0.7727
31628,0.7726
31629,0.7727
31630,0.7731
31631,0.7731
31632,0.7733
31633,0.7721
31634,0.7728
31635,0.7691
31636,0.7697
31637,0.771
31638,0.7711
31639,0.7717
31640,0.7724
31641,0.7725
31642,0.7729
31643,0.7729
31644,0.7732
31645,0.7731
31646,0.7735
31647,0.7736
31648,0.7726
31649,0.7727
31650,0.773
31651,0.7728
31652,0.7721
31653,0.7726
31654,0.7722
31655,0.7716
31656,0.7718
31657,0.7721
31658,0.7728
31659,0.7729
31660,0.7721
31661,0.7724
31662,0.7723
31663,0.7722
31664,0.7729
31665,0.7712
31666,0.7706
31667,0.7703
31668,0.7714
31669,0.7721
31670,0.7712
31671,0.7715
31672,0.7715
31673,0.7716
31674,0.7714
31675,0.7715
31676,0.7715
31677,0.7723
31678,0.7724
31679,0.7726
31680,0.7723
31681,0.772
31682,0.7714
31683,0.7721
31684,0.7719
31685,0.7723
31686,0.7725
31687,0.7719
31688,0.7713
31689,0.7723
31690,0.7723
31691,0.7718
31692,0.772
31693,0.7718
31694,0.7715
31695,0.7724
31696,0.7726
31697,0.7723
31698,0.7723
31699,0.7732
31700,0.7729
31701,0.7728
31702,0.773
31703,0.7723
31704,0.7721
31705,0.7721
31706,0.7722
31707,0.7697
31708,0.7694
31709,0.77
31710,0.7705
31711,0.7701
31712,0.7709
31713,0.7706
31714,0.7713
31715,0.7713
31716,0.7708
31717,0.7707
31718,0.7709
31719,0.7713
31720,0.7716
31721,0.7713
31722,0.7715
31723,0.7715
31724,0.7717
31725,0.7721
31726,0.7718
31727,0.7719
31728,0.7718
31729,0.7723
31730,0.7719
31731,0.7718
31732,0.7719
31733,0.7718
31734,0.7718
31735,0.7722
31736,0.7725
31737,0.7729
31738,0.7729
31739,0.773
31740,0.7726
31741,0.772
31742,0.7725
31743,0.7723
31744,0.772
31745,0.7719
31746,0.7716
31747,0.7714
31748,0.7713
31749,0.7715
31750,0.7709
31751,0.7713
31752,0.7717
31753,0.7721
31754,0.7714
31755,0.7718
31756,0.7715
31757,0.7718
31758,0.771
31759,0.7714
31760,0.7716
31761,0.7721
31762,0.7718
31763,0.7712
31764,0.7717
31765,0.7714
31766,0.7709
31767,0.7715
31768,0.7718
31769,0.7712
31770,0.7706
31771,0.771
31772,0.7715
31773,0.7709
31774,0.771
31775,0.7714
31776,0.7714
31777,0.7716
31778,0.7712
31779,0.7715
31780,0.7709
31781,0.7716
31782,0.7712
31783,0.771
31784,0.7708
31785,0.771
31786,0.7713
31787,0.7711
31788,0.7715
31789,0.7715
31790,0.7705
31791,0.7708
31792,0.7709
31793,0.7711
31794,0.7716
31795,0.7716
31796,0.7716
31797,0.7722
31798,0.7718
31799,0.7718
31800,0.7714
31801,0.7717
31802,0.7711
31803,0.7711
31804,0.7708
31805,0.7701
31806,0.77
31807,0.7702
31808,0.7709
31809,0.7716
31810,0.7704
31811,0.7705
31812,0.7705
31813,0.7705
31814,0.7709
31815,0.7712
31816,0.7708
31817,0.7712
31818,0.7711
31819,0.7716
31820,0.771
31821,0.7705
31822,0.7704
31823,0.7698
31824,0.7694
31825,0.7698
31826,0.7705
31827,0.7705
31828,0.7701
31829,0.7701
31830,0.7698
31831,0.7706
31832,0.7703
31833,0.7702
31834,0.7702
31835,0.7691
31836,0.7715
31837,0.771
31838,0.771
31839,0.7703
31840,0.7701
31841,0.77
31842,0.7693
31843,0.7703
31844,0.7704
31845,0.7704
31846,0.7702
31847,0.7707
31848,0.7702
31849,0.7705
31850,0.7708
31851,0.7703
31852,0.769
31853,0.77
31854,0.7695
31855,0.7707
31856,0.7702
31857,0.7697
31858,0.7696
31859,0.7704
31860,0.7707
31861,0.7715
31862,0.7699
31863,0.7709
31864,0.771
31865,0.771
31866,0.7704
31867,0.7693
31868,0.7694
31869,0.7689
31870,0.7701
31871,0.7708
31872,0.7689
31873,0.7682
31874,0.768
31875,0.7696
31876,0.7701
31877,0.7703
31878,0.7716
31879,0.7711
31880,0.7713
31881,0.7715
31882,0.7716
31883,0.7719
31884,0.7712
31885,0.7715
31886,0.771
31887,0.7707
31888,0.7709
31889,0.7719
31890,0.7691
31891,0.7701
31892,0.7702
31893,0.7694
31894,0.7703
31895,0.7706
31896,0.7691
31897,0.7708
31898,0.7708
31899,0.7711
31900,0.7707
31901,0.771
31902,0.7711
31903,0.7699
31904,0.7707
31905,0.7703
31906,0.7702
31907,0.7703
31908,0.7701
31909,0.7706
31910,0.7695
31911,0.7705
31912,0.7701
31913,0.7702
31914,0.77
31915,0.77
31916,0.7708
31917,0.7707
31918,0.77
31919,0.7701
31920,0.7712
31921,0.7712
31922,0.7706
31923,0.7694
31924,0.7698
31925,0.7705
31926,0.77
31927,0.7693
31928,0.7692
31929,0.7699
31930,0.7697
31931,0.7706
31932,0.7714
31933,0.7714
31934,0.7709
31935,0.7705
31936,0.7705
31937,0.7698
31938,0.7702
31939,0.7704
31940,0.7704
31941,0.771
31942,0.7702
31943,0.7708
31944,0.7709
31945,0.7713
31946,0.7695
31947,0.7705
31948,0.7719
31949,0.7712
31950,0.7711
31951,0.7711
31952,0.7696
31953,0.7706
31954,0.7713
31955,0.7705
31956,0.7705
31957,0.7699
31958,0.769
31959,0.7692
31960,0.7702
31961,0.7692
31962,0.7694
31963,0.7701
31964,0.7706
31965,0.7705
31966,0.7704
31967,0.77
31968,0.7704
31969,0.7709
31970,0.7705
31971,0.7702
31972,0.7708
31973,0.769
31974,0.7697
31975,0.7691
31976,0.7692
31977,0.7691
31978,0.7693
31979,0.7696
31980,0.7691
31981,0.7698
31982,0.7697
31983,0.77
31984,0.77
31985,0.7697
31986,0.7703
31987,0.7704
31988,0.7695
31989,0.7694
31990,0.7675
31991,0.7692
31992,0.7696
31993,0.7692
31994,0.7708
31995,0.7706
31996,0.7705
31997,0.7704
31998,0.7708
31999,0.771
32000,0.7707
32001,0.7691
32002,0.7682
32003,0.769
32004,0.7696
32005,0.7696
32006,0.7697
32007,0.7695
32008,0.7697
32009,0.7693
32010,0.7699
32011,0.7696
32012,0.7686
32013,0.7687
32014,0.7685
32015,0.7689
32016,0.7682
32017,0.769
32018,0.7689
32019,0.7701
32020,0.7692
32021,0.7691
32022,0.7691
32023,0.7704
32024,0.7705
32025,0.7688
32026,0.7685
32027,0.7688
32028,0.7694
32029,0.7699
32030,0.7695
32031,0.7699
32032,0.7703
32033,0.7696
32034,0.7696
32035,0.7701
32036,0.77
32037,0.7697
32038,0.7699
32039,0.7705
32040,0.771
32041,0.77
32042,0.7713
32043,0.7693
32044,0.7696
32045,0.7688
32046,0.7691
32047,0.7675
32048,0.768
32049,0.7682
32050,0.7686
32051,0.7687
32052,0.769
32053,0.7693
32054,0.7695
32055,0.7698
32056,0.769
32057,0.7687
32058,0.7671
32059,0.7687
32060,0.7681
32061,0.768
32062,0.7683
32063,0.7682
32064,0.7694
32065,0.7692
32066,0.7694
32067,0.7689
32068,0.769
32069,0.7698
32070,0.7697
32071,0.7696
32072,0.7699
32073,0.7702
32074,0.7676
32075,0.7679
32076,0.768
32077,0.7676
32078,0.7679
32079,0.769
32080,0.7689
32081,0.7693
32082,0.769
32083,0.7689
32084,0.7697
32085,0.7688
32086,0.7683
32087,0.7682
32088,0.7685
32089,0.7668
32090,0.7681
32091,0.7692
32092,0.7688
32093,0.7683
32094,0.7691
32095,0.7686
32096,0.7687
32097,0.7689
32098,0.7686
32099,0.7675
32100,0.7678
32101,0.7673
32102,0.768
32103,0.7687
32104,0.7692
32105,0.7692
32106,0.7689
32107,0.77
32108,0.7702
32109,0.7707
32110,0.7701
32111,0.7698
32112,0.769
32113,0.7682
32114,0.7689
32115,0.7697
32116,0.7694
32117,0.7689
32118,0.769
32119,0.7686
32120,0.7692
32121,0.7692
32122,0.7695
32123,0.7687
32124,0.769
32125,0.7686
32126,0.7692
32127,0.769
32128,0.769
32129,0.7692
32130,0.7692
32131,0.7692
32132,0.768
32133,0.7684
32134,0.7689
32135,0.768
32136,0.7688
32137,0.7686
32138,0.7682
32139,0.7687
32140,0.7687
32141,0.7685
32142,0.7692
32143,0.7693
32144,0.7697
32145,0.7698
32146,0.7695
32147,0.769
32148,0.7688
32149,0.7686
32150,0.7682
32151,0.7678
32152,0.7686
32153,0.7689
32154,0.769
32155,0.769
32156,0.7691
32157,0.7696
32158,0.7697
32159,0.7684
32160,0.7685
32161,0.7683
32162,0.7689
32163,0.7697
32164,0.7693
32165,0.7688
32166,0.7699
32167,0.7696
32168,0.7699
32169,0.7696
32170,0.7696
32171,0.7689
32172,0.7691
32173,0.7688
32174,0.7682
32175,0.7685
32176,0.7699
32177,0.7705
32178,0.7691
32179,0.7692
32180,0.769
32181,0.7705
32182,0.7703
32183,0.7689
32184,0.7682
32185,0.7679
32186,0.7684
32187,0.7692
32188,0.768
32189,0.7681
32190,0.769
32191,0.7695
32192,0.7697
32193,0.769
32194,0.7691
32195,0.7684
32196,0.7691
32197,0.7694
32198,0.769
32199,0.7688
32200,0.7692
32201,0.7693
32202,0.7692
32203,0.7699
32204,0.7698
32205,0.7698
32206,0.7691
32207,0.77
32208,0.7688
32209,0.7686
32210,0.7689
32211,0.7683
32212,0.7687
32213,0.7699
32214,0.7692
32215,0.7688
32216,0.7696
32217,0.7704
32218,0.7698
32219,0.7689
32220,0.7688
32221,0.7692
32222,0.7692
32223,0.7684
32224,0.7686
32225,0.7692
32226,0.7696
32227,0.7688
32228,0.7694
32229,0.7695
32230,0.7686
32231,0.7695
32232,0.7691
32233,0.7693
32234,0.7695
32235,0.7694
32236,0.769
32237,0.7682
32238,0.769
32239,0.7694
32240,0.7696
32241,0.7701
32242,0.7703
32243,0.7703
32244,0.7712
32245,0.7711
32246,0.7713
32247,0.7695
32248,0.7691
32249,0.7696
32250,0.7698
32251,0.77
32252,0.7699
32253,0.77
32254,0.7703
32255,0.7702
32256,0.7701
32257,0.77
32258,0.7694
32259,0.7693
32260,0.7698
32261,0.7695
32262,0.7691
32263,0.7691
32264,0.7686
32265,0.7693
32266,0.7687
32267,0.7695
32268,0.7693
32269,0.7696
32270,0.7696
32271,0.7693
32272,0.7694
32273,0.7699
32274,0.77
32275,0.7699
32276,0.7697
32277,0.7693
32278,0.7692
32279,0.7688
32280,0.7689
32281,0.7689
32282,0.7687
32283,0.7685
32284,0.7682
32285,0.7692
32286,0.7692
32287,0.7696
32288,0.7697
32289,0.7696
32290,0.7694
32291,0.7693
32292,0.7701
32293,0.7701
32294,0.7689
32295,0.7694
32296,0.7705
32297,0.7695
32298,0.7699
32299,0.7684
32300,0.7693
32301,0.769
32302,0.7689
32303,0.7692
32304,0.7686
32305,0.7683
32306,0.7684
32307,0.7691
32308,0.7685
32309,0.7693
32310,0.7692
32311,0.7683
32312,0.7692
32313,0.7697
32314,0.7694
32315,0.7695
32316,0.7696
32317,0.7689
32318,0.7691
32319,0.7698
32320,0.7691
32321,0.7693
32322,0.7688
32323,0.77
32324,0.7694
32325,0.7693
32326,0.7679
32327,0.7678
32328,0.769
32329,0.7688
32330,0.7683
32331,0.7687
32332,0.7691
32333,0.7681
32334,0.7674
32335,0.7683
32336,0.769
32337,0.7695
32338,0.7684
32339,0.7693
32340,0.7696
32341,0.7689
32342,0.7688
32343,0.7694
32344,0.7691
32345,0.7692
32346,0.77
32347,0.7691
32348,0.7694
32349,0.7686
32350,0.7688
32351,0.7691
32352,0.7669
32353,0.7688
32354,0.768
32355,0.7687
32356,0.7687
32357,0.7689
32358,0.7688
32359,0.7696
32360,0.7697
32361,0.7693
32362,0.7695
32363,0.7701
32364,0.7699
32365,0.7697
32366,0.7699
32367,0.7701
32368,0.7694
32369,0.7692
32370,0.7696
32371,0.7682
32372,0.7688
32373,0.7673
32374,0.7682
32375,0.7685
32376,0.7687
32377,0.7683
32378,0.7684
32379,0.7676
32380,0.7674
32381,0.7679
32382,0.7682
32383,0.7673
32384,0.7689
32385,0.7687
32386,0.7697
32387,0.7689
32388,0.7686
32389,0.77
32390,0.7698
32391,0.7696
32392,0.7692
32393,0.7698
32394,0.7692
32395,0.7699
32396,0.77
32397,0.7695
32398,0.7698
32399,0.77
32400,0.7695
32401,0.7693
32402,0.7695
32403,0.7693
32404,0.7697
32405,0.7708
32406,0.7701
32407,0.7699
32408,0.7696
32409,0.7696
32410,0.77
32411,0.7706
32412,0.7698
32413,0.7688
32414,0.7682
32415,0.7688
32416,0.7692
32417,0.7694
32418,0.7692
32419,0.7698
32420,0.7703
32421,0.769
32422,0.7698
32423,0.7705
32424,0.7693
32425,0.7691
32426,0.7696
32427,0.7703
32428,0.7688
32429,0.7694
32430,0.7698
32431,0.7699
32432,0.77
32433,0.7694
32434,0.7692
32435,0.7699
32436,0.77
32437,0.7712
32438,0.7712
32439,0.7719
32440,0.7713
32441,0.7715
32442,0.7707
32443,0.7694
32444,0.7698
32445,0.7691
32446,0.7693
32447,0.7696
32448,0.7692
32449,0.7689
32450,0.7694
32451,0.7695
32452,0.7693
32453,0.7695
32454,0.7689
32455,0.7695
32456,0.7699
32457,0.7687
32458,0.7675
32459,0.7682
32460,0.7688
32461,0.7686
32462,0.769
32463,0.7693
32464,0.7693
32465,0.7701
32466,0.7697
32467,0.7702
32468,0.7702
32469,0.7693
32470,0.7694
32471,0.7698
32472,0.7697
32473,0.77
32474,0.7689
32475,0.7694
32476,0.7702
32477,0.7711
32478,0.7691
32479,0.7694
32480,0.7691
32481,0.7695
32482,0.7697
32483,0.7692
32484,0.7689
32485,0.7685
32486,0.7689
32487,0.7694
32488,0.7688
32489,0.7694
32490,0.7692
32491,0.7685
32492,0.7691
32493,0.769
32494,0.7683
32495,0.7672
32496,0.7681
32497,0.7684
32498,0.7689
32499,0.7686
32500,0.769
32501,0.7681
32502,0.7689
32503,0.7689
32504,0.7686
32505,0.7688
32506,0.7692
32507,0.7684
32508,0.769
32509,0.7693
32510,0.7695
32511,0.7689
32512,0.7691
32513,0.7693
32514,0.7692
32515,0.7682
32516,0.7684
32517,0.7682
32518,0.7683
32519,0.7682
32520,0.7686
32521,0.7689
32522,0.769
32523,0.7689
32524,0.7684
32525,0.7683
32526,0.7687
32527,0.7681
32528,0.7683
32529,0.7678
32530,0.768
32531,0.7685
32532,0.7689
32533,0.769
32534,0.7686
32535,0.7694
32536,0.7697
32537,0.7693
32538,0.7691
32539,0.7689
32540,0.7693
32541,0.7693
32542,0.7692
32543,0.7697
32544,0.7691
32545,0.7693
32546,0.7686
32547,0.7685
32548,0.7683
32549,0.7687
32550,0.7688
32551,0.7687
32552,0.7685
32553,0.7685
32554,0.7687
32555,0.769
32556,0.7688
32557,0.7692
32558,0.7689
32559,0.7687
32560,0.769
32561,0.7695
32562,0.7681
32563,0.7689
32564,0.7679
32565,0.7687
32566,0.769
32567,0.7686
32568,0.7688
32569,0.7689
32570,0.7687
32571,0.7692
32572,0.7684
32573,0.7685
32574,0.7689
32575,0.7693
32576,0.7695
32577,0.7692
32578,0.7689
32579,0.7685
32580,0.7687
32581,0.7688
32582,0.7685
32583,0.7691
32584,0.7691
32585,0.7685
32586,0.7683
32587,0.7688
32588,0.7685
32589,0.7673
32590,0.7672
32591,0.7677
32592,0.7675
32593,0.7684
32594,0.7685
32595,0.7683
32596,0.7686
32597,0.7689
32598,0.7681
32599,0.768
32600,0.7686
32601,0.769
32602,0.7694
32603,0.7694
32604,0.7689
32605,0.7682
32606,0.7682
32607,0.7688
32608,0.7686
32609,0.7687
32610,0.7683
32611,0.7686
32612,0.7685
32613,0.7681
32614,0.768
32615,0.7687
32616,0.7684
32617,0.7693
32618,0.7692
32619,0.7679
32620,0.7684
32621,0.7683
32622,0.7683
32623,0.7686
32624,0.7693
32625,0.7691
32626,0.7692
32627,0.7691
32628,0.7684
32629,0.769
32630,0.7685
32631,0.7689
32632,0.7681
32633,0.7682
32634,0.7679
32635,0.7689
32636,0.7693
32637,0.7694
32638,0.7687
32639,0.7689
32640,0.7684
32641,0.768
32642,0.7679
32643,0.7684
32644,0.7676
32645,0.7682
32646,0.7688
32647,0.7688
32648,0.7685
32649,0.7668
32650,0.7691
32651,0.7693
32652,0.7689
32653,0.7678
32654,0.7682
32655,0.7679
32656,0.7683
32657,0.7687
32658,0.7686
32659,0.7675
32660,0.7673
32661,0.7687
32662,0.7687
32663,0.7685
32664,0.7691
32665,0.769
32666,0.7687
32667,0.7688
32668,0.7689
32669,0.7689
32670,0.7688
32671,0.769
32672,0.7689
32673,0.7689
32674,0.7682
32675,0.7687
32676,0.7686
32677,0.7689
32678,0.7689
32679,0.7691
32680,0.7689
32681,0.7693
32682,0.769
32683,0.7689
32684,0.7694
32685,0.7703
32686,0.7697
32687,0.7688
32688,0.7692
32689,0.769
32690,0.7692
32691,0.7684
32692,0.7684
32693,0.7682
32694,0.7684
32695,0.7686
32696,0.7685
32697,0.7688
32698,0.7691
32699,0.7693
32700,0.7693
32701,0.7689
32702,0.7693
32703,0.769
32704,0.7689
32705,0.7673
32706,0.7682
32707,0.7686
32708,0.769
32709,0.7683
32710,0.7683
32711,0.7684
32712,0.7688
32713,0.7688
32714,0.7691
32715,0.7693
32716,0.7693
32717,0.7695
32718,0.7693
32719,0.7701
32720,0.7699
32721,0.7702
32722,0.7686
32723,0.7689
32724,0.7684
32725,0.7692
32726,0.7691
32727,0.7696
32728,0.7698
32729,0.7703
32730,0.7693
32731,0.7696
32732,0.7697
32733,0.7695
32734,0.7683
32735,0.7697
32736,0.77
32737,0.7703
32738,0.7699
32739,0.77
32740,0.7697
32741,0.7698
32742,0.7702
32743,0.7694
32744,0.7693
32745,0.7696
32746,0.7694
32747,0.7696
32748,0.7693
32749,0.7696
32750,0.7655
32751,0.7663
32752,0.767
32753,0.7671
32754,0.7674
32755,0.7661
32756,0.7666
32757,0.7679
32758,0.7685
32759,0.7688
32760,0.7681
32761,0.7685
32762,0.7688
32763,0.7679
32764,0.7683
32765,0.7676
32766,0.768
32767,0.7678
32768,0.7682
32769,0.7676
32770,0.7685
32771,0.7677
32772,0.7683
32773,0.7684
32774,0.7681
32775,0.7682
32776,0.7682
32777,0.7681
32778,0.7684
32779,0.7684
32780,0.7673
32781,0.7665
32782,0.7674
32783,0.7694
32784,0.769
32785,0.7691
32786,0.7687
32787,0.7677
32788,0.7686
32789,0.7679
32790,0.7681
32791,0.7684
32792,0.7677
32793,0.7669
32794,0.767
32795,0.7672
32796,0.7672
32797,0.7674
32798,0.768
32799,0.7678
32800,0.7683
32801,0.7683
32802,0.7687
32803,0.7684
32804,0.7678
32805,0.7683
32806,0.767
32807,0.7677
32808,0.7674
32809,0.7674
32810,0.7674
32811,0.7669
32812,0.7669
32813,0.7676
32814,0.767
32815,0.7671
32816,0.7672
32817,0.7682
32818,0.7683
32819,0.768
32820,0.7686
32821,0.7689
32822,0.7687
32823,0.7685
32824,0.7679
32825,0.7687
32826,0.7686
32827,0.7682
32828,0.7691
32829,0.7689
32830,0.768
32831,0.7676
32832,0.7686
32833,0.7674
32834,0.7673
32835,0.7662
32836,0.7664
32837,0.7668
32838,0.7681
32839,0.7683
32840,0.7671
32841,0.7666
32842,0.7666
32843,0.767
32844,0.7683
32845,0.7686
32846,0.7681
32847,0.7676
32848,0.768
32849,0.7684
32850,0.7684
32851,0.768
32852,0.7681
32853,0.7679
32854,0.7667
32855,0.768
32856,0.7675
32857,0.7684
32858,0.7681
32859,0.7679
32860,0.7677
32861,0.7677
32862,0.7681
32863,0.7686
32864,0.7676
32865,0.7673
32866,0.7679
32867,0.7676
32868,0.7665
32869,0.7669
32870,0.7681
32871,0.767
32872,0.7669
32873,0.7662
32874,0.7671
32875,0.7673
32876,0.7671
32877,0.7671
32878,0.7675
32879,0.7671
32880,0.7679
32881,0.7674
32882,0.7677
32883,0.7668
32884,0.7671
32885,0.7677
32886,0.7686
32887,0.7663
32888,0.7671
32889,0.7669
32890,0.7669
32891,0.7669
32892,0.7667
32893,0.7667
32894,0.7673
32895,0.768
32896,0.7674
32897,0.7678
32898,0.7681
32899,0.7685
32900,0.7678
32901,0.7683
32902,0.7687
32903,0.7669
32904,0.7685
32905,0.7679
32906,0.7685
32907,0.7684
32908,0.7689
32909,0.7687
32910,0.7675
32911,0.7657
32912,0.7664
32913,0.7676
32914,0.7661
32915,0.7659
32916,0.7683
32917,0.7687
32918,0.7679
32919,0.7682
32920,0.764
32921,0.7668
32922,0.7666
32923,0.7665
32924,0.7664
32925,0.7672
32926,0.7671
32927,0.7671
32928,0.7669
32929,0.7674
32930,0.7669
32931,0.7674
32932,0.7678
32933,0.7661
32934,0.7656
32935,0.7665
32936,0.7669
32937,0.7671
32938,0.7669
32939,0.7676
32940,0.7684
32941,0.7683
32942,0.7676
32943,0.7666
32944,0.7673
32945,0.7673
32946,0.7683
32947,0.7676
32948,0.7678
32949,0.7679
32950,0.7662
32951,0.7662
32952,0.7664
32953,0.7683
32954,0.7679
32955,0.7678
32956,0.7676
32957,0.7679
32958,0.7686
32959,0.7686
32960,0.768
32961,0.7675
32962,0.7675
32963,0.7688
32964,0.7683
32965,0.7674
32966,0.7671
32967,0.7665
32968,0.7668
32969,0.7673
32970,0.767
32971,0.7673
32972,0.7671
32973,0.7675
32974,0.7675
32975,0.7664
32976,0.7672
32977,0.7659
32978,0.766
32979,0.7666
32980,0.7669
32981,0.767
32982,0.7675
32983,0.7672
32984,0.7678
32985,0.7682
32986,0.7692
32987,0.7657
32988,0.7656
32989,0.7674
32990,0.7666
32991,0.7676
32992,0.7663
32993,0.7662
32994,0.7675
32995,0.7677
32996,0.768
32997,0.7687
32998,0.7679
32999,0.768
33000,0.7679
33001,0.7681
33002,0.7681
33003,0.7681
33004,0.7683
33005,0.7684
33006,0.7674
33007,0.7677
33008,0.7686
33009,0.7679
33010,0.7697
33011,0.77
33012,0.77
33013,0.7685
33014,0.7693
33015,0.7702
33016,0.7681
33017,0.7675
33018,0.7681
33019,0.7678
33020,0.7681
33021,0.7686
33022,0.7684
33023,0.769
33024,0.7693
33025,0.7691
33026,0.7687
33027,0.7668
33028,0.7678
33029,0.7682
33030,0.7691
33031,0.7694
33032,0.7697
33033,0.7702
33034,0.7689
33035,0.7681
33036,0.7687
33037,0.7695
33038,0.7681
33039,0.7678
33040,0.7678
33041,0.768
33042,0.7692
33043,0.7693
33044,0.7688
33045,0.7675
33046,0.7686
33047,0.768
33048,0.7681
33049,0.7669
33050,0.7683
33051,0.7681
33052,0.7684
33053,0.768
33054,0.7671
33055,0.7681
33056,0.7679
33057,0.7679
33058,0.7672
33059,0.7677
33060,0.7679
33061,0.7677
33062,0.7677
33063,0.7675
33064,0.7673
33065,0.767
33066,0.7678
33067,0.7675
33068,0.7675
33069,0.768
33070,0.7676
33071,0.7676
33072,0.7677
33073,0.7681
33074,0.7671
33075,0.7665
33076,0.7673
33077,0.7677
33078,0.7676
33079,0.7668
33080,0.768
33081,0.7677
33082,0.7673
33083,0.7675
33084,0.7669
33085,0.7674
33086,0.768
33087,0.7681
33088,0.7682
33089,0.7679
33090,0.7673
33091,0.7675
33092,0.7669
33093,0.7683
33094,0.7692
33095,0.7688
33096,0.7684
33097,0.7686
33098,0.7689
33099,0.7685
33100,0.7687
33101,0.7682
33102,0.7684
33103,0.7686
33104,0.7677
33105,0.7682
33106,0.7685
33107,0.7687
33108,0.7685
33109,0.7684
33110,0.7683
33111,0.7683
33112,0.7683
33113,0.7686
33114,0.7679
33115,0.7655
33116,0.7676
33117,0.7671
33118,0.7678
33119,0.7677
33120,0.7679
33121,0.7674
33122,0.7673
33123,0.767
33124,0.7672
33125,0.7668
33126,0.7668
33127,0.7676
33128,0.7676
33129,0.7682
33130,0.7687
33131,0.7686
33132,0.7672
33133,0.7674
33134,0.7676
33135,0.7674
33136,0.7679
33137,0.7682
33138,0.7675
33139,0.7672
33140,0.7655
33141,0.7653
33142,0.7651
33143,0.7643
33144,0.7656
33145,0.7666
33146,0.766
33147,0.766
33148,0.7662
33149,0.7655
33150,0.7664
33151,0.7665
33152,0.7668
33153,0.7669
33154,0.7678
33155,0.7679
33156,0.7679
33157,0.7663
33158,0.7652
33159,0.7657
33160,0.7669
33161,0.7668
33162,0.7679
33163,0.7678
33164,0.7665
33165,0.7668
33166,0.7674
33167,0.7676
33168,0.7678
33169,0.7677
33170,0.7678
33171,0.767
33172,0.7679
33173,0.7687
33174,0.7673
33175,0.7682
33176,0.7692
33177,0.7688
33178,0.7685
33179,0.768
33180,0.7676
33181,0.7686
33182,0.7687
33183,0.7687
33184,0.7686
33185,0.7687
33186,0.7683
33187,0.7687
33188,0.769
33189,0.7679
33190,0.7682
33191,0.7686
33192,0.7685
33193,0.7682
33194,0.7684
33195,0.769
33196,0.7696
33197,0.7692
33198,0.769
33199,0.7684
33200,0.769
33201,0.7686
33202,0.7687
33203,0.769
33204,0.7689
33205,0.7683
33206,0.7682
33207,0.7681
33208,0.7686
33209,0.7688
33210,0.7691
33211,0.7693
33212,0.7649
33213,0.7664
33214,0.7664
33215,0.7668
33216,0.7681
33217,0.7675
33218,0.768
33219,0.767
33220,0.7688
33221,0.7685
33222,0.7683
33223,0.7673
33224,0.7682
33225,0.7683
33226,0.7685
33227,0.7687
33228,0.7694
33229,0.7694
33230,0.7688
33231,0.7683
33232,0.7672
33233,0.7683
33234,0.7688
33235,0.7694
33236,0.7694
33237,0.7685
33238,0.7687
33239,0.7682
33240,0.7683
33241,0.7688
33242,0.7676
33243,0.7677
33244,0.768
33245,0.7683
33246,0.7688
33247,0.7672
33248,0.7677
33249,0.7669
33250,0.7686
33251,0.7669
33252,0.7674
33253,0.7677
33254,0.7675
33255,0.7668
33256,0.7669
33257,0.7671
33258,0.7672
33259,0.767
33260,0.7684
33261,0.768
33262,0.7679
33263,0.7688
33264,0.7698
33265,0.7678
33266,0.7683
33267,0.7687
33268,0.7681
33269,0.768
33270,0.7684
33271,0.7685
33272,0.7689
33273,0.7687
33274,0.7692
33275,0.7694
33276,0.7694
33277,0.7698
33278,0.7702
33279,0.7702
33280,0.7639
33281,0.7641
33282,0.7656
33283,0.7658
33284,0.7662
33285,0.7667
33286,0.767
33287,0.7676
33288,0.768
33289,0.7678
33290,0.7675
33291,0.7686
33292,0.7684
33293,0.7686
33294,0.7692
33295,0.7694
33296,0.7702
33297,0.7701
33298,0.7694
33299,0.7695
33300,0.7687
33301,0.7689
33302,0.7687
33303,0.7693
33304,0.7685
33305,0.7683
33306,0.7685
33307,0.7681
33308,0.7669
33309,0.767
33310,0.7678
33311,0.7661
33312,0.7658
33313,0.7666
33314,0.7666
33315,0.7668
33316,0.7675
33317,0.7671
33318,0.7672
33319,0.7674
33320,0.7679
33321,0.7672
33322,0.7655
33323,0.7666
33324,0.7672
33325,0.7681
33326,0.7688
33327,0.7692
33328,0.7676
33329,0.7685
33330,0.7689
33331,0.7695
33332,0.7705
33333,0.771
33334,0.7709
33335,0.7704
33336,0.7695
33337,0.7677
33338,0.7675
33339,0.7686
33340,0.7691
33341,0.7685
33342,0.7693
33343,0.7695
33344,0.7686
33345,0.7699
33346,0.7699
33347,0.7654
33348,0.7659
33349,0.765
33350,0.7653
33351,0.7651
33352,0.7652
33353,0.7659
33354,0.7656
33355,0.7661
33356,0.7662
33357,0.7666
33358,0.7665
33359,0.7657
33360,0.7663
33361,0.7672
33362,0.7672
33363,0.7678
33364,0.7665
33365,0.767
33366,0.767
33367,0.7674
33368,0.7673
33369,0.7672
33370,0.7674
33371,0.7674
33372,0.7681
33373,0.7687
33374,0.769
33375,0.7687
33376,0.7641
33377,0.7647
33378,0.7649
33379,0.7651
33380,0.7654
33381,0.7663
33382,0.7659
33383,0.7661
33384,0.7662
33385,0.7661
33386,0.7675
33387,0.764
33388,0.7639
33389,0.7637
33390,0.7639
33391,0.7637
33392,0.7641
33393,0.7649
33394,0.7648
33395,0.7658
33396,0.7658
33397,0.7668
33398,0.767
33399,0.767
33400,0.7669
33401,0.7665
33402,0.7668
33403,0.7668
33404,0.7672
33405,0.7665
33406,0.7674
33407,0.768
33408,0.768
33409,0.7677
33410,0.7669
33411,0.7663
33412,0.7668
33413,0.7667
33414,0.7667
33415,0.7672
33416,0.7667
33417,0.7673
33418,0.7677
33419,0.7676
33420,0.7678
33421,0.7683
33422,0.7688
33423,0.7683
33424,0.7682
33425,0.7688
33426,0.7678
33427,0.7674
33428,0.7678
33429,0.7688
33430,0.7682
33431,0.7691
33432,0.7696
33433,0.7697
33434,0.7682
33435,0.7685
33436,0.7681
33437,0.7658
33438,0.767
33439,0.7674
33440,0.7679
33441,0.7683
33442,0.7685
33443,0.7675
33444,0.7683
33445,0.768
33446,0.7671
33447,0.7667
33448,0.7672
33449,0.7681
33450,0.7671
33451,0.7656
33452,0.7648
33453,0.765
33454,0.7657
33455,0.7664
33456,0.7663
33457,0.7664
33458,0.7663
33459,0.7667
33460,0.7671
33461,0.7665
33462,0.7666
33463,0.7671
33464,0.7683
33465,0.7619
33466,0.7683
33467,0.7694
33468,0.765
33469,0.7651
33470,0.7651
33471,0.7656
33472,0.7661
33473,0.7667
33474,0.7667
33475,0.7676
33476,0.7676
33477,0.7641
33478,0.7637
33479,0.7639
33480,0.7643
33481,0.7641
33482,0.7643
33483,0.7635
33484,0.7637
33485,0.7642
33486,0.7652
33487,0.7648
33488,0.765
33489,0.7658
33490,0.7655
33491,0.7648
33492,0.7657
33493,0.7665
33494,0.7663
33495,0.7669
33496,0.7663
33497,0.7665
33498,0.7665
33499,0.7673
33500,0.7676
33501,0.7681
33502,0.7677
33503,0.7679
33504,0.7682
33505,0.7677
33506,0.7677
33507,0.7666
33508,0.7685
33509,0.7681
33510,0.7691
33511,0.7679
33512,0.7677
33513,0.7688
33514,0.7676
33515,0.7683
33516,0.7692
33517,0.7687
33518,0.7694
33519,0.7691
33520,0.7693
33521,0.7691
33522,0.7699
33523,0.7695
33524,0.7698
33525,0.77
33526,0.7693
33527,0.769
33528,0.7684
33529,0.7682
33530,0.7683
33531,0.7683
33532,0.7637
33533,0.764
33534,0.7638
33535,0.7632
33536,0.7638
33537,0.7642
33538,0.7651
33539,0.7654
33540,0.7657
33541,0.7661
33542,0.7658
33543,0.7664
33544,0.7656
33545,0.7655
33546,0.7664
33547,0.7673
33548,0.7671
33549,0.767
33550,0.7673
33551,0.7663
33552,0.7669
33553,0.7673
33554,0.7674
33555,0.7667
33556,0.7658
33557,0.7657
33558,0.7661
33559,0.7656
33560,0.766
33561,0.7659
33562,0.767
33563,0.7675
33564,0.7683
33565,0.7692
33566,0.7695
33567,0.7618
33568,0.7621
33569,0.7626
33570,0.7624
33571,0.7628
33572,0.7624
33573,0.7626
33574,0.7633
33575,0.7637
33576,0.7639
33577,0.7644
33578,0.7647
33579,0.7642
33580,0.7646
33581,0.7646
33582,0.7652
33583,0.7647
33584,0.7641
33585,0.7645
33586,0.7651
33587,0.7647
33588,0.7654
33589,0.7653
33590,0.7657
33591,0.7664
33592,0.7664
33593,0.7662
33594,0.7663
33595,0.7664
33596,0.7666
33597,0.7664
33598,0.7667
33599,0.7662
33600,0.7657
33601,0.7668
33602,0.7674
33603,0.7675
33604,0.7677
33605,0.7678
33606,0.7684
33607,0.7687
33608,0.7686
33609,0.7686
33610,0.7681
33611,0.7675
33612,0.7687
33613,0.7679
33614,0.7678
33615,0.7674
33616,0.7676
33617,0.7673
33618,0.7673
33619,0.7665
33620,0.7676
33621,0.767
33622,0.7676
33623,0.7674
33624,0.7687
33625,0.7679
33626,0.7681
33627,0.7677
33628,0.768
33629,0.7666
33630,0.7668
33631,0.7681
33632,0.7675
33633,0.7682
33634,0.7682
33635,0.7671
33636,0.7675
33637,0.7677
33638,0.7666
33639,0.7666
33640,0.7663
33641,0.7662
33642,0.7675
33643,0.7678
33644,0.7607
33645,0.7612
33646,0.7618
33647,0.7626
33648,0.763
33649,0.7637
33650,0.7637
33651,0.7636
33652,0.7625
33653,0.7633
33654,0.7641
33655,0.7648
33656,0.7646
33657,0.7644
33658,0.7642
33659,0.7647
33660,0.7653
33661,0.7651
33662,0.7654
33663,0.7654
33664,0.7652
33665,0.7651
33666,0.7657
33667,0.7658
33668,0.7661
33669,0.7666
33670,0.7661
33671,0.7656
33672,0.765
33673,0.7664
33674,0.7674
33675,0.7662
33676,0.7664
33677,0.7641
33678,0.764
33679,0.7649
33680,0.765
33681,0.7666
33682,0.7666
33683,0.7669
33684,0.7667
33685,0.7676
33686,0.7677
33687,0.7671
33688,0.7673
33689,0.7682
33690,0.7677
33691,0.7684
33692,0.7632
33693,0.7639
33694,0.7643
33695,0.7641
33696,0.7648
33697,0.7649
33698,0.7648
33699,0.7643
33700,0.7642
33701,0.7638
33702,0.7643
33703,0.7653
33704,0.7648
33705,0.7639
33706,0.7646
33707,0.7635
33708,0.7645
33709,0.7649
33710,0.7649
33711,0.7644
33712,0.7651
33713,0.7644
33714,0.7642
33715,0.7637
33716,0.7655
33717,0.7646
33718,0.7648
33719,0.7649
33720,0.7648
33721,0.7654
33722,0.7643
33723,0.7638
33724,0.7645
33725,0.7649
33726,0.7647
33727,0.766
33728,0.7625
33729,0.762
33730,0.7635
33731,0.7639
33732,0.7642
33733,0.764
33734,0.7641
33735,0.7647
33736,0.7651
33737,0.7649
33738,0.7652
33739,0.7644
33740,0.7647
33741,0.7655
33742,0.7662
33743,0.7663
33744,0.7664
33745,0.7656
33746,0.7652
33747,0.7657
33748,0.7658
33749,0.7656
33750,0.7663
33751,0.7665
33752,0.7663
33753,0.7663
33754,0.7625
33755,0.7626
33756,0.7629
33757,0.7626
33758,0.7634
33759,0.7642
33760,0.7635
33761,0.7636
33762,0.7636
33763,0.7629
33764,0.7625
33765,0.7632
33766,0.7637
33767,0.7641
33768,0.7638
33769,0.7644
33770,0.7637
33771,0.7649
33772,0.765
33773,0.7646
33774,0.7643
33775,0.7643
33776,0.7643
33777,0.7645
33778,0.7643
33779,0.7647
33780,0.7643
33781,0.7644
33782,0.7642
33783,0.7644
33784,0.7648
33785,0.7643
33786,0.7656
33787,0.7661
33788,0.7662
33789,0.7656
33790,0.7657
33791,0.7663
33792,0.7659
33793,0.766
33794,0.766
33795,0.7657
33796,0.7661
33797,0.7649
33798,0.766
33799,0.7654
33800,0.7658
33801,0.7653
33802,0.7658
33803,0.7662
33804,0.7657
33805,0.7664
33806,0.7662
33807,0.7662
33808,0.7665
33809,0.7666
33810,0.7656
33811,0.7657
33812,0.7663
33813,0.7665
33814,0.7669
33815,0.7665
33816,0.7663
33817,0.766
33818,0.766
33819,0.766
33820,0.7667
33821,0.7663
33822,0.7673
33823,0.7674
33824,0.7665
33825,0.766
33826,0.766
33827,0.7659
33828,0.7661
33829,0.7672
33830,0.7661
33831,0.7661
33832,0.7658
33833,0.7653
33834,0.7652
33835,0.7663
33836,0.7658
33837,0.7659
33838,0.766
33839,0.7657
33840,0.7661
33841,0.7663
33842,0.7662
33843,0.7666
33844,0.7668
33845,0.7676
33846,0.7671
33847,0.7676
33848,0.7664
33849,0.7648
33850,0.7652
33851,0.7653
33852,0.765
33853,0.7659
33854,0.766
33855,0.7659
33856,0.7661
33857,0.7655
33858,0.7657
33859,0.7665
33860,0.7664
33861,0.7666
33862,0.7672
33863,0.7675
33864,0.7674
33865,0.7668
33866,0.7663
33867,0.7667
33868,0.7669
33869,0.7651
33870,0.7659
33871,0.7637
33872,0.7649
33873,0.7652
33874,0.7657
33875,0.7663
33876,0.7673
33877,0.7664
33878,0.7667
33879,0.7673
33880,0.7665
33881,0.7662
33882,0.766
33883,0.7669
33884,0.7666
33885,0.767
33886,0.7666
33887,0.7661
33888,0.7661
33889,0.7668
33890,0.7666
33891,0.7665
33892,0.766
33893,0.7661
33894,0.7661
33895,0.7667
33896,0.767
33897,0.7658
33898,0.7659
33899,0.7655
33900,0.7649
33901,0.7661
33902,0.766
33903,0.7661
33904,0.7666
33905,0.7658
33906,0.766
33907,0.766
33908,0.7665
33909,0.7666
33910,0.7669
33911,0.7665
33912,0.7665
33913,0.7648
33914,0.766
33915,0.7664
33916,0.7662
33917,0.7664
33918,0.7659
33919,0.7657
33920,0.7653
33921,0.766
33922,0.7665
33923,0.7658
33924,0.7652
33925,0.7644
33926,0.7657
33927,0.7662
33928,0.7661
33929,0.7663
33930,0.7665
33931,0.7667
33932,0.7673
33933,0.7674
33934,0.7668
33935,0.7669
33936,0.7669
33937,0.7678
33938,0.7673
33939,0.7672
33940,0.7653
33941,0.7659
33942,0.7663
33943,0.7668
33944,0.7667
33945,0.7673
33946,0.767
33947,0.7666
33948,0.7671
33949,0.7674
33950,0.7667
33951,0.7664
33952,0.7684
33953,0.7661
33954,0.7662
33955,0.7668
33956,0.7671
33957,0.7669
33958,0.7666
33959,0.7676
33960,0.7681
33961,0.7689
33962,0.7643
33963,0.7644
33964,0.765
33965,0.7652
33966,0.7657
33967,0.7653
33968,0.766
33969,0.7655
33970,0.7659
33971,0.7662
33972,0.7657
33973,0.766
33974,0.7652
33975,0.7662
33976,0.7657
33977,0.7658
33978,0.7652
33979,0.7655
33980,0.7654
33981,0.7662
33982,0.766
33983,0.7662
33984,0.7663
33985,0.7669
33986,0.7664
33987,0.7668
33988,0.7664
33989,0.7641
33990,0.7654
33991,0.7655
33992,0.7657
33993,0.7662
33994,0.7648
33995,0.7664
33996,0.7659
33997,0.7658
33998,0.7656
33999,0.7664
34000,0.7659
34001,0.7664
34002,0.7669
34003,0.7668
34004,0.767
34005,0.7673
34006,0.7672
34007,0.7679
34008,0.7655
34009,0.7658
34010,0.7669
34011,0.7638
34012,0.7659
34013,0.7661
34014,0.7664
34015,0.7665
34016,0.7669
34017,0.7671
34018,0.7674
34019,0.7676
34020,0.7679
34021,0.7656
34022,0.7659
34023,0.7659
34024,0.7659
34025,0.7653
34026,0.765
34027,0.7656
34028,0.7653
34029,0.7659
34030,0.7662
34031,0.7661
34032,0.7664
34033,0.766
34034,0.7663
34035,0.7667
34036,0.7672
34037,0.7668
34038,0.7669
34039,0.766
34040,0.7663
34041,0.7663
34042,0.7664
34043,0.767
34044,0.7656
34045,0.7654
34046,0.7654
34047,0.7654
34048,0.7661
34049,0.7673
34050,0.7659
34051,0.7656
34052,0.7665
34053,0.767
34054,0.7678
34055,0.7655
34056,0.766
34057,0.767
34058,0.7663
34059,0.7673
34060,0.768
34061,0.769
34062,0.7692
34063,0.767
34064,0.7675
34065,0.7681
34066,0.768
34067,0.7675
34068,0.7675
34069,0.7652
34070,0.7653
34071,0.7655
34072,0.7661
34073,0.7657
34074,0.7663
34075,0.7658
34076,0.7666
34077,0.7672
34078,0.7668
34079,0.7667
34080,0.7674
34081,0.7668
34082,0.7648
34083,0.7659
34084,0.7657
34085,0.766
34086,0.7669
34087,0.7671
34088,0.767
34089,0.7668
34090,0.7668
34091,0.7667
34092,0.7668
34093,0.7673
34094,0.7674
34095,0.7673
34096,0.7674
34097,0.768
34098,0.7682
34099,0.768
34100,0.7613
34101,0.7622
34102,0.7629
34103,0.7632
34104,0.764
34105,0.7641
34106,0.763
34107,0.763
34108,0.7635
34109,0.7647
34110,0.7652
34111,0.7655
34112,0.7664
34113,0.7659
34114,0.7656
34115,0.7655
34116,0.7647
34117,0.7643
34118,0.7648
34119,0.765
34120,0.7651
34121,0.7655
34122,0.7642
34123,0.7652
34124,0.7652
34125,0.7663
34126,0.7617
34127,0.7617
34128,0.7624
34129,0.7625
34130,0.763
34131,0.7625
34132,0.7639
34133,0.7632
34134,0.7633
34135,0.764
34136,0.7639
34137,0.7642
34138,0.764
34139,0.7635
34140,0.7643
34141,0.7637
34142,0.7635
34143,0.7707
34144,0.7774
34145,0.777
34146,0.7769
34147,0.7777
34148,0.7783
34149,0.7772
34150,0.7777
34151,0.7776
34152,0.7778
34153,0.7775
34154,0.7769
34155,0.7773
34156,0.7782
34157,0.778
34158,0.7786
34159,0.7774
34160,0.7766
34161,0.7784
34162,0.7771
34163,0.7781
34164,0.7792
34165,0.7784
34166,0.7776
34167,0.7779
34168,0.7779
34169,0.7776
34170,0.7729
34171,0.7749
34172,0.775
34173,0.7749
34174,0.7746
34175,0.7754
34176,0.7746
34177,0.7744
34178,0.7749
34179,0.7763
34180,0.7758
34181,0.7753
34182,0.7758
34183,0.7759
34184,0.7762
34185,0.7763
34186,0.7772
34187,0.7765
34188,0.7768
34189,0.7774
34190,0.7763
34191,0.7764
34192,0.7772
34193,0.7768
34194,0.7775
34195,0.7767
34196,0.7764
34197,0.7764
34198,0.7762
34199,0.7772
34200,0.7775
34201,0.7781
34202,0.7787
34203,0.7767
34204,0.7764
34205,0.7771
34206,0.7768
34207,0.7775
34208,0.7776
34209,0.7771
34210,0.7784
34211,0.7715
34212,0.7733
34213,0.7747
34214,0.7743
34215,0.7748
34216,0.7746
34217,0.7751
34218,0.7744
34219,0.7742
34220,0.7754
34221,0.7767
34222,0.7759
34223,0.7762
34224,0.7758
34225,0.777
34226,0.7771
34227,0.7769
34228,0.776
34229,0.7763
34230,0.7772
34231,0.7754
34232,0.7751
34233,0.7755
34234,0.7761
34235,0.7761
34236,0.7768
34237,0.7762
34238,0.776
34239,0.776
34240,0.7767
34241,0.7767
34242,0.7769
34243,0.777
34244,0.7769
34245,0.777
34246,0.7771
34247,0.778
34248,0.7775
34249,0.7774
34250,0.7735
34251,0.7733
34252,0.7742
34253,0.7749
34254,0.7743
34255,0.7747
34256,0.7745
34257,0.7752
34258,0.7751
34259,0.776
34260,0.7761
34261,0.7762
34262,0.7743
34263,0.7753
34264,0.7755
34265,0.7754
34266,0.7763
34267,0.7763
34268,0.7764
34269,0.7753
34270,0.7756
34271,0.7752
34272,0.7762
34273,0.7767
34274,0.7764
34275,0.7764
34276,0.7762
34277,0.7773
34278,0.777
34279,0.7771
34280,0.7774
34281,0.7764
34282,0.7771
34283,0.7767
34284,0.7764
34285,0.7772
34286,0.7773
34287,0.7774
34288,0.7735
34289,0.7737
34290,0.7744
34291,0.7753
34292,0.7738
34293,0.7739
34294,0.7733
34295,0.7733
34296,0.7737
34297,0.7738
34298,0.7741
34299,0.775
34300,0.7759
34301,0.7759
34302,0.775
34303,0.7751
34304,0.7759
34305,0.7759
34306,0.7758
34307,0.776
34308,0.7765
34309,0.7765
34310,0.7759
34311,0.7761
34312,0.7761
34313,0.7765
34314,0.7767
34315,0.7772
34316,0.7774
34317,0.7779
34318,0.7784
34319,0.7782
34320,0.7767
34321,0.7744
34322,0.7752
34323,0.7747
34324,0.7727
34325,0.7729
34326,0.7739
34327,0.7738
34328,0.7736
34329,0.7737
34330,0.7739
34331,0.7742
34332,0.7747
34333,0.7749
34334,0.7748
34335,0.7759
34336,0.7756
34337,0.7749
34338,0.776
34339,0.7778
34340,0.7773
34341,0.7754
34342,0.7755
34343,0.7761
34344,0.7763
34345,0.777
34346,0.7769
34347,0.7763
34348,0.7761
34349,0.7756
34350,0.776
34351,0.7754
34352,0.776
34353,0.7738
34354,0.7744
34355,0.7742
34356,0.7745
34357,0.7753
34358,0.7755
34359,0.7749
34360,0.775
34361,0.7759
34362,0.7742
34363,0.7747
34364,0.7762
34365,0.776
34366,0.7766
34367,0.7761
34368,0.7749
34369,0.7747
34370,0.7752
34371,0.7757
34372,0.7767
34373,0.7771
34374,0.7761
34375,0.7761
34376,0.7739
34377,0.7743
34378,0.7759
34379,0.776
34380,0.7761
34381,0.7751
34382,0.7756
34383,0.7762
34384,0.7764
34385,0.7767
34386,0.7763
34387,0.7772
34388,0.778
34389,0.7773
34390,0.7783
34391,0.7781
34392,0.777
34393,0.7772
34394,0.7772
34395,0.7778
34396,0.7784
34397,0.778
34398,0.7781
34399,0.7774
34400,0.7778
34401,0.7773
34402,0.7777
34403,0.7777
34404,0.7781
34405,0.7782
34406,0.779
34407,0.779
34408,0.7782
34409,0.7774
34410,0.7784
34411,0.7775
34412,0.7774
34413,0.7778
34414,0.778
34415,0.7778
34416,0.779
34417,0.779
34418,0.7781
34419,0.777
34420,0.7773
34421,0.779
34422,0.7788
34423,0.7781
34424,0.7782
34425,0.778
34426,0.7775
34427,0.7765
34428,0.7765
34429,0.7759
34430,0.777
34431,0.7767
34432,0.778
34433,0.7781
34434,0.7784
34435,0.7775
34436,0.7777
34437,0.7779
34438,0.7771
34439,0.7769
34440,0.7778
34441,0.7777
34442,0.7774
34443,0.7774
34444,0.777
34445,0.7766
34446,0.7772
34447,0.7784
34448,0.7782
34449,0.7787
34450,0.7787
34451,0.7764
34452,0.7759
34453,0.7762
34454,0.7754
34455,0.7762
34456,0.7774
34457,0.7776
34458,0.7772
34459,0.7766
34460,0.7761
34461,0.7765
34462,0.7757
34463,0.7762
34464,0.7765
34465,0.7761
34466,0.7766
34467,0.7768
34468,0.7769
34469,0.777
34470,0.7772
34471,0.7781
34472,0.7779
34473,0.7781
34474,0.7777
34475,0.7778
34476,0.7778
34477,0.7782
34478,0.7789
34479,0.7786
34480,0.7791
34481,0.7772
34482,0.7772
34483,0.7773
34484,0.7774
34485,0.7779
34486,0.7769
34487,0.7776
34488,0.7774
34489,0.7778
34490,0.7756
34491,0.7755
34492,0.7768
34493,0.7771
34494,0.7773
34495,0.7777
34496,0.7784
34497,0.7783
34498,0.7781
34499,0.7783
34500,0.7788
34501,0.7735
34502,0.7732
34503,0.7733
34504,0.7726
34505,0.7738
34506,0.7733
34507,0.7737
34508,0.7739
34509,0.7742
34510,0.7736
34511,0.7754
34512,0.776
34513,0.7756
34514,0.7747
34515,0.7763
34516,0.7762
34517,0.7774
34518,0.7773
34519,0.7769
34520,0.7774
34521,0.7779
34522,0.7772
34523,0.7741
34524,0.7755
34525,0.7748
34526,0.7755
34527,0.7757
34528,0.7756
34529,0.7741
34530,0.7753
34531,0.7759
34532,0.7765
34533,0.7766
34534,0.7753
34535,0.7759
34536,0.7758
34537,0.7752
34538,0.7747
34539,0.7746
34540,0.7752
34541,0.776
34542,0.7754
34543,0.7761
34544,0.7756
34545,0.7726
34546,0.7729
34547,0.7747
34548,0.7752
34549,0.7744
34550,0.7752
34551,0.7754
34552,0.7757
34553,0.7768
34554,0.7763
34555,0.7764
34556,0.7763
34557,0.771
34558,0.7716
34559,0.773
34560,0.7725
34561,0.7739
34562,0.7731
34563,0.7741
34564,0.7759
34565,0.776
34566,0.7759
34567,0.7759
34568,0.7759
34569,0.7771
34570,0.7754
34571,0.7743
34572,0.7746
34573,0.7748
34574,0.7692
34575,0.7696
34576,0.7708
34577,0.7707
34578,0.7709
34579,0.7705
34580,0.7704
34581,0.7707
34582,0.7712
34583,0.7711
34584,0.771
34585,0.7702
34586,0.7717
34587,0.7721
34588,0.7722
34589,0.7725
34590,0.7723
34591,0.7729
34592,0.7707
34593,0.7705
34594,0.7729
34595,0.7732
34596,0.7734
34597,0.7736
34598,0.7739
34599,0.7749
34600,0.776
34601,0.7739
34602,0.774
34603,0.7746
34604,0.7762
34605,0.7753
34606,0.7744
34607,0.7741
34608,0.7743
34609,0.7758
34610,0.776
34611,0.7762
34612,0.7753
34613,0.7753
34614,0.7747
34615,0.7758
34616,0.7749
34617,0.7754
34618,0.7749
34619,0.774
34620,0.7749
34621,0.7745
34622,0.7761
34623,0.7757
34624,0.7752
34625,0.7706
34626,0.7701
34627,0.7702
34628,0.7713
34629,0.7719
34630,0.7714
34631,0.7729
34632,0.7717
34633,0.7726
34634,0.7721
34635,0.7722
34636,0.7725
34637,0.7728
34638,0.7739
34639,0.7759
34640,0.7761
34641,0.7771
34642,0.7766
34643,0.7748
34644,0.7742
34645,0.7737
34646,0.7746
34647,0.7749
34648,0.7756
34649,0.7739
34650,0.7746
34651,0.7754
34652,0.7748
34653,0.7754
34654,0.7743
34655,0.7724
34656,0.7729
34657,0.7744
34658,0.7744
34659,0.775
34660,0.7732
34661,0.7723
34662,0.7737
34663,0.774
34664,0.7744
34665,0.7743
34666,0.7739
34667,0.7755
34668,0.775
34669,0.7759
34670,0.776
34671,0.7756
34672,0.7756
34673,0.7763
34674,0.7762
34675,0.7765
34676,0.7768
34677,0.7764
34678,0.7761
34679,0.7764
34680,0.776
34681,0.7757
34682,0.7762
34683,0.7764
34684,0.7759
34685,0.7756
34686,0.7699
34687,0.7699
34688,0.769
34689,0.7692
34690,0.7707
34691,0.7709
34692,0.7714
34693,0.7715
34694,0.7706
34695,0.7712
34696,0.7706
34697,0.7709
34698,0.7721
34699,0.7729
34700,0.7739
34701,0.774
34702,0.7746
34703,0.7736
34704,0.7754
34705,0.7757
34706,0.7745
34707,0.7741
34708,0.7744
34709,0.7748
34710,0.7752
34711,0.775
34712,0.7736
34713,0.7736
34714,0.7752
34715,0.7768
34716,0.77
34717,0.7691
34718,0.7701
34719,0.77
34720,0.7706
34721,0.7712
34722,0.773
34723,0.7728
34724,0.7722
34725,0.7722
34726,0.7715
34727,0.7721
34728,0.7721
34729,0.7725
34730,0.7728
34731,0.7728
34732,0.7713
34733,0.7714
34734,0.7725
34735,0.773
34736,0.7732
34737,0.7735
34738,0.7736
34739,0.7741
34740,0.7736
34741,0.7741
34742,0.7738
34743,0.7738
34744,0.7749
34745,0.776
34746,0.7761
34747,0.7766
34748,0.7768
34749,0.7765
34750,0.7766
34751,0.7757
34752,0.775
34753,0.7742
34754,0.7748
34755,0.7753
34756,0.7759
34757,0.7759
34758,0.7747
34759,0.7745
34760,0.7746
34761,0.7755
34762,0.7756
34763,0.7751
34764,0.7712
34765,0.7716
34766,0.7725
34767,0.7716
34768,0.7717
34769,0.7716
34770,0.7733
34771,0.7731
34772,0.7728
34773,0.7739
34774,0.7733
34775,0.7733
34776,0.7732
34777,0.7737
34778,0.7736
34779,0.7742
34780,0.7738
34781,0.7733
34782,0.7736
34783,0.7734
34784,0.773
34785,0.7739
34786,0.7741
34787,0.7748
34788,0.7741
34789,0.7743
34790,0.7744
34791,0.7751
34792,0.7757
34793,0.7757
34794,0.7753
34795,0.7748
34796,0.7754
34797,0.7765
34798,0.7753
34799,0.776
34800,0.7759
34801,0.776
34802,0.7751
34803,0.7735
34804,0.7739
34805,0.775
34806,0.7749
34807,0.7752
34808,0.7756
34809,0.7758
34810,0.7759
34811,0.7762
34812,0.7763
34813,0.7762
34814,0.777
34815,0.7762
34816,0.7756
34817,0.7759
34818,0.7755
34819,0.775
34820,0.7752
34821,0.7704
34822,0.7707
34823,0.7716
34824,0.7719
34825,0.772
34826,0.7726
34827,0.7725
34828,0.7732
34829,0.773
34830,0.7726
34831,0.7735
34832,0.774
34833,0.7739
34834,0.774
34835,0.7746
34836,0.7748
34837,0.7736
34838,0.7741
34839,0.7748
34840,0.7746
34841,0.7741
34842,0.7742
34843,0.7749
34844,0.7749
34845,0.775
34846,0.7753
34847,0.7752
34848,0.7761
34849,0.7767
34850,0.777
34851,0.776
34852,0.7766
34853,0.7764
34854,0.7767
34855,0.7763
34856,0.7766
34857,0.7767
34858,0.7739
34859,0.7739
34860,0.7755
34861,0.776
34862,0.7761
34863,0.7761
34864,0.7764
34865,0.7759
34866,0.7763
34867,0.7765
34868,0.7759
34869,0.7765
34870,0.7757
34871,0.7742
34872,0.7752
34873,0.7749
34874,0.7752
34875,0.7748
34876,0.7753
34877,0.7751
34878,0.7757
34879,0.7757
34880,0.7748
34881,0.7752
34882,0.7719
34883,0.7723
34884,0.7727
34885,0.7728
34886,0.7735
34887,0.7735
34888,0.774
34889,0.7742
34890,0.7741
34891,0.7743
34892,0.7735
34893,0.7737
34894,0.7721
34895,0.7731
34896,0.774
34897,0.7752
34898,0.7737
34899,0.7745
34900,0.7745
34901,0.7743
34902,0.7752
34903,0.7749
34904,0.7744
34905,0.7747
34906,0.7743
34907,0.7746
34908,0.7741
34909,0.7747
34910,0.774
34911,0.7695
34912,0.7725
34913,0.7774
34914,0.7769
34915,0.7767
34916,0.7766
34917,0.7773
34918,0.7783
34919,0.7771
34920,0.7767
34921,0.7772
34922,0.779
34923,0.7793
34924,0.7798
34925,0.7793
34926,0.7717
34927,0.7717
34928,0.7719
34929,0.7724
34930,0.7728
34931,0.7737
34932,0.7731
34933,0.7729
34934,0.7735
34935,0.7733
34936,0.7738
34937,0.7735
34938,0.7738
34939,0.7736
34940,0.7745
34941,0.7754
34942,0.7763
34943,0.7762
34944,0.7763
34945,0.7754
34946,0.7765
34947,0.7768
34948,0.7769
34949,0.7771
34950,0.7775
34951,0.7786
34952,0.7775
34953,0.7769
34954,0.7763
34955,0.7774
34956,0.7775
34957,0.7772
34958,0.7782
34959,0.7776
34960,0.7749
34961,0.7747
34962,0.7749
34963,0.7748
34964,0.7743
34965,0.7753
34966,0.7754
34967,0.7766
34968,0.7767
34969,0.7765
34970,0.7773
34971,0.7769
34972,0.7773
34973,0.7781
34974,0.7769
34975,0.7779
34976,0.7779
34977,0.7749
34978,0.7753
34979,0.776
34980,0.7767
34981,0.7776
34982,0.7774
34983,0.777
34984,0.7774
34985,0.7774
34986,0.7763
34987,0.7776
34988,0.7778
34989,0.7781
34990,0.7786
34991,0.7783
34992,0.7788
34993,0.7757
34994,0.7765
34995,0.7746
34996,0.7752
34997,0.7758
34998,0.7757
34999,0.7754
35000,0.7752
35001,0.7758
35002,0.776
35003,0.7763
35004,0.7764
35005,0.7778
35006,0.7782
35007,0.7784
35008,0.7792
35009,0.7795
35010,0.7793
35011,0.778
35012,0.7771
35013,0.7773
35014,0.7773
35015,0.7774
35016,0.7768
35017,0.7779
35018,0.7784
35019,0.7789
35020,0.7788
35021,0.7786
35022,0.7781
35023,0.7793
35024,0.7787
35025,0.7788
35026,0.7787
35027,0.7773
35028,0.7774
35029,0.7785
35030,0.7779
35031,0.7786
35032,0.7776
35033,0.7748
35034,0.7743
35035,0.7751
35036,0.7756
35037,0.7725
35038,0.7742
35039,0.7751
35040,0.7755
35041,0.7743
35042,0.775
35043,0.7747
35044,0.775
35045,0.7751
35046,0.7768
35047,0.7759
35048,0.7758
35049,0.7761
35050,0.7765
35051,0.777
35052,0.7774
35053,0.7779
35054,0.7744
35055,0.7753
35056,0.7758
35057,0.7746
35058,0.7747
35059,0.7754
35060,0.7756
35061,0.7761
35062,0.7758
35063,0.7758
35064,0.7751
35065,0.776
35066,0.7766
35067,0.7777
35068,0.7774
35069,0.7777
35070,0.7777
35071,0.7779
35072,0.7782
35073,0.7777
35074,0.7773
35075,0.777
35076,0.7776
35077,0.7724
35078,0.7734
35079,0.7738
35080,0.7727
35081,0.7743
35082,0.7755
35083,0.776
35084,0.7761
35085,0.7763
35086,0.7759
35087,0.7764
35088,0.777
35089,0.7756
35090,0.7762
35091,0.7765
35092,0.7766
35093,0.777
35094,0.7767
35095,0.7769
35096,0.777
35097,0.7777
35098,0.777
35099,0.7768
35100,0.7768
35101,0.7771
35102,0.7777
35103,0.7769
35104,0.778
35105,0.7783
35106,0.7786
35107,0.7786
35108,0.7737
35109,0.7732
35110,0.7737
35111,0.7736
35112,0.7756
35113,0.7755
35114,0.7758
35115,0.7766
35116,0.7763
35117,0.7766
35118,0.7764
35119,0.7773
35120,0.7769
35121,0.7756
35122,0.7743
35123,0.7759
35124,0.7767
35125,0.7757
35126,0.7762
35127,0.7767
35128,0.7772
35129,0.7772
35130,0.7767
35131,0.7771
35132,0.7769
35133,0.777
35134,0.7766
35135,0.7774
35136,0.7765
35137,0.7769
35138,0.7767
35139,0.7775
35140,0.7771
35141,0.7775
35142,0.7782
35143,0.7781
35144,0.7772
35145,0.7774
35146,0.7772
35147,0.7765
35148,0.7772
35149,0.7777
35150,0.7777
35151,0.778
35152,0.7779
35153,0.7774
35154,0.7772
35155,0.7783
35156,0.7775
35157,0.778
35158,0.7769
35159,0.7766
35160,0.7769
35161,0.7773
35162,0.7768
35163,0.7766
35164,0.777
35165,0.7769
35166,0.7777
35167,0.7776
35168,0.7777
35169,0.7769
35170,0.7776
35171,0.7774
35172,0.7783
35173,0.7766
35174,0.7756
35175,0.7758
35176,0.7769
35177,0.7768
35178,0.7779
35179,0.7782
35180,0.7788
35181,0.779
35182,0.7792
35183,0.7792
35184,0.7788
35185,0.7779
35186,0.778
35187,0.7781
35188,0.7782
35189,0.778
35190,0.7772
35191,0.7765
35192,0.7774
35193,0.7778
35194,0.7761
35195,0.776
35196,0.7763
35197,0.7769
35198,0.7765
35199,0.7768
35200,0.7774
35201,0.7784
35202,0.7734
35203,0.7753
35204,0.7757
35205,0.775
35206,0.7748
35207,0.7757
35208,0.7758
35209,0.7759
35210,0.7762
35211,0.7755
35212,0.7766
35213,0.7762
35214,0.7766
35215,0.7765
35216,0.7767
35217,0.7766
35218,0.7769
35219,0.7767
35220,0.777
35221,0.7774
35222,0.7757
35223,0.7751
35224,0.7747
35225,0.7763
35226,0.7768
35227,0.776
35228,0.7769
35229,0.7772
35230,0.7752
35231,0.7756
35232,0.7759
35233,0.7756
35234,0.7758
35235,0.7765
35236,0.776
35237,0.7758
35238,0.7765
35239,0.7767
35240,0.7758
35241,0.7765
35242,0.7774
35243,0.7773
35244,0.7759
35245,0.7758
35246,0.7759
35247,0.7766
35248,0.7762
35249,0.7763
35250,0.7759
35251,0.7765
35252,0.7774
35253,0.7773
35254,0.7779
35255,0.7787
35256,0.779
35257,0.7789
35258,0.772
35259,0.7735
35260,0.7735
35261,0.7741
35262,0.7742
35263,0.7742
35264,0.7745
35265,0.7738
35266,0.7741
35267,0.7747
35268,0.7744
35269,0.7749
35270,0.7748
35271,0.7748
35272,0.7751
35273,0.776
35274,0.7763
35275,0.7761
35276,0.7759
35277,0.7761
35278,0.7771
35279,0.7766
35280,0.7763
35281,0.7759
35282,0.7765
35283,0.7763
35284,0.7771
35285,0.777
35286,0.7766
35287,0.7772
35288,0.7774
35289,0.7777
35290,0.7784
35291,0.7769
35292,0.777
35293,0.7769
35294,0.7778
35295,0.7767
35296,0.7772
35297,0.7776
35298,0.777
35299,0.7766
35300,0.7781
35301,0.777
35302,0.7775
35303,0.7771
35304,0.7769
35305,0.7778
35306,0.776
35307,0.7777
35308,0.7779
35309,0.7777
35310,0.7773
35311,0.7787
35312,0.7786
35313,0.7783
35314,0.7784
35315,0.778
35316,0.778
35317,0.778
35318,0.7765
35319,0.7758
35320,0.7757
35321,0.7758
35322,0.776
35323,0.7757
35324,0.7742
35325,0.7748
35326,0.7755
35327,0.7759
35328,0.7766
35329,0.777
35330,0.7774
35331,0.7778
35332,0.777
35333,0.7772
35334,0.7773
35335,0.7775
35336,0.7779
35337,0.778
35338,0.7785
35339,0.7777
35340,0.7767
35341,0.7752
35342,0.7754
35343,0.7773
35344,0.7779
35345,0.7784
35346,0.7781
35347,0.7785
35348,0.7768
35349,0.7775
35350,0.7773
35351,0.777
35352,0.7779
35353,0.7783
35354,0.7776
35355,0.7779
35356,0.7778
35357,0.7783
35358,0.7783
35359,0.7782
35360,0.7765
35361,0.7758
35362,0.7762
35363,0.7762
35364,0.7762
35365,0.7767
35366,0.7767
35367,0.7773
35368,0.7774
35369,0.777
35370,0.777
35371,0.7782
35372,0.7766
35373,0.7767
35374,0.7767
35375,0.777
35376,0.7769
35377,0.7775
35378,0.7778
35379,0.7779
35380,0.7776
35381,0.7764
35382,0.7774
35383,0.7768
35384,0.7769
35385,0.7769
35386,0.7759
35387,0.7762
35388,0.7768
35389,0.7776
35390,0.7781
35391,0.7772
35392,0.777
35393,0.7771
35394,0.7768
35395,0.7769
35396,0.7771
35397,0.7769
35398,0.7779
35399,0.7768
35400,0.7725
35401,0.7729
35402,0.7734
35403,0.7745
35404,0.7737
35405,0.7734
35406,0.7747
35407,0.7757
35408,0.7756
35409,0.7765
35410,0.777
35411,0.7774
35412,0.7773
35413,0.7771
35414,0.7772
35415,0.7769
35416,0.7768
35417,0.7772
35418,0.7769
35419,0.7775
35420,0.7774
35421,0.777
35422,0.7773
35423,0.7785
35424,0.7785
35425,0.7786
35426,0.7784
35427,0.7788
35428,0.7791
35429,0.7789
35430,0.7777
35431,0.7778
35432,0.7784
35433,0.7775
35434,0.7775
35435,0.7776
35436,0.7775
35437,0.777
35438,0.7794
35439,0.7788
35440,0.778
35441,0.7771
35442,0.7768
35443,0.7773
35444,0.7773
35445,0.7777
35446,0.7785
35447,0.7781
35448,0.7785
35449,0.7786
35450,0.7783
35451,0.7783
35452,0.7786
35453,0.7787
35454,0.7788
35455,0.7788
35456,0.7796
35457,0.78
35458,0.7785
35459,0.7795
35460,0.7796
35461,0.7785
35462,0.7774
35463,0.7777
35464,0.778
35465,0.7786
35466,0.7776
35467,0.7772
35468,0.7786
35469,0.7776
35470,0.7781
35471,0.7788
35472,0.7762
35473,0.7753
35474,0.7759
35475,0.7771
35476,0.7775
35477,0.7779
35478,0.7782
35479,0.7778
35480,0.7776
35481,0.7786
35482,0.7783
35483,0.7778
35484,0.7771
35485,0.7776
35486,0.7779
35487,0.7777
35488,0.7777
35489,0.7778
35490,0.7793
35491,0.778
35492,0.7791
35493,0.7792
35494,0.7786
35495,0.7794
35496,0.7774
35497,0.7774
35498,0.7771
35499,0.7787
35500,0.7783
35501,0.779
35502,0.779
35503,0.7791
35504,0.7787
35505,0.7782
35506,0.7775
35507,0.7778
35508,0.7782
35509,0.7783
35510,0.7773
35511,0.7789
35512,0.778
35513,0.7775
35514,0.7776
35515,0.7774
35516,0.7773
35517,0.7775
35518,0.7772
35519,0.778
35520,0.7778
35521,0.778
35522,0.7774
35523,0.7777
35524,0.777
35525,0.7774
35526,0.7779
35527,0.7766
35528,0.7764
35529,0.7788
35530,0.7784
35531,0.7778
35532,0.7773
35533,0.7763
35534,0.7765
35535,0.7769
35536,0.7767
35537,0.7774
35538,0.7782
35539,0.7788
35540,0.7779
35541,0.7782
35542,0.7767
35543,0.7767
35544,0.7768
35545,0.7766
35546,0.7769
35547,0.7764
35548,0.7766
35549,0.7753
35550,0.7759
35551,0.7764
35552,0.776
35553,0.7754
35554,0.777
35555,0.7776
35556,0.7777
35557,0.7777
35558,0.7775
35559,0.7777
35560,0.7772
35561,0.7774
35562,0.7779
35563,0.7773
35564,0.7775
35565,0.7776
35566,0.7784
35567,0.7786
35568,0.7784
35569,0.7768
35570,0.7757
35571,0.7767
35572,0.7777
35573,0.7759
35574,0.7665
35575,0.7668
35576,0.7685
35577,0.7703
35578,0.7704
35579,0.7704
35580,0.7715
35581,0.7717
35582,0.7742
35583,0.7741
35584,0.7741
35585,0.7741
35586,0.774
35587,0.7739
35588,0.7741
35589,0.7741
35590,0.773
35591,0.7716
35592,0.7733
35593,0.7742
35594,0.7745
35595,0.775
35596,0.7752
35597,0.7743
35598,0.7734
35599,0.7733
35600,0.7745
35601,0.7737
35602,0.7742
35603,0.7742
35604,0.774
35605,0.7744
35606,0.775
35607,0.7751
35608,0.7757
35609,0.7763
35610,0.7755
35611,0.775
35612,0.7746
35613,0.7746
35614,0.775
35615,0.7746
35616,0.7751
35617,0.7743
35618,0.7739
35619,0.7746
35620,0.7748
35621,0.7749
35622,0.775
35623,0.7756
35624,0.7761
35625,0.7766
35626,0.7758
35627,0.7751
35628,0.775
35629,0.775
35630,0.7745
35631,0.7743
35632,0.7751
35633,0.7755
35634,0.7769
35635,0.777
35636,0.7767
35637,0.776
35638,0.7757
35639,0.7757
35640,0.7763
35641,0.7778
35642,0.7767
35643,0.7774
35644,0.7762
35645,0.7762
35646,0.7756
35647,0.7757
35648,0.7751
35649,0.7759
35650,0.7751
35651,0.775
35652,0.7754
35653,0.7767
35654,0.7757
35655,0.7765
35656,0.7771
35657,0.7761
35658,0.7759
35659,0.7756
35660,0.7768
35661,0.7773
35662,0.7772
35663,0.7752
35664,0.776
35665,0.7767
35666,0.7766
35667,0.7763
35668,0.7768
35669,0.7763
35670,0.7771
35671,0.7771
35672,0.7763
35673,0.7756
35674,0.775
35675,0.7757
35676,0.776
35677,0.7762
35678,0.7762
35679,0.7759
35680,0.7762
35681,0.7761
35682,0.7772
35683,0.7765
35684,0.7757
35685,0.7764
35686,0.7764
35687,0.776
35688,0.7766
35689,0.7766
35690,0.7758
35691,0.7761
35692,0.7763
35693,0.7776
35694,0.7773
35695,0.7762
35696,0.7769
35697,0.7778
35698,0.778
35699,0.7776
35700,0.7763
35701,0.778
35702,0.7774
35703,0.7778
35704,0.7781
35705,0.7782
35706,0.7777
35707,0.7772
35708,0.7773
35709,0.7786
35710,0.7765
35711,0.7778
35712,0.778
35713,0.7774
35714,0.7778
35715,0.7771
35716,0.7774
35717,0.7777
35718,0.7779
35719,0.7778
35720,0.7778
35721,0.7771
35722,0.7773
35723,0.7776
35724,0.7774
35725,0.7785
35726,0.7758
35727,0.7758
35728,0.7764
35729,0.7767
35730,0.7768
35731,0.7762
35732,0.7756
35733,0.7761
35734,0.7761
35735,0.7763
35736,0.7767
35737,0.7766
35738,0.7757
35739,0.7761
35740,0.7759
35741,0.7763
35742,0.7766
35743,0.7762
35744,0.7766
35745,0.776
35746,0.776
35747,0.7763
35748,0.7763
35749,0.7764
35750,0.7781
35751,0.7758
35752,0.7759
35753,0.7764
35754,0.7761
35755,0.7763
35756,0.7765
35757,0.777
35758,0.7768
35759,0.777
35760,0.7771
35761,0.7781
35762,0.7775
35763,0.7781
35764,0.7787
35765,0.7784
35766,0.7778
35767,0.7763
35768,0.7764
35769,0.777
35770,0.7777
35771,0.7772
35772,0.7783
35773,0.7778
35774,0.7774
35775,0.7768
35776,0.7763
35777,0.7755
35778,0.7753
35779,0.776
35780,0.7765
35781,0.7764
35782,0.7768
35783,0.7773
35784,0.7774
35785,0.7773
35786,0.777
35787,0.7774
35788,0.7771
35789,0.7769
35790,0.7781
35791,0.7776
35792,0.7777
35793,0.7771
35794,0.7785
35795,0.778
35796,0.7784
35797,0.7788
35798,0.7773
35799,0.7776
35800,0.7767
35801,0.7757
35802,0.7767
35803,0.7775
35804,0.7776
35805,0.7768
35806,0.7781
35807,0.7769
35808,0.777
35809,0.7774
35810,0.7772
35811,0.7771
35812,0.7733
35813,0.7735
35814,0.7738
35815,0.7742
35816,0.7746
35817,0.7748
35818,0.7745
35819,0.7749
35820,0.7755
35821,0.7757
35822,0.7755
35823,0.7762
35824,0.7765
35825,0.7778
35826,0.7775
35827,0.7769
35828,0.7783
35829,0.7782
35830,0.774
35831,0.7756
35832,0.7753
35833,0.7756
35834,0.7755
35835,0.775
35836,0.7751
35837,0.7754
35838,0.7758
35839,0.7759
35840,0.7759
35841,0.7761
35842,0.7764
35843,0.7757
35844,0.7759
35845,0.776
35846,0.776
35847,0.7748
35848,0.7749
35849,0.7753
35850,0.7758
35851,0.7761
35852,0.7761
35853,0.7771
35854,0.7765
35855,0.7764
35856,0.7769
35857,0.7769
35858,0.7739
35859,0.7756
35860,0.776
35861,0.7762
35862,0.7751
35863,0.7754
35864,0.7759
35865,0.7705
35866,0.7723
35867,0.7718
35868,0.7722
35869,0.7731
35870,0.773
35871,0.773
35872,0.7743
35873,0.7748
35874,0.7751
35875,0.7738
35876,0.7736
35877,0.7742
35878,0.7759
35879,0.7756
35880,0.7765
35881,0.7755
35882,0.7767
35883,0.7758
35884,0.7755
35885,0.7755
35886,0.776
35887,0.7758
35888,0.776
35889,0.7755
35890,0.7765
35891,0.7771
35892,0.7764
35893,0.7766
35894,0.7759
35895,0.7757
35896,0.7758
35897,0.776
35898,0.777
35899,0.7769
35900,0.7767
35901,0.7758
35902,0.7754
35903,0.7741
35904,0.7743
35905,0.7742
35906,0.7746
35907,0.7758
35908,0.7762
35909,0.7762
35910,0.7767
35911,0.7753
35912,0.7758
35913,0.7749
35914,0.7732
35915,0.7747
35916,0.7746
35917,0.774
35918,0.7753
35919,0.7752
35920,0.7759
35921,0.7759
35922,0.7758
35923,0.7763
35924,0.7763
35925,0.7759
35926,0.7758
35927,0.7758
35928,0.7761
35929,0.7773
35930,0.7768
35931,0.7761
35932,0.7759
35933,0.7764
35934,0.7762
35935,0.7767
35936,0.7758
35937,0.7763
35938,0.7766
35939,0.7764
35940,0.7766
35941,0.7763
35942,0.7766
35943,0.7767
35944,0.7765
35945,0.7755
35946,0.7755
35947,0.7756
35948,0.7746
35949,0.7752
35950,0.7759
35951,0.7757
35952,0.7757
35953,0.7755
35954,0.7756
35955,0.7762
35956,0.7759
35957,0.7758
35958,0.7755
35959,0.7754
35960,0.776
35961,0.7761
35962,0.7763
35963,0.7763
35964,0.7764
35965,0.7767
35966,0.775
35967,0.7755
35968,0.7753
35969,0.7756
35970,0.7753
35971,0.7752
35972,0.7755
35973,0.7756
35974,0.7763
35975,0.7772
35976,0.7767
35977,0.7771
35978,0.7762
35979,0.7763
35980,0.776
35981,0.7762
35982,0.7764
35983,0.7767
35984,0.776
35985,0.775
35986,0.7742
35987,0.7756
35988,0.7762
35989,0.7755
35990,0.7761
35991,0.7763
35992,0.7764
35993,0.7764
35994,0.7767
35995,0.7765
35996,0.7758
35997,0.7769
35998,0.7767
35999,0.7767
36000,0.777
36001,0.7766
36002,0.7769
36003,0.7772
36004,0.7772
36005,0.7769
36006,0.7769
36007,0.776
36008,0.7759
36009,0.7754
36010,0.7757
36011,0.7761
36012,0.7706
36013,0.7706
36014,0.7722
36015,0.7727
36016,0.7726
36017,0.7729
36018,0.7726
36019,0.7733
36020,0.7726
36021,0.7731
36022,0.7724
36023,0.7737
36024,0.7734
36025,0.7744
36026,0.7735
36027,0.7742
36028,0.7753
36029,0.7743
36030,0.7763
36031,0.7744
36032,0.7752
36033,0.7755
36034,0.7756
36035,0.7753
36036,0.7751
36037,0.7746
36038,0.7759
36039,0.7763
36040,0.7766
36041,0.7761
36042,0.7761
36043,0.7764
36044,0.7765
36045,0.7767
36046,0.7765
36047,0.7763
36048,0.776
36049,0.7763
36050,0.7761
36051,0.7767
36052,0.776
36053,0.7747
36054,0.775
36055,0.7759
36056,0.7762
36057,0.7771
36058,0.7765
36059,0.7716
36060,0.7722
36061,0.7729
36062,0.7733
36063,0.7745
36064,0.7743
36065,0.7747
36066,0.7751
36067,0.7743
36068,0.7757
36069,0.7759
36070,0.7763
36071,0.7768
36072,0.7762
36073,0.7753
36074,0.7764
36075,0.7767
36076,0.7769
36077,0.777
36078,0.7773
36079,0.7786
36080,0.7787
36081,0.7779
36082,0.7787
36083,0.7785
36084,0.7791
36085,0.7786
36086,0.7791
36087,0.777
36088,0.7775
36089,0.7771
36090,0.7766
36091,0.7768
36092,0.7767
36093,0.7769
36094,0.778
36095,0.7785
36096,0.7787
36097,0.7761
36098,0.7764
36099,0.7762
36100,0.7775
36101,0.7772
36102,0.7775
36103,0.7766
36104,0.7751
36105,0.7744
36106,0.7739
36107,0.7742
36108,0.7741
36109,0.7738
36110,0.7742
36111,0.7748
36112,0.7742
36113,0.7746
36114,0.7754
36115,0.7754
36116,0.7743
36117,0.7745
36118,0.7745
36119,0.7756
36120,0.7751
36121,0.7755
36122,0.7753
36123,0.7757
36124,0.7761
36125,0.7763
36126,0.7757
36127,0.7757
36128,0.7757
36129,0.7759
36130,0.7764
36131,0.7755
36132,0.7755
36133,0.7759
36134,0.7757
36135,0.7777
36136,0.777
36137,0.7778
36138,0.7789
36139,0.7787
36140,0.7788
36141,0.7787
36142,0.7785
36143,0.7784
36144,0.7781
36145,0.7771
36146,0.7778
36147,0.7763
36148,0.7778
36149,0.7767
36150,0.7777
36151,0.7773
36152,0.7765
36153,0.7766
36154,0.7763
36155,0.7767
36156,0.7772
36157,0.7777
36158,0.7766
36159,0.7764
36160,0.7766
36161,0.7765
36162,0.7764
36163,0.7773
36164,0.7774
36165,0.7774
36166,0.7775
36167,0.7768
36168,0.7767
36169,0.7756
36170,0.7752
36171,0.7751
36172,0.7758
36173,0.7754
36174,0.7757
36175,0.7753
36176,0.776
36177,0.7763
36178,0.7759
36179,0.7755
36180,0.7766
36181,0.7775
36182,0.7775
36183,0.7781
36184,0.7782
36185,0.7755
36186,0.7758
36187,0.7766
36188,0.7771
36189,0.7774
36190,0.7774
36191,0.7785
36192,0.7781
36193,0.7764
36194,0.7759
36195,0.776
36196,0.7763
36197,0.7784
36198,0.7774
36199,0.776
36200,0.7759
36201,0.7759
36202,0.7765
36203,0.7762
36204,0.7766
36205,0.7774
36206,0.7759
36207,0.7751
36208,0.7747
36209,0.7751
36210,0.7767
36211,0.777
36212,0.7741
36213,0.774
36214,0.7749
36215,0.7756
36216,0.7747
36217,0.7746
36218,0.774
36219,0.7754
36220,0.7759
36221,0.7767
36222,0.7735
36223,0.7726
36224,0.7737
36225,0.775
36226,0.7763
36227,0.7756
36228,0.776
36229,0.7758
36230,0.7758
36231,0.7772
36232,0.7768
36233,0.7765
36234,0.7767
36235,0.7727
36236,0.7729
36237,0.773
36238,0.7738
36239,0.7743
36240,0.7757
36241,0.7751
36242,0.7752
36243,0.7751
36244,0.7747
36245,0.7746
36246,0.775
36247,0.7753
36248,0.7757
36249,0.7745
36250,0.7753
36251,0.7747
36252,0.7756
36253,0.7759
36254,0.7742
36255,0.7758
36256,0.7754
36257,0.7764
36258,0.7765
36259,0.7758
36260,0.7741
36261,0.7755
36262,0.7752
36263,0.7749
36264,0.7764
36265,0.7765
36266,0.7766
36267,0.7768
36268,0.7771
36269,0.7766
36270,0.7764
36271,0.7755
36272,0.7756
36273,0.7761
36274,0.7758
36275,0.7743
36276,0.7735
36277,0.7743
36278,0.7749
36279,0.7754
36280,0.7767
36281,0.7761
36282,0.7737
36283,0.774
36284,0.7739
36285,0.7742
36286,0.7738
36287,0.7751
36288,0.7741
36289,0.7747
36290,0.7761
36291,0.7759
36292,0.7751
36293,0.7744
36294,0.7766
36295,0.7768
36296,0.7749
36297,0.7751
36298,0.7743
36299,0.7749
36300,0.7746
36301,0.7749
36302,0.7751
36303,0.7752
36304,0.7757
36305,0.7743
36306,0.7745
36307,0.7745
36308,0.7746
36309,0.7708
36310,0.7723
36311,0.7724
36312,0.7726
36313,0.7725
36314,0.7723
36315,0.7726
36316,0.7722
36317,0.7728
36318,0.7723
36319,0.7734
36320,0.7734
36321,0.7723
36322,0.7736
36323,0.7736
36324,0.775
36325,0.7749
36326,0.7745
36327,0.7746
36328,0.7748
36329,0.7741
36330,0.7742
36331,0.7747
36332,0.7742
36333,0.7738
36334,0.7731
36335,0.7735
36336,0.7734
36337,0.7733
36338,0.7742
36339,0.774
36340,0.7742
36341,0.7743
36342,0.7744
36343,0.7745
36344,0.7743
36345,0.7732
36346,0.7737
36347,0.7739
36348,0.7744
36349,0.7739
36350,0.7742
36351,0.7741
36352,0.7744
36353,0.7741
36354,0.7742
36355,0.7735
36356,0.7741
36357,0.7735
36358,0.7747
36359,0.7755
36360,0.775
36361,0.7756
36362,0.7744
36363,0.7747
36364,0.7744
36365,0.7747
36366,0.7745
36367,0.7745
36368,0.7746
36369,0.7765
36370,0.7756
36371,0.7749
36372,0.7738
36373,0.7749
36374,0.7749
36375,0.7734
36376,0.7739
36377,0.774
36378,0.7751
36379,0.7749
36380,0.7755
36381,0.7753
36382,0.7753
36383,0.7758
36384,0.7752
36385,0.7745
36386,0.7753
36387,0.7758
36388,0.7761
36389,0.7756
36390,0.7758
36391,0.7757
36392,0.7746
36393,0.7735
36394,0.7741
36395,0.7759
36396,0.7774
36397,0.7781
36398,0.7771
36399,0.7771
36400,0.7775
36401,0.777
36402,0.7765
36403,0.7769
36404,0.7749
36405,0.7754
36406,0.7761
36407,0.7757
36408,0.7754
36409,0.7785
36410,0.778
36411,0.7773
36412,0.777
36413,0.7772
36414,0.7773
36415,0.7765
36416,0.7774
36417,0.7755
36418,0.7759
36419,0.7753
36420,0.7758
36421,0.7772
36422,0.776
36423,0.7763
36424,0.777
36425,0.7777
36426,0.7784
36427,0.7773
36428,0.778
36429,0.7775
36430,0.7775
36431,0.7771
36432,0.7776
36433,0.7763
36434,0.7768
36435,0.7778
36436,0.7781
36437,0.7781
36438,0.7777
36439,0.7748
36440,0.7746
36441,0.7752
36442,0.7757
36443,0.7743
36444,0.7751
36445,0.7761
36446,0.7764
36447,0.7768
36448,0.7768
36449,0.7766
36450,0.7746
36451,0.7749
36452,0.7749
36453,0.7753
36454,0.7751
36455,0.7752
36456,0.775
36457,0.775
36458,0.7747
36459,0.7737
36460,0.7755
36461,0.7754
36462,0.7746
36463,0.7755
36464,0.7753
36465,0.7735
36466,0.7733
36467,0.7737
36468,0.7748
36469,0.7738
36470,0.7735
36471,0.7736
36472,0.7736
36473,0.7734
36474,0.7734
36475,0.7749
36476,0.7732
36477,0.7735
36478,0.7739
36479,0.774
36480,0.7738
36481,0.7738
36482,0.7755
36483,0.7752
36484,0.7748
36485,0.7753
36486,0.7759
36487,0.7757
36488,0.776
36489,0.7765
36490,0.7765
36491,0.7766
36492,0.7756
36493,0.7758
36494,0.7749
36495,0.7745
36496,0.7749
36497,0.775
36498,0.7739
36499,0.7737
36500,0.7734
36501,0.7744
36502,0.7745
36503,0.773
36504,0.7733
36505,0.774
36506,0.7747
36507,0.7753
36508,0.7751
36509,0.7756
36510,0.7763
36511,0.776
36512,0.7754
36513,0.7755
36514,0.7769
36515,0.7752
36516,0.7757
36517,0.7758
36518,0.7745
36519,0.7755
36520,0.774
36521,0.7755
36522,0.7754
36523,0.7749
36524,0.776
36525,0.7758
36526,0.776
36527,0.7765
36528,0.767
36529,0.7675
36530,0.7686
36531,0.7755
36532,0.7762
36533,0.7731
36534,0.7757
36535,0.7751
36536,0.7752
36537,0.7749
36538,0.7753
36539,0.7749
36540,0.7755
36541,0.7753
36542,0.7756
36543,0.7767
36544,0.7773
36545,0.7776
36546,0.7771
36547,0.7774
36548,0.7777
36549,0.778
36550,0.7784
36551,0.7773
36552,0.7776
36553,0.7774
36554,0.7775
36555,0.7772
36556,0.7773
36557,0.7754
36558,0.7755
36559,0.7749
36560,0.7758
36561,0.7753
36562,0.7752
36563,0.775
36564,0.7752
36565,0.7751
36566,0.7746
36567,0.7746
36568,0.775
36569,0.7761
36570,0.7754
36571,0.7758
36572,0.7764
36573,0.7761
36574,0.7773
36575,0.7765
36576,0.7758
36577,0.7765
36578,0.7757
36579,0.7762
36580,0.7767
36581,0.7788
36582,0.7762
36583,0.7757
36584,0.7776
36585,0.7778
36586,0.7775
36587,0.7772
36588,0.7783
36589,0.7777
36590,0.7777
36591,0.7777
36592,0.777
36593,0.7776
36594,0.7769
36595,0.777
36596,0.7774
36597,0.7773
36598,0.7778
36599,0.7768
36600,0.7769
36601,0.7764
36602,0.7757
36603,0.7759
36604,0.7763
36605,0.7762
36606,0.7768
36607,0.7765
36608,0.7775
36609,0.7772
36610,0.777
36611,0.7766
36612,0.7778
36613,0.7777
36614,0.7726
36615,0.7722
36616,0.7726
36617,0.7731
36618,0.7734
36619,0.7744
36620,0.7746
36621,0.7746
36622,0.7748
36623,0.7739
36624,0.7746
36625,0.7754
36626,0.7753
36627,0.7757
36628,0.7748
36629,0.7752
36630,0.776
36631,0.7758
36632,0.7762
36633,0.7759
36634,0.7757
36635,0.7766
36636,0.7765
36637,0.7767
36638,0.7773
36639,0.7769
36640,0.7772
36641,0.7775
36642,0.778
36643,0.7774
36644,0.777
36645,0.7769
36646,0.7776
36647,0.7778
36648,0.7781
36649,0.7785
36650,0.7785
36651,0.7791
36652,0.7799
36653,0.7793
36654,0.7771
36655,0.7764
36656,0.7759
36657,0.7777
36658,0.7777
36659,0.7786
36660,0.7778
36661,0.7755
36662,0.7765
36663,0.7776
36664,0.7776
36665,0.7779
36666,0.7785
36667,0.7785
36668,0.7783
36669,0.7774
36670,0.7771
36671,0.7775
36672,0.7779
36673,0.7794
36674,0.7787
36675,0.7783
36676,0.7776
36677,0.7783
36678,0.7782
36679,0.7759
36680,0.7758
36681,0.7761
36682,0.776
36683,0.777
36684,0.7779
36685,0.7777
36686,0.7779
36687,0.777
36688,0.7759
36689,0.7759
36690,0.7769
36691,0.7772
36692,0.7776
36693,0.7776
36694,0.7777
36695,0.7774
36696,0.7775
36697,0.7781
36698,0.7785
36699,0.7784
36700,0.7783
36701,0.7768
36702,0.7771
36703,0.7766
36704,0.7775
36705,0.7772
36706,0.7762
36707,0.776
36708,0.776
36709,0.7765
36710,0.7765
36711,0.7769
36712,0.7771
36713,0.7778
36714,0.7778
36715,0.7782
36716,0.7778
36717,0.7761
36718,0.7761
36719,0.7761
36720,0.7767
36721,0.7765
36722,0.7755
36723,0.7763
36724,0.7764
36725,0.7769
36726,0.777
36727,0.7772
36728,0.7781
36729,0.7765
36730,0.7772
36731,0.7763
36732,0.7781
36733,0.7782
36734,0.7778
36735,0.7773
36736,0.7774
36737,0.7782
36738,0.7775
36739,0.7778
36740,0.7778
36741,0.7792
36742,0.7784
36743,0.778
36744,0.7778
36745,0.7778
36746,0.7798
36747,0.7802
36748,0.7801
36749,0.7798
36750,0.7799
36751,0.7793
36752,0.7797
36753,0.7794
36754,0.779
36755,0.7804
36756,0.7804
36757,0.7802
36758,0.7801
36759,0.7796
36760,0.7774
36761,0.7782
36762,0.778
36763,0.7795
36764,0.7788
36765,0.7788
36766,0.7787
36767,0.7787
36768,0.7779
36769,0.7775
36770,0.7777
36771,0.7781
36772,0.7771
36773,0.7773
36774,0.7779
36775,0.7783
36776,0.778
36777,0.7779
36778,0.7771
36779,0.7762
36780,0.7771
36781,0.7771
36782,0.7769
36783,0.7778
36784,0.7785
36785,0.7792
36786,0.7786
36787,0.779
36788,0.7789
36789,0.7784
36790,0.7786
36791,0.7788
36792,0.7787
36793,0.7785
36794,0.7784
36795,0.777
36796,0.7784
36797,0.7792
36798,0.7795
36799,0.7774
36800,0.7773
36801,0.7773
36802,0.7771
36803,0.7771
36804,0.7773
36805,0.7773
36806,0.777
36807,0.7777
36808,0.7783
36809,0.7789
36810,0.7792
36811,0.7784
36812,0.7784
36813,0.7786
36814,0.7784
36815,0.7772
36816,0.7779
36817,0.7781
36818,0.7781
36819,0.7787
36820,0.7782
36821,0.7782
36822,0.778
36823,0.7783
36824,0.7779
36825,0.778
36826,0.7784
36827,0.7783
36828,0.7783
36829,0.7779
36830,0.7783
36831,0.778
36832,0.7785
36833,0.778
36834,0.7781
36835,0.7784
36836,0.778
36837,0.7778
36838,0.7783
36839,0.7786
36840,0.779
36841,0.779
36842,0.7785
36843,0.7785
36844,0.7775
36845,0.7786
36846,0.7782
36847,0.779
36848,0.7787
36849,0.7787
36850,0.7783
36851,0.7784
36852,0.7788
36853,0.7796
36854,0.781
36855,0.7804
36856,0.7807
36857,0.7799
36858,0.7775
36859,0.7779
36860,0.7795
36861,0.7783
36862,0.7794
36863,0.7793
36864,0.7787
36865,0.7788
36866,0.778
36867,0.7784
36868,0.7792
36869,0.7795
36870,0.7777
36871,0.778
36872,0.7783
36873,0.7783
36874,0.778
36875,0.7783
36876,0.7792
36877,0.7777
36878,0.7783
36879,0.7788
36880,0.78
36881,0.7791
36882,0.7795
36883,0.7809
36884,0.7794
36885,0.779
36886,0.778
36887,0.7785
36888,0.7799
36889,0.7791
36890,0.7799
36891,0.7799
36892,0.7744
36893,0.7744
36894,0.7739
36895,0.7741
36896,0.7743
36897,0.775
36898,0.775
36899,0.7751
36900,0.7746
36901,0.7757
36902,0.7762
36903,0.7771
36904,0.7777
36905,0.779
36906,0.7752
36907,0.7758
36908,0.7761
36909,0.7778
36910,0.7779
36911,0.778
36912,0.7779
36913,0.7783
36914,0.7776
36915,0.7776
36916,0.7794
36917,0.7796
36918,0.7788
36919,0.7797
36920,0.7781
36921,0.7783
36922,0.7786
36923,0.7784
36924,0.7792
36925,0.7792
36926,0.7794
36927,0.7795
36928,0.78
36929,0.7799
36930,0.7785
36931,0.7776
36932,0.7777
36933,0.7765
36934,0.7769
36935,0.7777
36936,0.7785
36937,0.7776
36938,0.777
36939,0.7754
36940,0.7766
36941,0.7772
36942,0.7774
36943,0.7764
36944,0.7779
36945,0.7785
36946,0.7782
36947,0.779
36948,0.7774
36949,0.7774
36950,0.778
36951,0.7782
36952,0.7782
36953,0.7789
36954,0.7783
36955,0.7784
36956,0.7778
36957,0.777
36958,0.7778
36959,0.7771
36960,0.7771
36961,0.7776
36962,0.7776
36963,0.7785
36964,0.7786
36965,0.7773
36966,0.7777
36967,0.777
36968,0.7768
36969,0.7773
36970,0.7787
36971,0.7782
36972,0.7787
36973,0.7782
36974,0.7784
36975,0.7785
36976,0.7785
36977,0.7778
36978,0.778
36979,0.7769
36980,0.7783
36981,0.7783
36982,0.7785
36983,0.7789
36984,0.778
36985,0.7764
36986,0.7795
36987,0.7783
36988,0.7796
36989,0.7772
36990,0.7775
36991,0.778
36992,0.7778
36993,0.7779
36994,0.7777
36995,0.7773
36996,0.7775
36997,0.7786
36998,0.7782
36999,0.778
37000,0.7774
37001,0.7775
37002,0.7768
37003,0.7771
37004,0.7765
37005,0.7783
37006,0.7787
37007,0.7787
37008,0.7785
37009,0.7783
37010,0.7783
37011,0.7775
37012,0.7771
37013,0.7779
37014,0.7778
37015,0.7739
37016,0.7744
37017,0.7745
37018,0.7749
37019,0.7758
37020,0.7759
37021,0.7762
37022,0.7777
37023,0.7765
37024,0.7766
37025,0.7766
37026,0.7767
37027,0.7763
37028,0.7765
37029,0.7768
37030,0.7778
37031,0.7787
37032,0.7783
37033,0.7766
37034,0.7771
37035,0.7765
37036,0.7777
37037,0.7786
37038,0.7781
37039,0.7778
37040,0.7778
37041,0.7781
37042,0.7763
37043,0.7763
37044,0.7766
37045,0.7765
37046,0.7763
37047,0.7755
37048,0.7771
37049,0.777
37050,0.7758
37051,0.7775
37052,0.7761
37053,0.7762
37054,0.7762
37055,0.7768
37056,0.7758
37057,0.7764
37058,0.7763
37059,0.777
37060,0.7768
37061,0.7775
37062,0.7771
37063,0.7772
37064,0.7773
37065,0.7774
37066,0.7769
37067,0.777
37068,0.7771
37069,0.7765
37070,0.7766
37071,0.7767
37072,0.7767
37073,0.7766
37074,0.7769
37075,0.7773
37076,0.7775
37077,0.7768
37078,0.777
37079,0.7762
37080,0.7771
37081,0.776
37082,0.7754
37083,0.7752
37084,0.7766
37085,0.777
37086,0.7761
37087,0.7766
37088,0.7765
37089,0.7759
37090,0.7769
37091,0.7768
37092,0.7767
37093,0.7767
37094,0.7769
37095,0.7783
37096,0.7779
37097,0.7769
37098,0.7768
37099,0.7772
37100,0.7786
37101,0.7785
37102,0.7768
37103,0.7767
37104,0.7761
37105,0.775
37106,0.7749
37107,0.7748
37108,0.7756
37109,0.7772
37110,0.7769
37111,0.7773
37112,0.7771
37113,0.7773
37114,0.7749
37115,0.7748
37116,0.776
37117,0.777
37118,0.7772
37119,0.777
37120,0.7772
37121,0.7755
37122,0.7761
37123,0.7764
37124,0.777
37125,0.7777
37126,0.7775
37127,0.777
37128,0.7784
37129,0.7782
37130,0.7782
37131,0.7767
37132,0.7781
37133,0.7777
37134,0.7776
37135,0.7776
37136,0.7776
37137,0.7774
37138,0.777
37139,0.7782
37140,0.7758
37141,0.7754
37142,0.7736
37143,0.7752
37144,0.7765
37145,0.7765
37146,0.7759
37147,0.7758
37148,0.7771
37149,0.7769
37150,0.7766
37151,0.777
37152,0.7756
37153,0.7754
37154,0.7749
37155,0.7761
37156,0.7767
37157,0.7768
37158,0.7767
37159,0.7775
37160,0.7769
37161,0.7769
37162,0.7764
37163,0.7763
37164,0.7756
37165,0.7759
37166,0.776
37167,0.7752
37168,0.776
37169,0.7764
37170,0.7768
37171,0.776
37172,0.7762
37173,0.7761
37174,0.7763
37175,0.7771
37176,0.7769
37177,0.7698
37178,0.7702
37179,0.7718
37180,0.7711
37181,0.7711
37182,0.7718
37183,0.7709
37184,0.7716
37185,0.7722
37186,0.7726
37187,0.7735
37188,0.7739
37189,0.774
37190,0.7742
37191,0.775
37192,0.7749
37193,0.7759
37194,0.7752
37195,0.7749
37196,0.7743
37197,0.7746
37198,0.7754
37199,0.7755
37200,0.7753
37201,0.7751
37202,0.7748
37203,0.774
37204,0.7745
37205,0.7751
37206,0.7751
37207,0.7748
37208,0.7747
37209,0.7753
37210,0.7756
37211,0.7751
37212,0.7754
37213,0.7758
37214,0.775
37215,0.7751
37216,0.7759
37217,0.7752
37218,0.7752
37219,0.7759
37220,0.776
37221,0.7759
37222,0.7758
37223,0.7746
37224,0.7752
37225,0.7748
37226,0.7754
37227,0.7764
37228,0.7764
37229,0.776
37230,0.7755
37231,0.7767
37232,0.7765
37233,0.7769
37234,0.777
37235,0.7772
37236,0.7771
37237,0.7773
37238,0.7763
37239,0.7762
37240,0.7771
37241,0.7773
37242,0.7762
37243,0.7776
37244,0.778
37245,0.7776
37246,0.7785
37247,0.7782
37248,0.7786
37249,0.7702
37250,0.7725
37251,0.7727
37252,0.7722
37253,0.7729
37254,0.7729
37255,0.7742
37256,0.7736
37257,0.7729
37258,0.7721
37259,0.7732
37260,0.7746
37261,0.7744
37262,0.7752
37263,0.7748
37264,0.7753
37265,0.7768
37266,0.7702
37267,0.7697
37268,0.77
37269,0.7701
37270,0.7705
37271,0.7703
37272,0.7699
37273,0.7715
37274,0.7719
37275,0.7725
37276,0.7729
37277,0.7727
37278,0.774
37279,0.7735
37280,0.7735
37281,0.7743
37282,0.7744
37283,0.7738
37284,0.7753
37285,0.7754
37286,0.7751
37287,0.7755
37288,0.7758
37289,0.7752
37290,0.7751
37291,0.7761
37292,0.7761
37293,0.7756
37294,0.7757
37295,0.7756
37296,0.7724
37297,0.7721
37298,0.7733
37299,0.7737
37300,0.7734
37301,0.7743
37302,0.7745
37303,0.7742
37304,0.7744
37305,0.7748
37306,0.7758
37307,0.7758
37308,0.7761
37309,0.7746
37310,0.7749
37311,0.7744
37312,0.7734
37313,0.7742
37314,0.7742
37315,0.7754
37316,0.7757
37317,0.7762
37318,0.7773
37319,0.7769
37320,0.7769
37321,0.7771
37322,0.7771
37323,0.7773
37324,0.7753
37325,0.7767
37326,0.7761
37327,0.7762
37328,0.7763
37329,0.7777
37330,0.7774
37331,0.7775
37332,0.778
37333,0.7774
37334,0.7763
37335,0.7763
37336,0.7767
37337,0.7771
37338,0.7776
37339,0.7775
37340,0.7764
37341,0.7761
37342,0.7762
37343,0.7781
37344,0.7774
37345,0.7781
37346,0.778
37347,0.7769
37348,0.7765
37349,0.777
37350,0.7771
37351,0.7775
37352,0.7768
37353,0.7767
37354,0.777
37355,0.7764
37356,0.7771
37357,0.7771
37358,0.7758
37359,0.7768
37360,0.777
37361,0.7769
37362,0.7776
37363,0.7775
37364,0.7757
37365,0.7753
37366,0.7766
37367,0.7761
37368,0.7761
37369,0.7764
37370,0.7751
37371,0.7755
37372,0.7748
37373,0.777
37374,0.7784
37375,0.7793
37376,0.7782
37377,0.7772
37378,0.7734
37379,0.7744
37380,0.7749
37381,0.7755
37382,0.7735
37383,0.7734
37384,0.7738
37385,0.7739
37386,0.774
37387,0.7752
37388,0.7751
37389,0.7743
37390,0.7762
37391,0.7751
37392,0.7742
37393,0.775
37394,0.7757
37395,0.7723
37396,0.7734
37397,0.7736
37398,0.7738
37399,0.7751
37400,0.7748
37401,0.7762
37402,0.7763
37403,0.7756
37404,0.7752
37405,0.7758
37406,0.775
37407,0.7748
37408,0.776
37409,0.7761
37410,0.776
37411,0.7759
37412,0.7753
37413,0.7747
37414,0.7745
37415,0.7756
37416,0.775
37417,0.7746
37418,0.7756
37419,0.7761
37420,0.7763
37421,0.7771
37422,0.7769
37423,0.7733
37424,0.7744
37425,0.7737
37426,0.7743
37427,0.7748
37428,0.7744
37429,0.7744
37430,0.7742
37431,0.7747
37432,0.775
37433,0.7759
37434,0.7759
37435,0.7758
37436,0.7761
37437,0.7765
37438,0.7767
37439,0.7743
37440,0.7741
37441,0.7754
37442,0.7752
37443,0.7758
37444,0.7759
37445,0.7751
37446,0.7763
37447,0.777
37448,0.7764
37449,0.7759
37450,0.776
37451,0.7759
37452,0.7766
37453,0.7769
37454,0.7752
37455,0.7752
37456,0.7748
37457,0.775
37458,0.7742
37459,0.7741
37460,0.7735
37461,0.7734
37462,0.7747
37463,0.7745
37464,0.7753
37465,0.7756
37466,0.7754
37467,0.7755
37468,0.7754
37469,0.7762
37470,0.7766
37471,0.776
37472,0.7762
37473,0.7761
37474,0.776
37475,0.7762
37476,0.7766
37477,0.777
37478,0.7689
37479,0.7695
37480,0.7692
37481,0.7695
37482,0.7702
37483,0.7702
37484,0.7708
37485,0.7718
37486,0.7714
37487,0.7724
37488,0.7724
37489,0.771
37490,0.7711
37491,0.772
37492,0.7723
37493,0.7731
37494,0.7733
37495,0.7745
37496,0.7735
37497,0.7743
37498,0.771
37499,0.7709
37500,0.7705
37501,0.7703
37502,0.7705
37503,0.7711
37504,0.7715
37505,0.7719
37506,0.7718
37507,0.7716
37508,0.7715
37509,0.7723
37510,0.7729
37511,0.7715
37512,0.7719
37513,0.7722
37514,0.7719
37515,0.7724
37516,0.7728
37517,0.7722
37518,0.7734
37519,0.7728
37520,0.7727
37521,0.7725
37522,0.7724
37523,0.7732
37524,0.773
37525,0.7733
37526,0.7728
37527,0.7731
37528,0.7735
37529,0.7728
37530,0.7738
37531,0.7734
37532,0.7726
37533,0.7727
37534,0.7734
37535,0.773
37536,0.7728
37537,0.7727
37538,0.7734
37539,0.7741
37540,0.7749
37541,0.7734
37542,0.7726
37543,0.7727
37544,0.7732
37545,0.7704
37546,0.7709
37547,0.7718
37548,0.7726
37549,0.7731
37550,0.7738
37551,0.7719
37552,0.7729
37553,0.7729
37554,0.7728
37555,0.7728
37556,0.7728
37557,0.7729
37558,0.7729
37559,0.7727
37560,0.7715
37561,0.7734
37562,0.7728
37563,0.7725
37564,0.7725
37565,0.7727
37566,0.7738
37567,0.7727
37568,0.7732
37569,0.774
37570,0.7753
37571,0.7751
37572,0.7748
37573,0.7744
37574,0.7747
37575,0.7751
37576,0.7743
37577,0.7742
37578,0.7748
37579,0.7738
37580,0.7741
37581,0.7754
37582,0.7757
37583,0.7765
37584,0.7761
37585,0.7759
37586,0.7755
37587,0.7697
37588,0.7697
37589,0.7695
37590,0.769
37591,0.7687
37592,0.769
37593,0.7703
37594,0.771
37595,0.7713
37596,0.7717
37597,0.7717
37598,0.7709
37599,0.7721
37600,0.7718
37601,0.771
37602,0.773
37603,0.7726
37604,0.7731
37605,0.7721
37606,0.7724
37607,0.7722
37608,0.7723
37609,0.7735
37610,0.7733
37611,0.7739
37612,0.7741
37613,0.7744
37614,0.7752
37615,0.775
37616,0.7727
37617,0.7737
37618,0.775
37619,0.7718
37620,0.7723
37621,0.773
37622,0.7742
37623,0.7746
37624,0.7746
37625,0.7748
37626,0.7747
37627,0.7746
37628,0.7741
37629,0.7747
37630,0.7744
37631,0.7756
37632,0.7619
37633,0.7658
37634,0.7661
37635,0.7659
37636,0.7675
37637,0.7676
37638,0.768
37639,0.7683
37640,0.7682
37641,0.7681
37642,0.7684
37643,0.7685
37644,0.7682
37645,0.7693
37646,0.7686
37647,0.769
37648,0.7688
37649,0.7698
37650,0.7701
37651,0.7695
37652,0.7702
37653,0.7707
37654,0.7706
37655,0.7715
37656,0.7714
37657,0.7714
37658,0.7717
37659,0.7717
37660,0.772
37661,0.772
37662,0.7721
37663,0.7712
37664,0.7721
37665,0.7727
37666,0.7728
37667,0.772
37668,0.7727
37669,0.7735
37670,0.7734
37671,0.774
37672,0.7737
37673,0.7735
37674,0.7731
37675,0.7728
37676,0.7735
37677,0.7735
37678,0.7739
37679,0.7731
37680,0.7742
37681,0.774
37682,0.7741
37683,0.7755
37684,0.7722
37685,0.7727
37686,0.7731
37687,0.7728
37688,0.7731
37689,0.7739
37690,0.7737
37691,0.7738
37692,0.7732
37693,0.7739
37694,0.772
37695,0.7727
37696,0.7726
37697,0.7725
37698,0.7735
37699,0.7737
37700,0.7748
37701,0.7736
37702,0.7738
37703,0.7747
37704,0.7739
37705,0.7737
37706,0.7748
37707,0.7749
37708,0.7741
37709,0.7737
37710,0.7742
37711,0.7746
37712,0.7745
37713,0.7742
37714,0.7745
37715,0.7754
37716,0.7752
37717,0.7748
37718,0.7761
37719,0.7747
37720,0.7754
37721,0.7756
37722,0.7748
37723,0.7752
37724,0.7739
37725,0.7745
37726,0.7744
37727,0.7753
37728,0.7755
37729,0.7756
37730,0.7753
37731,0.7751
37732,0.7754
37733,0.7755
37734,0.7755
37735,0.7751
37736,0.7754
37737,0.7753
37738,0.7751
37739,0.776
37740,0.7768
37741,0.7764
37742,0.773
37743,0.7746
37744,0.7737
37745,0.7742
37746,0.7743
37747,0.7747
37748,0.7744
37749,0.775
37750,0.7756
37751,0.7762
37752,0.7751
37753,0.7754
37754,0.7767
37755,0.7711
37756,0.7715
37757,0.7713
37758,0.771
37759,0.7712
37760,0.7726
37761,0.7734
37762,0.773
37763,0.7736
37764,0.7737
37765,0.7737
37766,0.7755
37767,0.7745
37768,0.7751
37769,0.7704
37770,0.771
37771,0.7716
37772,0.7717
37773,0.7719
37774,0.7727
37775,0.7726
37776,0.7722
37777,0.7724
37778,0.7729
37779,0.7724
37780,0.7731
37781,0.7734
37782,0.7735
37783,0.7718
37784,0.7712
37785,0.7716
37786,0.7716
37787,0.773
37788,0.7734
37789,0.7741
37790,0.7737
37791,0.7733
37792,0.7731
37793,0.7726
37794,0.7749
37795,0.7735
37796,0.7755
37797,0.7766
37798,0.7755
37799,0.7765
37800,0.7737
37801,0.775
37802,0.7755
37803,0.7756
37804,0.7757
37805,0.7744
37806,0.7745
37807,0.7746
37808,0.775
37809,0.776
37810,0.7759
37811,0.7692
37812,0.7706
37813,0.7698
37814,0.7709
37815,0.771
37816,0.768
37817,0.769
37818,0.7725
37819,0.7732
37820,0.7734
37821,0.7729
37822,0.7735
37823,0.7741
37824,0.7724
37825,0.7732
37826,0.7732
37827,0.7737
37828,0.7725
37829,0.769
37830,0.7706
37831,0.7732
37832,0.7739
37833,0.7689
37834,0.7739
37835,0.7709
37836,0.7726
37837,0.7728
37838,0.7739
37839,0.7736
37840,0.7738
37841,0.7744
37842,0.7743
37843,0.7752
37844,0.7748
37845,0.7748
37846,0.7751
37847,0.7749
37848,0.7754
37849,0.7758
37850,0.7756
37851,0.7762
37852,0.7762
37853,0.7759
37854,0.7748
37855,0.774
37856,0.7736
37857,0.7743
37858,0.774
37859,0.7745
37860,0.7755
37861,0.7747
37862,0.7752
37863,0.7753
37864,0.7758
37865,0.7746
37866,0.7752
37867,0.7756
37868,0.7755
37869,0.7739
37870,0.7742
37871,0.7744
37872,0.7748
37873,0.7752
37874,0.7761
37875,0.7716
37876,0.7719
37877,0.7716
37878,0.7719
37879,0.7721
37880,0.7726
37881,0.7728
37882,0.7727
37883,0.7728
37884,0.7742
37885,0.7748
37886,0.7752
37887,0.7743
37888,0.7742
37889,0.7751
37890,0.7733
37891,0.7734
37892,0.7742
37893,0.7741
37894,0.7737
37895,0.7698
37896,0.7703
37897,0.7699
37898,0.7701
37899,0.7702
37900,0.7703
37901,0.7708
37902,0.771
37903,0.7712
37904,0.7714
37905,0.7724
37906,0.7729
37907,0.7728
37908,0.7743
37909,0.7746
37910,0.7742
37911,0.7743
37912,0.7742
37913,0.7746
37914,0.775
37915,0.775
37916,0.7749
37917,0.7746
37918,0.7746
37919,0.7739
37920,0.7739
37921,0.7738
37922,0.7743
37923,0.7737
37924,0.7738
37925,0.7735
37926,0.7738
37927,0.774
37928,0.7745
37929,0.7729
37930,0.7734
37931,0.7734
37932,0.7744
37933,0.7738
37934,0.7736
37935,0.7742
37936,0.774
37937,0.7738
37938,0.774
37939,0.7743
37940,0.7741
37941,0.7745
37942,0.7745
37943,0.7745
37944,0.7755
37945,0.7748
37946,0.7759
37947,0.7766
37948,0.7766
37949,0.776
37950,0.7761
37951,0.7766
37952,0.7762
37953,0.7764
37954,0.7774
37955,0.7763
37956,0.7759
37957,0.7757
37958,0.7757
37959,0.7758
37960,0.7755
37961,0.7761
37962,0.7755
37963,0.7754
37964,0.7754
37965,0.7757
37966,0.7767
37967,0.7787
37968,0.7786
37969,0.7783
37970,0.7765
37971,0.7764
37972,0.7766
37973,0.7762
37974,0.7772
37975,0.7761
37976,0.7754
37977,0.7762
37978,0.7767
37979,0.7765
37980,0.7767
37981,0.7767
37982,0.7759
37983,0.7755
37984,0.7756
37985,0.7763
37986,0.7755
37987,0.7759
37988,0.7762
37989,0.7759
37990,0.7761
37991,0.7764
37992,0.7761
37993,0.7761
37994,0.7763
37995,0.7756
37996,0.7761
37997,0.7759
37998,0.776
37999,0.7785
38000,0.7786
38001,0.7777
38002,0.7785
38003,0.7782
38004,0.778
38005,0.7787
38006,0.7776
38007,0.7771
38008,0.775
38009,0.7767
38010,0.7758
38011,0.7763
38012,0.7761
38013,0.7743
38014,0.7749
38015,0.7761
38016,0.7741
38017,0.7741
38018,0.7745
38019,0.7747
38020,0.7749
38021,0.7766
38022,0.7758
38023,0.7783
38024,0.7771
38025,0.7771
38026,0.7771
38027,0.7761
38028,0.7766
38029,0.7764
38030,0.7763
38031,0.7757
38032,0.7765
38033,0.777
38034,0.7764
38035,0.7753
38036,0.7751
38037,0.7761
38038,0.7759
38039,0.7758
38040,0.7763
38041,0.7767
38042,0.7767
38043,0.777
38044,0.7769
38045,0.777
38046,0.7768
38047,0.7767
38048,0.7771
38049,0.7762
38050,0.7763
38051,0.7785
38052,0.7772
38053,0.7779
38054,0.7769
38055,0.7833
38056,0.7831
38057,0.7831
38058,0.7816
38059,0.7752
38060,0.775
38061,0.776
38062,0.7768
38063,0.7769
38064,0.7772
38065,0.7792
38066,0.7794
38067,0.7795
38068,0.7805
38069,0.7802
38070,0.7809
38071,0.7811
38072,0.7793
38073,0.7797
38074,0.7808
38075,0.7801
38076,0.7796
38077,0.7807
38078,0.7808
38079,0.7795
38080,0.7794
38081,0.7799
38082,0.7803
38083,0.7809
38084,0.779
38085,0.7797
38086,0.7817
38087,0.7818
38088,0.7813
38089,0.7813
38090,0.7814
38091,0.7802
38092,0.78
38093,0.78
38094,0.7801
38095,0.7796
38096,0.7795
38097,0.78
38098,0.7797
38099,0.7797
38100,0.7797
38101,0.7803
38102,0.7804
38103,0.7786
38104,0.7786
38105,0.7787
38106,0.7784
38107,0.7783
38108,0.7777
38109,0.7788
38110,0.7783
38111,0.7798
38112,0.7796
38113,0.7776
38114,0.7781
38115,0.779
38116,0.7768
38117,0.7753
38118,0.7771
38119,0.7774
38120,0.7766
38121,0.7766
38122,0.7772
38123,0.7777
38124,0.7772
38125,0.7775
38126,0.7791
38127,0.78
38128,0.7771
38129,0.7783
38130,0.7783
38131,0.777
38132,0.7767
38133,0.778
38134,0.7774
38135,0.7771
38136,0.7767
38137,0.7771
38138,0.7773
38139,0.7769
38140,0.7779
38141,0.7784
38142,0.7783
38143,0.7787
38144,0.7785
38145,0.7783
38146,0.7786
38147,0.7757
38148,0.7768
38149,0.776
38150,0.7755
38151,0.7762
38152,0.7764
38153,0.7768
38154,0.7766
38155,0.7759
38156,0.7766
38157,0.7769
38158,0.7772
38159,0.7771
38160,0.7771
38161,0.7773
38162,0.7775
38163,0.7788
38164,0.7808
38165,0.7809
38166,0.7804
38167,0.7806
38168,0.7802
38169,0.7805
38170,0.7811
38171,0.7827
38172,0.7814
38173,0.7811
38174,0.7809
38175,0.7816
38176,0.7815
38177,0.7808
38178,0.7812
38179,0.7866
38180,0.7865
38181,0.7855
38182,0.786
38183,0.7852
38184,0.7857
38185,0.7843
38186,0.7847
38187,0.7849
38188,0.7848
38189,0.7846
38190,0.7848
38191,0.7849
38192,0.7847
38193,0.7846
38194,0.7821
38195,0.7822
38196,0.7822
38197,0.7821
38198,0.7819
38199,0.7816
38200,0.7825
38201,0.7827
38202,0.7838
38203,0.7853
38204,0.7843
38205,0.7826
38206,0.7841
38207,0.7835
38208,0.7831
38209,0.783
38210,0.7835
38211,0.7853
38212,0.7856
38213,0.7855
38214,0.7848
38215,0.7834
38216,0.7831
38217,0.7828
38218,0.7831
38219,0.7834
38220,0.7834
38221,0.7832
38222,0.7844
38223,0.784
38224,0.7832
38225,0.7845
38226,0.7842
38227,0.7843
38228,0.7845
38229,0.7838
38230,0.7825
38231,0.7828
38232,0.7831
38233,0.7813
38234,0.782
38235,0.7829
38236,0.7832
38237,0.7832
38238,0.7826
38239,0.7819
38240,0.7836
38241,0.7823
38242,0.7811
38243,0.7808
38244,0.7816
38245,0.7804
38246,0.7794
38247,0.78
38248,0.7801
38249,0.7742
38250,0.7738
38251,0.7739
38252,0.7743
38253,0.774
38254,0.774
38255,0.7751
38256,0.7741
38257,0.7744
38258,0.776
38259,0.776
38260,0.7758
38261,0.7746
38262,0.7758
38263,0.7767
38264,0.7764
38265,0.7773
38266,0.7764
38267,0.776
38268,0.7769
38269,0.7769
38270,0.778
38271,0.778
38272,0.7784
38273,0.7795
38274,0.7801
38275,0.7804
38276,0.7798
38277,0.7755
38278,0.7756
38279,0.7742
38280,0.7741
38281,0.7734
38282,0.7752
38283,0.7757
38284,0.7752
38285,0.7769
38286,0.7763
38287,0.7755
38288,0.7763
38289,0.775
38290,0.7751
38291,0.7757
38292,0.7762
38293,0.7772
38294,0.7777
38295,0.7781
38296,0.7775
38297,0.7771
38298,0.7768
38299,0.778
38300,0.7761
38301,0.7758
38302,0.7759
38303,0.7778
38304,0.7777
38305,0.7777
38306,0.7775
38307,0.7784
38308,0.7779
38309,0.778
38310,0.7781
38311,0.7789
38312,0.7797
38313,0.7788
38314,0.778
38315,0.7779
38316,0.7784
38317,0.7779
38318,0.7781
38319,0.7778
38320,0.7776
38321,0.778
38322,0.7778
38323,0.7777
38324,0.7773
38325,0.777
38326,0.7778
38327,0.7777
38328,0.7783
38329,0.7786
38330,0.7784
38331,0.7783
38332,0.777
38333,0.7777
38334,0.7776
38335,0.7785
38336,0.7795
38337,0.7789
38338,0.7768
38339,0.7767
38340,0.7779
38341,0.7788
38342,0.7773
38343,0.777
38344,0.7774
38345,0.7779
38346,0.7775
38347,0.7775
38348,0.7764
38349,0.7783
38350,0.778
38351,0.779
38352,0.7782
38353,0.7792
38354,0.7787
38355,0.777
38356,0.7781
38357,0.7787
38358,0.7767
38359,0.7769
38360,0.7783
38361,0.7765
38362,0.777
38363,0.7762
38364,0.7765
38365,0.777
38366,0.7767
38367,0.7778
38368,0.779
38369,0.7791
38370,0.7743
38371,0.7741
38372,0.7752
38373,0.7754
38374,0.7754
38375,0.7753
38376,0.7748
38377,0.7745
38378,0.7759
38379,0.7763
38380,0.7775
38381,0.777
38382,0.7776
38383,0.7774
38384,0.7778
38385,0.7775
38386,0.778
38387,0.778
38388,0.7779
38389,0.7788
38390,0.779
38391,0.7785
38392,0.7792
38393,0.7798
38394,0.7787
38395,0.7792
38396,0.7796
38397,0.7792
38398,0.7788
38399,0.7789
38400,0.779
38401,0.7719
38402,0.7713
38403,0.7712
38404,0.7715
38405,0.7724
38406,0.7728
38407,0.7726
38408,0.7727
38409,0.7727
38410,0.7727
38411,0.7733
38412,0.7733
38413,0.7738
38414,0.7733
38415,0.7747
38416,0.7745
38417,0.774
38418,0.7742
38419,0.7743
38420,0.775
38421,0.7759
38422,0.7758
38423,0.7763
38424,0.7763
38425,0.7768
38426,0.7772
38427,0.7761
38428,0.7747
38429,0.7748
38430,0.7751
38431,0.7755
38432,0.7768
38433,0.7765
38434,0.7752
38435,0.7761
38436,0.7755
38437,0.7759
38438,0.7755
38439,0.7771
38440,0.7761
38441,0.7765
38442,0.7762
38443,0.776
38444,0.7765
38445,0.7703
38446,0.7707
38447,0.7712
38448,0.7712
38449,0.7718
38450,0.7718
38451,0.7725
38452,0.7719
38453,0.772
38454,0.7722
38455,0.7717
38456,0.7728
38457,0.7726
38458,0.7729
38459,0.7731
38460,0.7745
38461,0.7753
38462,0.7734
38463,0.7727
38464,0.7753
38465,0.7746
38466,0.7744
38467,0.7732
38468,0.7737
38469,0.7746
38470,0.7745
38471,0.7749
38472,0.7753
38473,0.7752
38474,0.7746
38475,0.7748
38476,0.776
38477,0.776
38478,0.7735
38479,0.7747
38480,0.7742
38481,0.7747
38482,0.7749
38483,0.7762
38484,0.7754
38485,0.7753
38486,0.7752
38487,0.7754
38488,0.7753
38489,0.7758
38490,0.7754
38491,0.7759
38492,0.7763
38493,0.7761
38494,0.7758
38495,0.7745
38496,0.7757
38497,0.7753
38498,0.7763
38499,0.7761
38500,0.7762
38501,0.7756
38502,0.7754
38503,0.7754
38504,0.7758
38505,0.7761
38506,0.7762
38507,0.7765
38508,0.7762
38509,0.7765
38510,0.7753
38511,0.775
38512,0.776
38513,0.7761
38514,0.7763
38515,0.7751
38516,0.7756
38517,0.7753
38518,0.775
38519,0.775
38520,0.7746
38521,0.7759
38522,0.7759
38523,0.7754
38524,0.7754
38525,0.7758
38526,0.7758
38527,0.775
38528,0.7744
38529,0.776
38530,0.7757
38531,0.7758
38532,0.776
38533,0.7761
38534,0.7749
38535,0.7752
38536,0.7758
38537,0.7757
38538,0.7758
38539,0.7755
38540,0.7751
38541,0.7765
38542,0.7757
38543,0.7752
38544,0.7749
38545,0.7745
38546,0.7742
38547,0.7762
38548,0.7743
38549,0.7745
38550,0.7755
38551,0.7754
38552,0.7761
38553,0.7762
38554,0.7762
38555,0.7757
38556,0.7758
38557,0.7761
38558,0.7753
38559,0.7753
38560,0.7757
38561,0.7753
38562,0.7745
38563,0.7765
38564,0.7765
38565,0.7763
38566,0.7764
38567,0.775
38568,0.7755
38569,0.7756
38570,0.7759
38571,0.7758
38572,0.7758
38573,0.7762
38574,0.7758
38575,0.776
38576,0.7767
38577,0.776
38578,0.7753
38579,0.7752
38580,0.7756
38581,0.7761
38582,0.7749
38583,0.7762
38584,0.775
38585,0.7753
38586,0.7757
38587,0.7752
38588,0.7759
38589,0.7765
38590,0.7771
38591,0.7767
38592,0.7764
38593,0.7755
38594,0.7753
38595,0.7759
38596,0.7754
38597,0.7755
38598,0.7757
38599,0.7766
38600,0.7772
38601,0.7758
38602,0.7753
38603,0.7759
38604,0.7765
38605,0.7762
38606,0.7765
38607,0.7762
38608,0.777
38609,0.7769
38610,0.7769
38611,0.7768
38612,0.7763
38613,0.7775
38614,0.7755
38615,0.7766
38616,0.7766
38617,0.7771
38618,0.7767
38619,0.7769
38620,0.7726
38621,0.7747
38622,0.7749
38623,0.7747
38624,0.7744
38625,0.7747
38626,0.7748
38627,0.7754
38628,0.7745
38629,0.7738
38630,0.7751
38631,0.7746
38632,0.7749
38633,0.7748
38634,0.7747
38635,0.7744
38636,0.775
38637,0.7752
38638,0.7759
38639,0.7754
38640,0.7756
38641,0.7757
38642,0.7764
38643,0.7767
38644,0.7764
38645,0.7764
38646,0.7764
38647,0.7771
38648,0.7764
38649,0.7763
38650,0.7753
38651,0.7757
38652,0.7755
38653,0.7758
38654,0.7756
38655,0.7752
38656,0.7758
38657,0.7776
38658,0.7768
38659,0.7775
38660,0.7785
38661,0.7765
38662,0.7763
38663,0.7761
38664,0.777
38665,0.7772
38666,0.7768
38667,0.7769
38668,0.7763
38669,0.7768
38670,0.7771
38671,0.7772
38672,0.7765
38673,0.7767
38674,0.7769
38675,0.7754
38676,0.7749
38677,0.7754
38678,0.7745
38679,0.7761
38680,0.7761
38681,0.7768
38682,0.7758
38683,0.7759
38684,0.7755
38685,0.776
38686,0.7757
38687,0.7757
38688,0.7756
38689,0.776
38690,0.7755
38691,0.7746
38692,0.7748
38693,0.7756
38694,0.776
38695,0.7758
38696,0.776
38697,0.7749
38698,0.7752
38699,0.7711
38700,0.7702
38701,0.7715
38702,0.7715
38703,0.7716
38704,0.7716
38705,0.7717
38706,0.7724
38707,0.7724
38708,0.7722
38709,0.7725
38710,0.7723
38711,0.7731
38712,0.772
38713,0.7718
38714,0.7727
38715,0.7733
38716,0.7732
38717,0.7722
38718,0.7733
38719,0.7739
38720,0.7721
38721,0.7722
38722,0.7719
38723,0.772
38724,0.7725
38725,0.7718
38726,0.7728
38727,0.7731
38728,0.7727
38729,0.7727
38730,0.7733
38731,0.7734
38732,0.7729
38733,0.7738
38734,0.7738
38735,0.7733
38736,0.7739
38737,0.7738
38738,0.7713
38739,0.7722
38740,0.7737
38741,0.774
38742,0.7741
38743,0.7738
38744,0.7746
38745,0.7758
38746,0.7738
38747,0.7736
38748,0.7742
38749,0.7744
38750,0.7749
38751,0.7744
38752,0.7743
38753,0.7745
38754,0.774
38755,0.775
38756,0.7751
38757,0.7751
38758,0.7752
38759,0.7736
38760,0.7746
38761,0.7749
38762,0.7747
38763,0.7743
38764,0.7749
38765,0.7746
38766,0.7742
38767,0.7737
38768,0.7734
38769,0.7733
38770,0.7737
38771,0.7735
38772,0.7735
38773,0.7732
38774,0.7729
38775,0.7734
38776,0.7738
38777,0.773
38778,0.7733
38779,0.7739
38780,0.7739
38781,0.7746
38782,0.7743
38783,0.7738
38784,0.7739
38785,0.7742
38786,0.7737
38787,0.7733
38788,0.7737
38789,0.774
38790,0.7745
38791,0.7736
38792,0.7729
38793,0.7734
38794,0.7741
38795,0.7731
38796,0.7725
38797,0.7726
38798,0.7718
38799,0.7726
38800,0.7722
38801,0.775
38802,0.7733
38803,0.7738
38804,0.7738
38805,0.7736
38806,0.7747
38807,0.7752
38808,0.7745
38809,0.7744
38810,0.7742
38811,0.7748
38812,0.7744
38813,0.7744
38814,0.774
38815,0.7743
38816,0.7754
38817,0.7762
38818,0.775
38819,0.7758
38820,0.7753
38821,0.7744
38822,0.7747
38823,0.7751
38824,0.7756
38825,0.7765
38826,0.777
38827,0.7767
38828,0.7773
38829,0.7778
38830,0.7777
38831,0.778
38832,0.7779
38833,0.7778
38834,0.7775
38835,0.7787
38836,0.779
38837,0.7771
38838,0.7773
38839,0.7781
38840,0.7791
38841,0.7788
38842,0.7776
38843,0.7779
38844,0.777
38845,0.7768
38846,0.7767
38847,0.7767
38848,0.7776
38849,0.7758
38850,0.777
38851,0.7766
38852,0.777
38853,0.7781
38854,0.7792
38855,0.7786
38856,0.7796
38857,0.779
38858,0.7781
38859,0.777
38860,0.7773
38861,0.7762
38862,0.7764
38863,0.7762
38864,0.7759
38865,0.776
38866,0.7758
38867,0.776
38868,0.7766
38869,0.7765
38870,0.7767
38871,0.7772
38872,0.7769
38873,0.7776
38874,0.7761
38875,0.7782
38876,0.778
38877,0.7773
38878,0.7775
38879,0.7756
38880,0.7763
38881,0.7767
38882,0.7777
38883,0.7766
38884,0.7764
38885,0.777
38886,0.7767
38887,0.7771
38888,0.7768
38889,0.7764
38890,0.7765
38891,0.7761
38892,0.7769
38893,0.778
38894,0.7787
38895,0.7773
38896,0.7775
38897,0.7782
38898,0.7767
38899,0.7782
38900,0.7771
38901,0.778
38902,0.7785
38903,0.7782
38904,0.7781
38905,0.777
38906,0.7772
38907,0.7776
38908,0.778
38909,0.7782
38910,0.7781
38911,0.7778
38912,0.7782
38913,0.778
38914,0.7788
38915,0.7782
38916,0.7754
38917,0.7758
38918,0.7759
38919,0.7769
38920,0.777
38921,0.7767
38922,0.776
38923,0.7754
38924,0.7759
38925,0.7773
38926,0.7778
38927,0.7779
38928,0.7782
38929,0.778
38930,0.7772
38931,0.7776
38932,0.7773
38933,0.777
38934,0.7773
38935,0.7772
38936,0.7779
38937,0.7777
38938,0.7782
38939,0.7787
38940,0.7787
38941,0.7783
38942,0.7781
38943,0.778
38944,0.7761
38945,0.7759
38946,0.7769
38947,0.7775
38948,0.7775
38949,0.7778
38950,0.7773
38951,0.7776
38952,0.7777
38953,0.7777
38954,0.7751
38955,0.7751
38956,0.774
38957,0.7751
38958,0.7764
38959,0.7759
38960,0.7765
38961,0.7768
38962,0.7762
38963,0.7749
38964,0.7754
38965,0.7753
38966,0.776
38967,0.7755
38968,0.7754
38969,0.7763
38970,0.7758
38971,0.7776
38972,0.7784
38973,0.777
38974,0.7766
38975,0.7765
38976,0.777
38977,0.7766
38978,0.7767
38979,0.7762
38980,0.776
38981,0.7772
38982,0.7775
38983,0.7778
38984,0.7767
38985,0.7786
38986,0.7778
38987,0.7771
38988,0.7775
38989,0.777
38990,0.7767
38991,0.7775
38992,0.7766
38993,0.7769
38994,0.7769
38995,0.7767
38996,0.7773
38997,0.7766
38998,0.776
38999,0.7755
39000,0.7757
39001,0.7759
39002,0.7763
39003,0.7773
39004,0.7771
39005,0.776
39006,0.7764
39007,0.7765
39008,0.7761
39009,0.7763
39010,0.7766
39011,0.7769
39012,0.776
39013,0.7763
39014,0.7766
39015,0.7756
39016,0.7753
39017,0.776
39018,0.7755
39019,0.7763
39020,0.7763
39021,0.777
39022,0.7762
39023,0.7754
39024,0.7756
39025,0.7757
39026,0.7752
39027,0.7757
39028,0.7753
39029,0.7776
39030,0.7775
39031,0.7765
39032,0.7766
39033,0.776
39034,0.7767
39035,0.7773
39036,0.7769
39037,0.7768
39038,0.7772
39039,0.7764
39040,0.7764
39041,0.7757
39042,0.7755
39043,0.7757
39044,0.7759
39045,0.7761
39046,0.7766
39047,0.7768
39048,0.7766
39049,0.7755
39050,0.7754
39051,0.7761
39052,0.7779
39053,0.7769
39054,0.7779
39055,0.7781
39056,0.7785
39057,0.7782
39058,0.7788
39059,0.7774
39060,0.778
39061,0.7774
39062,0.7775
39063,0.7778
39064,0.7776
39065,0.7771
39066,0.7784
39067,0.7775
39068,0.7749
39069,0.7753
39070,0.7758
39071,0.7755
39072,0.7754
39073,0.7758
39074,0.7763
39075,0.7774
39076,0.7771
39077,0.777
39078,0.7775
39079,0.7771
39080,0.7764
39081,0.7759
39082,0.7756
39083,0.7768
39084,0.775
39085,0.7741
39086,0.7738
39087,0.7735
39088,0.7743
39089,0.7755
39090,0.776
39091,0.7758
39092,0.7764
39093,0.7762
39094,0.7772
39095,0.7769
39096,0.7767
39097,0.7765
39098,0.7766
39099,0.7767
39100,0.7769
39101,0.7765
39102,0.776
39103,0.7752
39104,0.7755
39105,0.7756
39106,0.7762
39107,0.7756
39108,0.7754
39109,0.7759
39110,0.7761
39111,0.7768
39112,0.7771
39113,0.7751
39114,0.7758
39115,0.7755
39116,0.7757
39117,0.7759
39118,0.7761
39119,0.776
39120,0.7759
39121,0.7766
39122,0.7771
39123,0.7755
39124,0.7727
39125,0.7735
39126,0.7737
39127,0.7742
39128,0.7744
39129,0.7746
39130,0.7752
39131,0.7756
39132,0.7758
39133,0.7767
39134,0.7762
39135,0.7763
39136,0.7761
39137,0.777
39138,0.7777
39139,0.7773
39140,0.7773
39141,0.7767
39142,0.7768
39143,0.7767
39144,0.7777
39145,0.7775
39146,0.7769
39147,0.7755
39148,0.7773
39149,0.7776
39150,0.7775
39151,0.7777
39152,0.7776
39153,0.7781
39154,0.7779
39155,0.7767
39156,0.7771
39157,0.7771
39158,0.7777
39159,0.7768
39160,0.7773
39161,0.777
39162,0.7768
39163,0.7769
39164,0.7765
39165,0.7772
39166,0.776
39167,0.7725
39168,0.7738
39169,0.7733
39170,0.773
39171,0.7735
39172,0.7732
39173,0.7739
39174,0.774
39175,0.7743
39176,0.7742
39177,0.7745
39178,0.7751
39179,0.7757
39180,0.7772
39181,0.7762
39182,0.7766
39183,0.7763
39184,0.7764
39185,0.777
39186,0.7768
39187,0.7767
39188,0.7757
39189,0.7761
39190,0.7772
39191,0.7768
39192,0.7758
39193,0.775
39194,0.7755
39195,0.7757
39196,0.7762
39197,0.7762
39198,0.7765
39199,0.7723
39200,0.7721
39201,0.7728
39202,0.7743
39203,0.7741
39204,0.7745
39205,0.774
39206,0.7736
39207,0.7746
39208,0.7782
39209,0.778
39210,0.7785
39211,0.7791
39212,0.7791
39213,0.7784
39214,0.7794
39215,0.7796
39216,0.7797
39217,0.7776
39218,0.7775
39219,0.7782
39220,0.7781
39221,0.7778
39222,0.778
39223,0.7788
39224,0.7779
39225,0.778
39226,0.7782
39227,0.7786
39228,0.7784
39229,0.7787
39230,0.7784
39231,0.7785
39232,0.7781
39233,0.7783
39234,0.7785
39235,0.7783
39236,0.7775
39237,0.7774
39238,0.7775
39239,0.7776
39240,0.7772
39241,0.7778
39242,0.7779
39243,0.7787
39244,0.7785
39245,0.7783
39246,0.7784
39247,0.7789
39248,0.7787
39249,0.7783
39250,0.7783
39251,0.7782
39252,0.7783
39253,0.7778
39254,0.7779
39255,0.7784
39256,0.7787
39257,0.7777
39258,0.7782
39259,0.7774
39260,0.7773
39261,0.7775
39262,0.7778
39263,0.7776
39264,0.7773
39265,0.7778
39266,0.7781
39267,0.7783
39268,0.7774
39269,0.7769
39270,0.7737
39271,0.7711
39272,0.7739
39273,0.7753
39274,0.7754
39275,0.7671
39276,0.7699
39277,0.7699
39278,0.7716
39279,0.7697
39280,0.772
39281,0.7714
39282,0.7719
39283,0.7722
39284,0.7731
39285,0.7738
39286,0.7719
39287,0.7726
39288,0.7733
39289,0.7733
39290,0.7675
39291,0.7711
39292,0.7722
39293,0.7737
39294,0.7748
39295,0.7742
39296,0.775
39297,0.774
39298,0.7742
39299,0.7748
39300,0.7753
39301,0.7757
39302,0.7758
39303,0.7762
39304,0.7748
39305,0.7746
39306,0.775
39307,0.7749
39308,0.7755
39309,0.769
39310,0.7689
39311,0.7695
39312,0.7701
39313,0.7702
39314,0.7702
39315,0.7703
39316,0.771
39317,0.7707
39318,0.7715
39319,0.772
39320,0.7716
39321,0.7725
39322,0.7722
39323,0.7721
39324,0.7724
39325,0.7724
39326,0.7731
39327,0.7729
39328,0.7728
39329,0.7734
39330,0.7731
39331,0.7731
39332,0.773
39333,0.7734
39334,0.7734
39335,0.7733
39336,0.7736
39337,0.7736
39338,0.7735
39339,0.7737
39340,0.7734
39341,0.7733
39342,0.7734
39343,0.7737
39344,0.7738
39345,0.7742
39346,0.7742
39347,0.7745
39348,0.7741
39349,0.7739
39350,0.7739
39351,0.7738
39352,0.7734
39353,0.7737
39354,0.7732
39355,0.7737
39356,0.7742
39357,0.7735
39358,0.7736
39359,0.7744
39360,0.7749
39361,0.7744
39362,0.774
39363,0.7738
39364,0.7737
39365,0.7736
39366,0.7732
39367,0.7738
39368,0.774
39369,0.7741
39370,0.7738
39371,0.7739
39372,0.7744
39373,0.7749
39374,0.7739
39375,0.7737
39376,0.7743
39377,0.7745
39378,0.7736
39379,0.7732
39380,0.7738
39381,0.773
39382,0.7733
39383,0.7737
39384,0.7741
39385,0.7739
39386,0.7741
39387,0.7743
39388,0.7749
39389,0.775
39390,0.7751
39391,0.7749
39392,0.7748
39393,0.7746
39394,0.7734
39395,0.7739
39396,0.7751
39397,0.7742
39398,0.7743
39399,0.7684
39400,0.7693
39401,0.7697
39402,0.7705
39403,0.7707
39404,0.7709
39405,0.7711
39406,0.7712
39407,0.7714
39408,0.7718
39409,0.7721
39410,0.7727
39411,0.7722
39412,0.7728
39413,0.773
39414,0.7729
39415,0.7737
39416,0.7729
39417,0.7721
39418,0.772
39419,0.7722
39420,0.7735
39421,0.7725
39422,0.7721
39423,0.7716
39424,0.7714
39425,0.772
39426,0.772
39427,0.7723
39428,0.7727
39429,0.772
39430,0.7726
39431,0.7729
39432,0.7722
39433,0.7719
39434,0.7723
39435,0.7726
39436,0.7729
39437,0.7728
39438,0.7728
39439,0.7729
39440,0.7726
39441,0.7723
39442,0.7733
39443,0.7731
39444,0.7726
39445,0.7727
39446,0.7719
39447,0.7721
39448,0.772
39449,0.7726
39450,0.7722
39451,0.7727
39452,0.7725
39453,0.7728
39454,0.7735
39455,0.7738
39456,0.7729
39457,0.7727
39458,0.7734
39459,0.7737
39460,0.7735
39461,0.7718
39462,0.7721
39463,0.7714
39464,0.772
39465,0.7716
39466,0.7722
39467,0.7722
39468,0.7722
39469,0.7723
39470,0.7722
39471,0.7724
39472,0.7731
39473,0.7731
39474,0.7725
39475,0.7727
39476,0.7726
39477,0.7725
39478,0.7733
39479,0.7735
39480,0.7733
39481,0.7731
39482,0.7724
39483,0.7733
39484,0.7731
39485,0.7732
39486,0.7722
39487,0.7729
39488,0.7727
39489,0.7728
39490,0.7729
39491,0.773
39492,0.7728
39493,0.773
39494,0.773
39495,0.7733
39496,0.7732
39497,0.7727
39498,0.7722
39499,0.7724
39500,0.7727
39501,0.7723
39502,0.7726
39503,0.773
39504,0.7733
39505,0.7717
39506,0.7727
39507,0.7726
39508,0.7719
39509,0.7722
39510,0.7726
39511,0.7725
39512,0.7726
39513,0.7725
39514,0.7732
39515,0.7727
39516,0.7729
39517,0.7733
39518,0.7716
39519,0.7719
39520,0.7721
39521,0.7721
39522,0.7723
39523,0.7725
39524,0.7725
39525,0.7722
39526,0.7721
39527,0.7724
39528,0.7722
39529,0.7722
39530,0.7725
39531,0.7724
39532,0.7726
39533,0.7725
39534,0.7722
39535,0.7718
39536,0.7719
39537,0.7729
39538,0.7728
39539,0.7727
39540,0.773
39541,0.7725
39542,0.7727
39543,0.773
39544,0.7732
39545,0.773
39546,0.7727
39547,0.7727
39548,0.7724
39549,0.7727
39550,0.773
39551,0.773
39552,0.7729
39553,0.7732
39554,0.7735
39555,0.7733
39556,0.7732
39557,0.7734
39558,0.7725
39559,0.7731
39560,0.7732
39561,0.7734
39562,0.7743
39563,0.774
39564,0.7732
39565,0.7738
39566,0.7742
39567,0.7744
39568,0.7738
39569,0.7734
39570,0.7734
39571,0.7735
39572,0.7734
39573,0.7731
39574,0.7731
39575,0.7734
39576,0.7734
39577,0.7731
39578,0.7732
39579,0.7723
39580,0.7725
39581,0.7723
39582,0.7728
39583,0.7728
39584,0.7719
39585,0.7727
39586,0.7727
39587,0.7727
39588,0.7723
39589,0.7728
39590,0.7739
39591,0.7737
39592,0.7731
39593,0.7729
39594,0.7725
39595,0.7723
39596,0.773
39597,0.7732
39598,0.7727
39599,0.7732
39600,0.773
39601,0.7735
39602,0.7723
39603,0.7727
39604,0.7728
39605,0.7729
39606,0.7727
39607,0.7729
39608,0.7733
39609,0.7732
39610,0.7725
39611,0.7726
39612,0.7732
39613,0.7731
39614,0.7721
39615,0.7727
39616,0.7739
39617,0.7739
39618,0.7737
39619,0.7743
39620,0.774
39621,0.774
39622,0.774
39623,0.7736
39624,0.7711
39625,0.7715
39626,0.7711
39627,0.7712
39628,0.7709
39629,0.7708
39630,0.771
39631,0.7709
39632,0.7712
39633,0.7718
39634,0.7723
39635,0.7719
39636,0.7723
39637,0.7725
39638,0.7725
39639,0.772
39640,0.773
39641,0.7721
39642,0.7724
39643,0.7723
39644,0.7721
39645,0.7724
39646,0.7726
39647,0.7728
39648,0.7724
39649,0.7716
39650,0.7714
39651,0.7715
39652,0.7712
39653,0.7721
39654,0.7723
39655,0.7723
39656,0.7711
39657,0.7712
39658,0.7712
39659,0.7714
39660,0.7721
39661,0.7716
39662,0.7709
39663,0.7709
39664,0.7708
39665,0.7711
39666,0.7696
39667,0.7705
39668,0.7709
39669,0.7717
39670,0.7709
39671,0.7695
39672,0.77
39673,0.7704
39674,0.7707
39675,0.771
39676,0.7704
39677,0.771
39678,0.7715
39679,0.7722
39680,0.7714
39681,0.7714
39682,0.7713
39683,0.7719
39684,0.7712
39685,0.7717
39686,0.7717
39687,0.7719
39688,0.7714
39689,0.7717
39690,0.7706
39691,0.7715
39692,0.7714
39693,0.7714
39694,0.7718
39695,0.7721
39696,0.7707
39697,0.769
39698,0.7704
39699,0.7699
39700,0.771
39701,0.7718
39702,0.7711
39703,0.7714
39704,0.7698
39705,0.7702
39706,0.7705
39707,0.7709
39708,0.7685
39709,0.7702
39710,0.7712
39711,0.7702
39712,0.7704
39713,0.7718
39714,0.775
39715,0.7752
39716,0.7744
39717,0.774
39718,0.7732
39719,0.7734
39720,0.7738
39721,0.7733
39722,0.7703
39723,0.7704
39724,0.7709
39725,0.7707
39726,0.7706
39727,0.7705
39728,0.7703
39729,0.7701
39730,0.7706
39731,0.7707
39732,0.7713
39733,0.7712
39734,0.7709
39735,0.7698
39736,0.7715
39737,0.7715
39738,0.7713
39739,0.7712
39740,0.7707
39741,0.7699
39742,0.7709
39743,0.7711
39744,0.7705
39745,0.7709
39746,0.771
39747,0.7689
39748,0.7698
39749,0.7698
39750,0.7652
39751,0.7653
39752,0.7673
39753,0.7677
39754,0.7695
39755,0.7699
39756,0.77
39757,0.7694
39758,0.7701
39759,0.7701
39760,0.7701
39761,0.7696
39762,0.7701
39763,0.7696
39764,0.7698
39765,0.7709
39766,0.77
39767,0.7689
39768,0.7697
39769,0.7692
39770,0.7691
39771,0.7703
39772,0.7693
39773,0.7696
39774,0.7696
39775,0.7718
39776,0.7719
39777,0.7728
39778,0.7725
39779,0.772
39780,0.7707
39781,0.7712
39782,0.7719
39783,0.7722
39784,0.7716
39785,0.7721
39786,0.7718
39787,0.7718
39788,0.7725
39789,0.7721
39790,0.7716
39791,0.7722
39792,0.7721
39793,0.773
39794,0.773
39795,0.7728
39796,0.7733
39797,0.7721
39798,0.7713
39799,0.7683
39800,0.7683
39801,0.7684
39802,0.7692
39803,0.7693
39804,0.7696
39805,0.7704
39806,0.7707
39807,0.7699
39808,0.7701
39809,0.7702
39810,0.7706
39811,0.7702
39812,0.7703
39813,0.771
39814,0.7711
39815,0.7705
39816,0.7712
39817,0.7711
39818,0.7716
39819,0.7718
39820,0.7717
39821,0.7717
39822,0.7719
39823,0.7721
39824,0.7721
39825,0.7724
39826,0.7721
39827,0.7718
39828,0.7718
39829,0.7712
39830,0.771
39831,0.7717
39832,0.7713
39833,0.7752
39834,0.7755
39835,0.7746
39836,0.7729
39837,0.7723
39838,0.7732
39839,0.773
39840,0.7727
39841,0.7726
39842,0.7726
39843,0.7729
39844,0.7734
39845,0.7715
39846,0.7712
39847,0.7717
39848,0.7719
39849,0.772
39850,0.7734
39851,0.7734
39852,0.7731
39853,0.7736
39854,0.7732
39855,0.7731
39856,0.7716
39857,0.772
39858,0.7721
39859,0.772
39860,0.7704
39861,0.7705
39862,0.7706
39863,0.7705
39864,0.7726
39865,0.7735
39866,0.7735
39867,0.7736
39868,0.7731
39869,0.7727
39870,0.7735
39871,0.774
39872,0.7726
39873,0.7722
39874,0.7719
39875,0.7726
39876,0.7722
39877,0.7727
39878,0.7723
39879,0.773
39880,0.7737
39881,0.7736
39882,0.7743
39883,0.7733
39884,0.7733
39885,0.7735
39886,0.7719
39887,0.7731
39888,0.7736
39889,0.7726
39890,0.7743
39891,0.7739
39892,0.7735
39893,0.773
39894,0.7735
39895,0.7725
39896,0.7734
39897,0.7737
39898,0.7733
39899,0.7734
39900,0.7738
39901,0.7736
39902,0.7739
39903,0.7741
39904,0.7734
39905,0.7738
39906,0.7742
39907,0.7744
39908,0.7739
39909,0.7738
39910,0.7741
39911,0.7745
39912,0.7734
39913,0.7735
39914,0.7742
39915,0.7736
39916,0.7742
39917,0.7716
39918,0.7716
39919,0.7718
39920,0.7719
39921,0.772
39922,0.7715
39923,0.7716
39924,0.7723
39925,0.7719
39926,0.7719
39927,0.7715
39928,0.7719
39929,0.7725
39930,0.7726
39931,0.7731
39932,0.7729
39933,0.7728
39934,0.7722
39935,0.7715
39936,0.7718
39937,0.7719
39938,0.7733
39939,0.7721
39940,0.7714
39941,0.7715
39942,0.772
39943,0.7722
39944,0.7717
39945,0.7723
39946,0.7721
39947,0.7725
39948,0.7719
39949,0.7722
39950,0.7716
39951,0.7725
39952,0.7723
39953,0.7716
39954,0.7718
39955,0.7719
39956,0.7709
39957,0.7716
39958,0.7711
39959,0.7706
39960,0.7716
39961,0.7726
39962,0.7725
39963,0.7724
39964,0.7716
39965,0.7715
39966,0.7709
39967,0.7709
39968,0.7713
39969,0.7715
39970,0.7716
39971,0.7721
39972,0.7719
39973,0.7725
39974,0.7719
39975,0.772
39976,0.7721
39977,0.7725
39978,0.7729
39979,0.7722
39980,0.7728
39981,0.7724
39982,0.7733
39983,0.7734
39984,0.7734
39985,0.773
39986,0.7727
39987,0.7727
39988,0.7704
39989,0.7698
39990,0.7686
39991,0.7693
39992,0.7699
39993,0.7707
39994,0.7717
39995,0.7704
39996,0.7711
39997,0.7713
39998,0.7703
39999,0.7703
40000,0.7705
40001,0.7711
40002,0.7706
40003,0.7699
40004,0.7699
40005,0.7704
40006,0.7707
40007,0.7716
40008,0.7707
40009,0.7706
40010,0.7714
40011,0.772
40012,0.7716
40013,0.7716
40014,0.772
40015,0.7716
40016,0.7719
40017,0.7706
40018,0.7706
40019,0.7707
40020,0.7713
40021,0.7718
40022,0.771
40023,0.7704
40024,0.7724
40025,0.7725
40026,0.7721
40027,0.772
40028,0.7712
40029,0.7717
40030,0.7716
40031,0.7718
40032,0.7718
40033,0.7714
40034,0.7714
40035,0.7709
40036,0.7703
40037,0.7712
40038,0.771
40039,0.7714
40040,0.7712
40041,0.7715
40042,0.7711
40043,0.7725
40044,0.7717
40045,0.7716
40046,0.7724
40047,0.7714
40048,0.7717
40049,0.7721
40050,0.772
40051,0.7716
40052,0.7706
40053,0.7702
40054,0.7701
40055,0.7703
40056,0.7716
40057,0.7704
40058,0.7711
40059,0.7706
40060,0.7709
40061,0.7716
40062,0.7713
40063,0.7704
40064,0.7708
40065,0.7708
40066,0.7713
40067,0.7712
40068,0.7716
40069,0.7707
40070,0.7703
40071,0.7701
40072,0.7704
40073,0.7701
40074,0.7698
40075,0.7703
40076,0.7702
40077,0.771
40078,0.771
40079,0.7709
40080,0.769
40081,0.7693
40082,0.7698
40083,0.7705
40084,0.7704
40085,0.7702
40086,0.7711
40087,0.7717
40088,0.7709
40089,0.7708
40090,0.7713
40091,0.7713
40092,0.7716
40093,0.77
40094,0.7706
40095,0.7702
40096,0.7702
40097,0.7708
40098,0.7712
40099,0.7716
40100,0.7719
40101,0.7717
40102,0.7724
40103,0.7723
40104,0.7707
40105,0.7716
40106,0.7723
40107,0.7724
40108,0.7719
40109,0.7717
40110,0.7725
40111,0.7709
40112,0.7708
40113,0.7714
40114,0.771
40115,0.7705
40116,0.7701
40117,0.7701
40118,0.7705
40119,0.7709
40120,0.7705
40121,0.7712
40122,0.7714
40123,0.7711
40124,0.7702
40125,0.7709
40126,0.7711
40127,0.7711
40128,0.7725
40129,0.771
40130,0.771
40131,0.7715
40132,0.7708
40133,0.7707
40134,0.7633
40135,0.7637
40136,0.7696
40137,0.7693
40138,0.7685
40139,0.7686
40140,0.7691
40141,0.7691
40142,0.7694
40143,0.7686
40144,0.7694
40145,0.7697
40146,0.7692
40147,0.7696
40148,0.7698
40149,0.7697
40150,0.7694
40151,0.7694
40152,0.7695
40153,0.7698
40154,0.7693
40155,0.7686
40156,0.7692
40157,0.7687
40158,0.769
40159,0.7691
40160,0.7691
40161,0.7691
40162,0.7693
40163,0.7695
40164,0.7697
40165,0.7695
40166,0.7697
40167,0.7697
40168,0.7693
40169,0.769
40170,0.769
40171,0.7688
40172,0.7693
40173,0.7692
40174,0.7694
40175,0.7686
40176,0.7685
40177,0.7687
40178,0.7688
40179,0.7689
40180,0.7693
40181,0.7696
40182,0.7691
40183,0.7691
40184,0.7698
40185,0.7691
40186,0.7703
40187,0.7699
40188,0.7694
40189,0.7696
40190,0.7694
40191,0.7696
40192,0.7676
40193,0.7694
40194,0.7696
40195,0.7688
40196,0.7697
40197,0.7694
40198,0.7694
40199,0.77
40200,0.7698
40201,0.7698
40202,0.7704
40203,0.7699
40204,0.7705
40205,0.7707
40206,0.7708
40207,0.7699
40208,0.7702
40209,0.7705
40210,0.7701
40211,0.7707
40212,0.77
40213,0.7696
40214,0.7694
40215,0.7694
40216,0.7693
40217,0.7695
40218,0.7693
40219,0.7695
40220,0.7694
40221,0.7699
40222,0.7698
40223,0.7701
40224,0.7696
40225,0.7695
40226,0.7696
40227,0.7698
40228,0.7701
40229,0.769
40230,0.769
40231,0.7697
40232,0.7698
40233,0.7704
40234,0.7703
40235,0.7707
40236,0.7708
40237,0.7697
40238,0.7705
40239,0.7707
40240,0.7704
40241,0.77
40242,0.77
40243,0.7706
40244,0.7704
40245,0.7706
40246,0.7695
40247,0.7696
40248,0.7723
40249,0.7721
40250,0.7702
40251,0.7698
40252,0.7702
40253,0.7703
40254,0.771
40255,0.7714
40256,0.7717
40257,0.771
40258,0.7706
40259,0.771
40260,0.771
40261,0.7714
40262,0.7716
40263,0.7718
40264,0.7651
40265,0.7665
40266,0.7667
40267,0.7667
40268,0.7669
40269,0.7677
40270,0.7677
40271,0.7686
40272,0.7683
40273,0.7693
40274,0.7695
40275,0.769
40276,0.7687
40277,0.769
40278,0.7691
40279,0.7689
40280,0.7684
40281,0.7686
40282,0.7686
40283,0.7682
40284,0.768
40285,0.7681
40286,0.7684
40287,0.7684
40288,0.7686
40289,0.7687
40290,0.7695
40291,0.7695
40292,0.7709
40293,0.7691
40294,0.7696
40295,0.7699
40296,0.7704
40297,0.7708
40298,0.7699
40299,0.7704
40300,0.7699
40301,0.7707
40302,0.7704
40303,0.7709
40304,0.7704
40305,0.7695
40306,0.7704
40307,0.7693
40308,0.7699
40309,0.77
40310,0.7711
40311,0.7704
40312,0.7713
40313,0.7713
40314,0.7714
40315,0.7703
40316,0.7707
40317,0.7714
40318,0.771
40319,0.7711
40320,0.7714
40321,0.7717
40322,0.7714
40323,0.7712
40324,0.7703
40325,0.7708
40326,0.7704
40327,0.7702
40328,0.7701
40329,0.7705
40330,0.771
40331,0.7713
40332,0.7709
40333,0.7711
40334,0.7717
40335,0.771
40336,0.7713
40337,0.7716
40338,0.7701
40339,0.7712
40340,0.7704
40341,0.77
40342,0.7694
40343,0.7703
40344,0.7704
40345,0.77
40346,0.7706
40347,0.7697
40348,0.7695
40349,0.7693
40350,0.7683
40351,0.7695
40352,0.7694
40353,0.7698
40354,0.7702
40355,0.7704
40356,0.7701
40357,0.7704
40358,0.7698
40359,0.77
40360,0.7703
40361,0.7698
40362,0.7701
40363,0.7697
40364,0.77
40365,0.77
40366,0.7689
40367,0.7686
40368,0.7692
40369,0.7705
40370,0.7699
40371,0.7697
40372,0.769
40373,0.7693
40374,0.7699
40375,0.7697
40376,0.7708
40377,0.7709
40378,0.7711
40379,0.7709
40380,0.7707
40381,0.7699
40382,0.7694
40383,0.7693
40384,0.7697
40385,0.7701
40386,0.7701
40387,0.7701
40388,0.7702
40389,0.7702
40390,0.7693
40391,0.7706
40392,0.7699
40393,0.7696
40394,0.7708
40395,0.7702
40396,0.7704
40397,0.7712
40398,0.7693
40399,0.7695
40400,0.7697
40401,0.7692
40402,0.7694
40403,0.7694
40404,0.7697
40405,0.7694
40406,0.7694
40407,0.769
40408,0.7687
40409,0.7688
40410,0.7687
40411,0.7691
40412,0.7687
40413,0.7693
40414,0.7693
40415,0.7694
40416,0.7688
40417,0.7691
40418,0.7691
40419,0.7689
40420,0.7684
40421,0.7686
40422,0.7688
40423,0.769
40424,0.7695
40425,0.7687
40426,0.7697
40427,0.7693
40428,0.7699
40429,0.7684
40430,0.7687
40431,0.7692
40432,0.7678
40433,0.7682
40434,0.7684
40435,0.7684
40436,0.7695
40437,0.7689
40438,0.7685
40439,0.769
40440,0.7691
40441,0.769
40442,0.769
40443,0.7693
40444,0.7691
40445,0.7689
40446,0.7692
40447,0.7698
40448,0.7693
40449,0.7683
40450,0.7689
40451,0.7687
40452,0.7697
40453,0.7692
40454,0.7693
40455,0.7692
40456,0.7699
40457,0.77
40458,0.7704
40459,0.7694
40460,0.7691
40461,0.7695
40462,0.7697
40463,0.7696
40464,0.7696
40465,0.7701
40466,0.7697
40467,0.7697
40468,0.7702
40469,0.7698
40470,0.769
40471,0.7697
40472,0.7697
40473,0.7698
40474,0.7698
40475,0.7699
40476,0.7698
40477,0.7699
40478,0.7703
40479,0.7702
40480,0.7696
40481,0.7694
40482,0.7703
40483,0.77
40484,0.7695
40485,0.7698
40486,0.7698
40487,0.7699
40488,0.7699
40489,0.7703
40490,0.7703
40491,0.7701
40492,0.7694
40493,0.7696
40494,0.7696
40495,0.7695
40496,0.7696
40497,0.7703
40498,0.7636
40499,0.7638
40500,0.764
40501,0.7648
40502,0.7659
40503,0.7664
40504,0.7668
40505,0.7669
40506,0.767
40507,0.7678
40508,0.7687
40509,0.7688
40510,0.7685
40511,0.7683
40512,0.7686
40513,0.7682
40514,0.7689
40515,0.7689
40516,0.7684
40517,0.7679
40518,0.7685
40519,0.7681
40520,0.7676
40521,0.7681
40522,0.7682
40523,0.7689
40524,0.7688
40525,0.7686
40526,0.7682
40527,0.77
40528,0.7694
40529,0.7691
40530,0.7689
40531,0.7687
40532,0.7683
40533,0.7685
40534,0.768
40535,0.7688
40536,0.7691
40537,0.7695
40538,0.769
40539,0.769
40540,0.769
40541,0.7692
40542,0.7682
40543,0.7692
40544,0.7697
40545,0.7696
40546,0.7692
40547,0.766
40548,0.7675
40549,0.7673
40550,0.7676
40551,0.7689
40552,0.7689
40553,0.768
40554,0.7684
40555,0.7688
40556,0.7696
40557,0.7697
40558,0.7692
40559,0.7687
40560,0.7687
40561,0.7682
40562,0.7686
40563,0.7693
40564,0.7695
40565,0.768
40566,0.7684
40567,0.7688
40568,0.769
40569,0.7687
40570,0.7681
40571,0.7688
40572,0.7692
40573,0.7697
40574,0.7686
40575,0.769
40576,0.769
40577,0.77
40578,0.77
40579,0.7696
40580,0.7694
40581,0.7687
40582,0.7689
40583,0.7688
40584,0.7688
40585,0.769
40586,0.7685
40587,0.7681
40588,0.7686
40589,0.7694
40590,0.7693
40591,0.7689
40592,0.7694
40593,0.7687
40594,0.7683
40595,0.7692
40596,0.7686
40597,0.7716
40598,0.7716
40599,0.7721
40600,0.7717
40601,0.7683
40602,0.7682
40603,0.7682
40604,0.7682
40605,0.7681
40606,0.768
40607,0.7685
40608,0.7685
40609,0.7685
40610,0.7684
40611,0.7682
40612,0.7681
40613,0.7675
40614,0.7677
40615,0.7688
40616,0.7692
40617,0.7694
40618,0.7695
40619,0.768
40620,0.7677
40621,0.7685
40622,0.7687
40623,0.7684
40624,0.769
40625,0.7681
40626,0.7688
40627,0.7677
40628,0.7678
40629,0.7676
40630,0.7681
40631,0.7679
40632,0.7678
40633,0.7708
40634,0.7705
40635,0.7704
40636,0.7711
40637,0.7685
40638,0.7692
40639,0.7694
40640,0.7693
40641,0.7689
40642,0.7687
40643,0.7689
40644,0.7684
40645,0.7683
40646,0.7689
40647,0.7692
40648,0.7693
40649,0.7689
40650,0.7686
40651,0.7692
40652,0.7695
40653,0.7658
40654,0.7667
40655,0.7683
40656,0.768
40657,0.7682
40658,0.768
40659,0.7691
40660,0.7692
40661,0.7683
40662,0.7681
40663,0.7678
40664,0.7682
40665,0.7678
40666,0.7679
40667,0.7675
40668,0.7674
40669,0.7678
40670,0.7677
40671,0.7677
40672,0.7679
40673,0.7682
40674,0.7681
40675,0.769
40676,0.769
40677,0.7685
40678,0.769
40679,0.7692
40680,0.768
40681,0.768
40682,0.7676
40683,0.7677
40684,0.7681
40685,0.7691
40686,0.7696
40687,0.7688
40688,0.769
40689,0.767
40690,0.7683
40691,0.7681
40692,0.7687
40693,0.7685
40694,0.7684
40695,0.7682
40696,0.7689
40697,0.7686
40698,0.7679
40699,0.7687
40700,0.7688
40701,0.7683
40702,0.7685
40703,0.7683
40704,0.769
40705,0.7693
40706,0.7697
40707,0.7693
40708,0.7681
40709,0.7691
40710,0.7697
40711,0.7695
40712,0.7683
40713,0.7684
40714,0.7692
40715,0.7697
40716,0.7699
40717,0.7693
40718,0.7687
40719,0.7703
40720,0.77
40721,0.7698
40722,0.7696
40723,0.7683
40724,0.7676
40725,0.7688
40726,0.7695
40727,0.7703
40728,0.7693
40729,0.7699
40730,0.7696
40731,0.7694
40732,0.7692
40733,0.7696
40734,0.7692
40735,0.769
40736,0.7693
40737,0.7683
40738,0.7688
40739,0.7687
40740,0.7685
40741,0.769
40742,0.7692
40743,0.7695
40744,0.7699
40745,0.7697
40746,0.7699
40747,0.7699
40748,0.7702
40749,0.7706
40750,0.7689
40751,0.7688
40752,0.7687
40753,0.7688
40754,0.7697
40755,0.7693
40756,0.769
40757,0.7696
40758,0.7688
40759,0.7686
40760,0.7684
40761,0.7684
40762,0.7684
40763,0.7689
40764,0.7682
40765,0.7682
40766,0.7679
40767,0.7685
40768,0.7689
40769,0.769
40770,0.7681
40771,0.7681
40772,0.7683
40773,0.7691
40774,0.7686
40775,0.7688
40776,0.769
40777,0.7684
40778,0.769
40779,0.769
40780,0.7691
40781,0.7688
40782,0.7692
40783,0.7688
40784,0.7691
40785,0.768
40786,0.7691
40787,0.7686
40788,0.7682
40789,0.7636
40790,0.7665
40791,0.7664
40792,0.7667
40793,0.7669
40794,0.7675
40795,0.7679
40796,0.7679
40797,0.768
40798,0.7677
40799,0.7675
40800,0.7677
40801,0.7676
40802,0.7675
40803,0.7674
40804,0.7682
40805,0.7678
40806,0.7677
40807,0.7678
40808,0.7679
40809,0.7681
40810,0.7687
40811,0.7657
40812,0.7658
40813,0.7664
40814,0.767
40815,0.7671
40816,0.7662
40817,0.7664
40818,0.767
40819,0.7674
40820,0.767
40821,0.7667
40822,0.7673
40823,0.7671
40824,0.767
40825,0.7675
40826,0.7672
40827,0.7679
40828,0.768
40829,0.768
40830,0.768
40831,0.7683
40832,0.7684
40833,0.7685
40834,0.7683
40835,0.7687
40836,0.7686
40837,0.7684
40838,0.7678
40839,0.7687
40840,0.7691
40841,0.7689
40842,0.7686
40843,0.7687
40844,0.7692
40845,0.7691
40846,0.7688
40847,0.7686
40848,0.7683
40849,0.7687
40850,0.7687
40851,0.7682
40852,0.7684
40853,0.7681
40854,0.7681
40855,0.7683
40856,0.7676
40857,0.7683
40858,0.7678
40859,0.7679
40860,0.7682
40861,0.7684
40862,0.7685
40863,0.7685
40864,0.7678
40865,0.7679
40866,0.7668
40867,0.7645
40868,0.7653
40869,0.7651
40870,0.7657
40871,0.7649
40872,0.7667
40873,0.7668
40874,0.7671
40875,0.7679
40876,0.7691
40877,0.7683
40878,0.7681
40879,0.7691
40880,0.7698
40881,0.7702
40882,0.7701
40883,0.7695
40884,0.77
40885,0.7697
40886,0.7694
40887,0.7696
40888,0.7694
40889,0.7692
40890,0.7694
40891,0.7679
40892,0.7692
40893,0.7693
40894,0.7692
40895,0.7688
40896,0.7701
40897,0.7705
40898,0.7706
40899,0.7707
40900,0.7703
40901,0.77
40902,0.7699
40903,0.7705
40904,0.771
40905,0.7701
40906,0.7703
40907,0.7704
40908,0.7693
40909,0.7697
40910,0.7691
40911,0.7698
40912,0.7702
40913,0.7698
40914,0.7698
40915,0.77
40916,0.7692
40917,0.771
40918,0.7704
40919,0.77
40920,0.7698
40921,0.77
40922,0.7701
40923,0.7692
40924,0.7699
40925,0.7709
40926,0.7688
40927,0.7689
40928,0.7691
40929,0.769
40930,0.7698
40931,0.7701
40932,0.7733
40933,0.7734
40934,0.7732
40935,0.7729
40936,0.7724
40937,0.7724
40938,0.773
40939,0.773
40940,0.7726
40941,0.7721
40942,0.7722
40943,0.7718
40944,0.7717
40945,0.7728
40946,0.7729
40947,0.7701
40948,0.7695
40949,0.7697
40950,0.7699
40951,0.7699
40952,0.77
40953,0.7691
40954,0.7701
40955,0.7702
40956,0.7686
40957,0.7686
40958,0.7691
40959,0.7694
40960,0.7694
40961,0.7704
40962,0.7711
40963,0.7714
40964,0.7707
40965,0.7701
40966,0.7707
40967,0.7703
40968,0.7704
40969,0.771
40970,0.7708
40971,0.771
40972,0.771
40973,0.7701
40974,0.7704
40975,0.7703
40976,0.7704
40977,0.7703
40978,0.7698
40979,0.7698
40980,0.7698
40981,0.7696
40982,0.769
40983,0.7693
40984,0.7688
40985,0.7682
40986,0.769
40987,0.7688
40988,0.7694
40989,0.7693
40990,0.7695
40991,0.7706
40992,0.7711
40993,0.7711
40994,0.7703
40995,0.7703
40996,0.7701
40997,0.77
40998,0.77
40999,0.7704
41000,0.771
41001,0.7706
41002,0.7692
41003,0.7689
41004,0.7684
41005,0.769
41006,0.7699
41007,0.7702
41008,0.77
41009,0.77
41010,0.7698
41011,0.7695
41012,0.7701
41013,0.7714
41014,0.7698
41015,0.7707
41016,0.7708
41017,0.7708
41018,0.7698
41019,0.7702
41020,0.77
41021,0.7692
41022,0.7696
41023,0.7695
41024,0.7702
41025,0.7707
41026,0.7685
41027,0.7697
41028,0.7687
41029,0.769
41030,0.7694
41031,0.769
41032,0.7687
41033,0.7689
41034,0.7694
41035,0.7695
41036,0.7692
41037,0.7699
41038,0.7694
41039,0.7697
41040,0.7699
41041,0.767
41042,0.7675
41043,0.7684
41044,0.7678
41045,0.7683
41046,0.7685
41047,0.7688
41048,0.7698
41049,0.7691
41050,0.7703
41051,0.7708
41052,0.7707
41053,0.7684
41054,0.7687
41055,0.7695
41056,0.7698
41057,0.7701
41058,0.77
41059,0.7698
41060,0.7693
41061,0.7689
41062,0.769
41063,0.7693
41064,0.7699
41065,0.7665
41066,0.7664
41067,0.7664
41068,0.7672
41069,0.7672
41070,0.7683
41071,0.7687
41072,0.7684
41073,0.7688
41074,0.7695
41075,0.7698
41076,0.7706
41077,0.7698
41078,0.7696
41079,0.7698
41080,0.7691
41081,0.7688
41082,0.7699
41083,0.7705
41084,0.7703
41085,0.7711
41086,0.7701
41087,0.7701
41088,0.7687
41089,0.7703
41090,0.7707
41091,0.7707
41092,0.77
41093,0.7698
41094,0.77
41095,0.771
41096,0.7663
41097,0.7671
41098,0.7667
41099,0.7672
41100,0.7671
41101,0.7674
41102,0.767
41103,0.768
41104,0.7681
41105,0.7677
41106,0.7691
41107,0.7692
41108,0.769
41109,0.7696
41110,0.7691
41111,0.769
41112,0.7684
41113,0.7687
41114,0.7682
41115,0.7687
41116,0.7691
41117,0.7697
41118,0.769
41119,0.7697
41120,0.7695
41121,0.7694
41122,0.7696
41123,0.7696
41124,0.7693
41125,0.7698
41126,0.7697
41127,0.7701
41128,0.7698
41129,0.7701
41130,0.7698
41131,0.7699
41132,0.7693
41133,0.769
41134,0.7699
41135,0.7684
41136,0.7686
41137,0.7693
41138,0.7696
41139,0.7693
41140,0.7696
41141,0.77
41142,0.7704
41143,0.7705
41144,0.7703
41145,0.7701
41146,0.7691
41147,0.7701
41148,0.7697
41149,0.7707
41150,0.7704
41151,0.7672
41152,0.7671
41153,0.7677
41154,0.7683
41155,0.7691
41156,0.7692
41157,0.7684
41158,0.7696
41159,0.7692
41160,0.7695
41161,0.7695
41162,0.7693
41163,0.7694
41164,0.7695
41165,0.7694
41166,0.7689
41167,0.7696
41168,0.7705
41169,0.7705
41170,0.77
41171,0.77
41172,0.7693
41173,0.7688
41174,0.7694
41175,0.7698
41176,0.7694
41177,0.7674
41178,0.7671
41179,0.7679
41180,0.7689
41181,0.7678
41182,0.7694
41183,0.7694
41184,0.7682
41185,0.7687
41186,0.769
41187,0.7698
41188,0.7633
41189,0.7647
41190,0.7653
41191,0.7661
41192,0.7666
41193,0.7668
41194,0.7666
41195,0.7663
41196,0.7666
41197,0.7672
41198,0.7677
41199,0.7683
41200,0.7644
41201,0.7649
41202,0.7658
41203,0.7663
41204,0.7669
41205,0.7668
41206,0.7672
41207,0.7662
41208,0.7663
41209,0.7667
41210,0.7671
41211,0.767
41212,0.7671
41213,0.7673
41214,0.7678
41215,0.768
41216,0.7686
41217,0.7674
41218,0.7677
41219,0.7678
41220,0.7681
41221,0.7677
41222,0.7671
41223,0.7677
41224,0.7677
41225,0.7682
41226,0.7686
41227,0.7692
41228,0.7689
41229,0.7693
41230,0.7697
41231,0.7697
41232,0.7695
41233,0.7685
41234,0.7691
41235,0.7692
41236,0.7691
41237,0.7697
41238,0.7695
41239,0.7674
41240,0.7679
41241,0.7686
41242,0.7686
41243,0.7684
41244,0.7693
41245,0.7687
41246,0.7656
41247,0.7662
41248,0.7665
41249,0.7663
41250,0.767
41251,0.7663
41252,0.7663
41253,0.7665
41254,0.7673
41255,0.7676
41256,0.7675
41257,0.7676
41258,0.768
41259,0.7677
41260,0.7694
41261,0.7684
41262,0.7674
41263,0.768
41264,0.7698
41265,0.7701
41266,0.7692
41267,0.7691
41268,0.769
41269,0.7694
41270,0.7698
41271,0.7701
41272,0.7695
41273,0.7687
41274,0.7677
41275,0.7679
41276,0.7681
41277,0.7698
41278,0.7698
41279,0.7699
41280,0.7695
41281,0.7699
41282,0.7688
41283,0.769
41284,0.7699
41285,0.7695
41286,0.77
41287,0.769
41288,0.7697
41289,0.7702
41290,0.7701
41291,0.7702
41292,0.7702
41293,0.7701
41294,0.7701
41295,0.7708
41296,0.7707
41297,0.7714
41298,0.7718
41299,0.772
41300,0.7711
41301,0.7706
41302,0.77
41303,0.7705
41304,0.7704
41305,0.7708
41306,0.7713
41307,0.7713
41308,0.7709
41309,0.7695
41310,0.7703
41311,0.7703
41312,0.7714
41313,0.7716
41314,0.7701
41315,0.7699
41316,0.7704
41317,0.7706
41318,0.7701
41319,0.7704
41320,0.7701
41321,0.7702
41322,0.7702
41323,0.7676
41324,0.7688
41325,0.7695
41326,0.7697
41327,0.7696
41328,0.7697
41329,0.7695
41330,0.7698
41331,0.7697
41332,0.7698
41333,0.7698
41334,0.7698
41335,0.7697
41336,0.77
41337,0.7704
41338,0.7699
41339,0.7705
41340,0.7707
41341,0.77
41342,0.7703
41343,0.7709
41344,0.7706
41345,0.7705
41346,0.7707
41347,0.7706
41348,0.7706
41349,0.7705
41350,0.7704
41351,0.7712
41352,0.7717
41353,0.7711
41354,0.7709
41355,0.7708
41356,0.7709
41357,0.7698
41358,0.7703
41359,0.7707
41360,0.7717
41361,0.7709
41362,0.7709
41363,0.7708
41364,0.7716
41365,0.7713
41366,0.7713
41367,0.771
41368,0.7704
41369,0.7703
41370,0.7704
41371,0.771
41372,0.7704
41373,0.7705
41374,0.7713
41375,0.7709
41376,0.7708
41377,0.7706
41378,0.7712
41379,0.7698
41380,0.7702
41381,0.7706
41382,0.7706
41383,0.7703
41384,0.7708
41385,0.7711
41386,0.7711
41387,0.7706
41388,0.7704
41389,0.7705
41390,0.7707
41391,0.7712
41392,0.771
41393,0.7704
41394,0.7709
41395,0.7711
41396,0.7709
41397,0.7708
41398,0.77
41399,0.7703
41400,0.7705
41401,0.7704
41402,0.7699
41403,0.7699
41404,0.7699
41405,0.7701
41406,0.7707
41407,0.7704
41408,0.7709
41409,0.7709
41410,0.7698
41411,0.7692
41412,0.77
41413,0.7696
41414,0.7697
41415,0.7709
41416,0.7706
41417,0.7707
41418,0.7704
41419,0.7709
41420,0.7709
41421,0.7708
41422,0.7707
41423,0.7702
41424,0.7703
41425,0.7693
41426,0.7704
41427,0.7706
41428,0.7701
41429,0.77
41430,0.7698
41431,0.7698
41432,0.7697
41433,0.7697
41434,0.7704
41435,0.7705
41436,0.7707
41437,0.7709
41438,0.7707
41439,0.7701
41440,0.7707
41441,0.771
41442,0.7709
41443,0.77
41444,0.7696
41445,0.7705
41446,0.7706
41447,0.7699
41448,0.7703
41449,0.7698
41450,0.7711
41451,0.7708
41452,0.7709
41453,0.7707
41454,0.7711
41455,0.7719
41456,0.7716
41457,0.7705
41458,0.7705
41459,0.7709
41460,0.7706
41461,0.7709
41462,0.7699
41463,0.7701
41464,0.7707
41465,0.7701
41466,0.77
41467,0.7714
41468,0.771
41469,0.7706
41470,0.7708
41471,0.7704
41472,0.7703
41473,0.7704
41474,0.7712
41475,0.7714
41476,0.7722
41477,0.772
41478,0.7722
41479,0.7722
41480,0.7725
41481,0.7718
41482,0.7724
41483,0.7717
41484,0.772
41485,0.7716
41486,0.7714
41487,0.7711
41488,0.7707
41489,0.7709
41490,0.7715
41491,0.7713
41492,0.7706
41493,0.7705
41494,0.7709
41495,0.7704
41496,0.7708
41497,0.7704
41498,0.7706
41499,0.7708
41500,0.7711
41501,0.7705
41502,0.77
41503,0.7705
41504,0.7705
41505,0.7711
41506,0.771
41507,0.7709
41508,0.7698
41509,0.7701
41510,0.7706
41511,0.764
41512,0.7641
41513,0.7644
41514,0.7647
41515,0.7653
41516,0.766
41517,0.7667
41518,0.7674
41519,0.7673
41520,0.768
41521,0.7683
41522,0.7681
41523,0.7688
41524,0.7689
41525,0.7689
41526,0.7676
41527,0.7685
41528,0.7671
41529,0.7671
41530,0.7676
41531,0.7686
41532,0.7678
41533,0.7676
41534,0.7681
41535,0.7683
41536,0.7687
41537,0.7683
41538,0.7693
41539,0.7696
41540,0.7692
41541,0.7696
41542,0.7697
41543,0.7706
41544,0.7706
41545,0.7701
41546,0.7704
41547,0.7698
41548,0.7703
41549,0.7699
41550,0.7693
41551,0.7698
41552,0.7701
41553,0.7703
41554,0.7702
41555,0.7699
41556,0.7698
41557,0.7702
41558,0.7699
41559,0.7696
41560,0.7703
41561,0.7709
41562,0.7702
41563,0.7706
41564,0.7702
41565,0.7705
41566,0.7705
41567,0.769
41568,0.769
41569,0.7694
41570,0.7699
41571,0.7703
41572,0.7698
41573,0.7701
41574,0.7702
41575,0.77
41576,0.7706
41577,0.7695
41578,0.7703
41579,0.77
41580,0.7703
41581,0.7704
41582,0.7702
41583,0.7695
41584,0.7694
41585,0.7695
41586,0.7701
41587,0.7704
41588,0.7699
41589,0.77
41590,0.7698
41591,0.7693
41592,0.7696
41593,0.7691
41594,0.7696
41595,0.7701
41596,0.7698
41597,0.7699
41598,0.7697
41599,0.7686
41600,0.7688
41601,0.7693
41602,0.769
41603,0.7695
41604,0.769
41605,0.7689
41606,0.7691
41607,0.7692
41608,0.7682
41609,0.7685
41610,0.7691
41611,0.7691
41612,0.7693
41613,0.7697
41614,0.7696
41615,0.7693
41616,0.7699
41617,0.7696
41618,0.7697
41619,0.7694
41620,0.7698
41621,0.7673
41622,0.7673
41623,0.768
41624,0.7677
41625,0.768
41626,0.7682
41627,0.7691
41628,0.7692
41629,0.769
41630,0.7694
41631,0.77
41632,0.7698
41633,0.7696
41634,0.77
41635,0.7703
41636,0.7699
41637,0.7691
41638,0.7688
41639,0.769
41640,0.7692
41641,0.7698
41642,0.7698
41643,0.7696
41644,0.769
41645,0.7686
41646,0.7685
41647,0.7688
41648,0.7686
41649,0.7692
41650,0.7687
41651,0.7691
41652,0.7692
41653,0.7689
41654,0.7673
41655,0.768
41656,0.7677
41657,0.7674
41658,0.7676
41659,0.7669
41660,0.7675
41661,0.7672
41662,0.7673
41663,0.7682
41664,0.768
41665,0.7686
41666,0.7676
41667,0.7674
41668,0.7676
41669,0.7679
41670,0.7685
41671,0.7686
41672,0.7688
41673,0.7687
41674,0.7671
41675,0.7674
41676,0.767
41677,0.7683
41678,0.7692
41679,0.7688
41680,0.769
41681,0.7694
41682,0.7677
41683,0.7678
41684,0.7681
41685,0.7678
41686,0.7668
41687,0.7675
41688,0.7674
41689,0.7677
41690,0.768
41691,0.7675
41692,0.767
41693,0.7677
41694,0.7676
41695,0.7676
41696,0.7674
41697,0.7673
41698,0.7676
41699,0.7667
41700,0.7671
41701,0.7677
41702,0.7677
41703,0.7677
41704,0.7686
41705,0.7691
41706,0.7691
41707,0.7695
41708,0.7684
41709,0.7672
41710,0.7679
41711,0.768
41712,0.7687
41713,0.768
41714,0.7686
41715,0.7682
41716,0.769
41717,0.7688
41718,0.7687
41719,0.7683
41720,0.7676
41721,0.7681
41722,0.7677
41723,0.7677
41724,0.7677
41725,0.7683
41726,0.7679
41727,0.7678
41728,0.7678
41729,0.7669
41730,0.7676
41731,0.7679
41732,0.7671
41733,0.7675
41734,0.7673
41735,0.7681
41736,0.768
41737,0.768
41738,0.7681
41739,0.7685
41740,0.7683
41741,0.7686
41742,0.7692
41743,0.7688
41744,0.7695
41745,0.7693
41746,0.77
41747,0.7694
41748,0.7699
41749,0.7697
41750,0.7701
41751,0.7695
41752,0.7683
41753,0.7685
41754,0.7679
41755,0.7685
41756,0.7685
41757,0.7677
41758,0.7683
41759,0.7683
41760,0.7682
41761,0.7682
41762,0.7682
41763,0.7681
41764,0.7683
41765,0.7682
41766,0.7682
41767,0.7693
41768,0.7682
41769,0.7687
41770,0.7688
41771,0.7692
41772,0.7688
41773,0.7684
41774,0.7687
41775,0.7684
41776,0.7682
41777,0.7665
41778,0.7666
41779,0.7665
41780,0.7679
41781,0.7639
41782,0.7647
41783,0.7656
41784,0.7663
41785,0.7667
41786,0.7666
41787,0.7669
41788,0.7672
41789,0.7665
41790,0.767
41791,0.7672
41792,0.7676
41793,0.7683
41794,0.7683
41795,0.7682
41796,0.768
41797,0.768
41798,0.7677
41799,0.7673
41800,0.7671
41801,0.7676
41802,0.7672
41803,0.7675
41804,0.7677
41805,0.7682
41806,0.7682
41807,0.7679
41808,0.7678
41809,0.7676
41810,0.7677
41811,0.7675
41812,0.7677
41813,0.7683
41814,0.7681
41815,0.7683
41816,0.7685
41817,0.7686
41818,0.7685
41819,0.7686
41820,0.7684
41821,0.7686
41822,0.769
41823,0.7684
41824,0.768
41825,0.7678
41826,0.7678
41827,0.7683
41828,0.7692
41829,0.7688
41830,0.7684
41831,0.769
41832,0.7688
41833,0.7688
41834,0.7682
41835,0.7682
41836,0.7685
41837,0.7682
41838,0.7685
41839,0.7685
41840,0.7675
41841,0.7671
41842,0.7678
41843,0.768
41844,0.7684
41845,0.768
41846,0.7682
41847,0.7681
41848,0.768
41849,0.7681
41850,0.7681
41851,0.7682
41852,0.7684
41853,0.7688
41854,0.7687
41855,0.7683
41856,0.7684
41857,0.7684
41858,0.7684
41859,0.7692
41860,0.7691
41861,0.7696
41862,0.7693
41863,0.7695
41864,0.7688
41865,0.769
41866,0.7697
41867,0.7692
41868,0.7665
41869,0.7665
41870,0.7668
41871,0.767
41872,0.7681
41873,0.7678
41874,0.7681
41875,0.7678
41876,0.7681
41877,0.7681
41878,0.769
41879,0.7688
41880,0.7688
41881,0.7682
41882,0.7684
41883,0.7687
41884,0.7688
41885,0.7675
41886,0.7679
41887,0.7673
41888,0.7674
41889,0.7678
41890,0.768
41891,0.7677
41892,0.7678
41893,0.7677
41894,0.7676
41895,0.7679
41896,0.7675
41897,0.7671
41898,0.7679
41899,0.7679
41900,0.7675
41901,0.7679
41902,0.7682
41903,0.7684
41904,0.7688
41905,0.7689
41906,0.7687
41907,0.7679
41908,0.7681
41909,0.7684
41910,0.768
41911,0.768
41912,0.7681
41913,0.7678
41914,0.7681
41915,0.7679
41916,0.768
41917,0.7683
41918,0.7678
41919,0.7682
41920,0.7684
41921,0.7687
41922,0.7687
41923,0.7682
41924,0.7685
41925,0.7685
41926,0.7689
41927,0.7685
41928,0.7688
41929,0.769
41930,0.7689
41931,0.7693
41932,0.769
41933,0.7687
41934,0.7689
41935,0.7688
41936,0.7681
41937,0.7684
41938,0.7683
41939,0.768
41940,0.7681
41941,0.7683
41942,0.768
41943,0.7683
41944,0.7685
41945,0.7681
41946,0.7683
41947,0.7681
41948,0.7678
41949,0.7683
41950,0.7683
41951,0.7682
41952,0.768
41953,0.7682
41954,0.7687
41955,0.7689
41956,0.769
41957,0.7688
41958,0.7691
41959,0.7693
41960,0.769
41961,0.769
41962,0.7691
41963,0.7685
41964,0.7687
41965,0.7686
41966,0.768
41967,0.7675
41968,0.7681
41969,0.7683
41970,0.7681
41971,0.7682
41972,0.7683
41973,0.7681
41974,0.7681
41975,0.7685
41976,0.7684
41977,0.7681
41978,0.7684
41979,0.7693
41980,0.7685
41981,0.7682
41982,0.7687
41983,0.7686
41984,0.7685
41985,0.7711
41986,0.7723
41987,0.7691
41988,0.7686
41989,0.7681
41990,0.7694
41991,0.769
41992,0.7694
41993,0.7688
41994,0.7695
41995,0.7694
41996,0.7685
41997,0.7681
41998,0.7682
41999,0.7683
42000,0.7682
42001,0.768
42002,0.7685
42003,0.7686
42004,0.768
42005,0.7687
42006,0.7682
42007,0.7689
42008,0.7692
42009,0.7693
42010,0.7679
42011,0.7677
42012,0.7678
42013,0.7677
42014,0.7682
42015,0.7673
42016,0.7671
42017,0.7674
42018,0.7674
42019,0.7674
42020,0.768
42021,0.7681
42022,0.7679
42023,0.7679
42024,0.767
42025,0.7675
42026,0.7671
42027,0.7668
42028,0.7673
42029,0.7673
42030,0.7676
42031,0.768
42032,0.7682
42033,0.7686
42034,0.7682
42035,0.7679
42036,0.7683
42037,0.7669
42038,0.7686
42039,0.7684
42040,0.7689
42041,0.7688
42042,0.7688
42043,0.7677
42044,0.7679
42045,0.7667
42046,0.7671
42047,0.768
42048,0.7678
42049,0.7678
42050,0.7682
42051,0.769
42052,0.7684
42053,0.7685
42054,0.7687
42055,0.7686
42056,0.769
42057,0.7685
42058,0.7687
42059,0.7683
42060,0.7685
42061,0.7689
42062,0.7683
42063,0.7682
42064,0.7684
42065,0.7685
42066,0.7679
42067,0.7683
42068,0.7684
42069,0.7686
42070,0.7684
42071,0.7678
42072,0.7683
42073,0.7682
42074,0.7685
42075,0.769
42076,0.7689
42077,0.7688
42078,0.7686
42079,0.7684
42080,0.7688
42081,0.7688
42082,0.7685
42083,0.7693
42084,0.7688
42085,0.7687
42086,0.7685
42087,0.7674
42088,0.768
42089,0.7679
42090,0.7668
42091,0.767
42092,0.767
42093,0.7667
42094,0.7675
42095,0.7676
42096,0.7679
42097,0.7673
42098,0.7674
42099,0.7676
42100,0.7676
42101,0.7681
42102,0.768
42103,0.7684
42104,0.7681
42105,0.768
42106,0.7683
42107,0.7678
42108,0.767
42109,0.7663
42110,0.7671
42111,0.7668
42112,0.7669
42113,0.7666
42114,0.7666
42115,0.7669
42116,0.7676
42117,0.7676
42118,0.7674
42119,0.7672
42120,0.7678
42121,0.7689
42122,0.768
42123,0.767
42124,0.7669
42125,0.7669
42126,0.7671
42127,0.7677
42128,0.7668
42129,0.7671
42130,0.7676
42131,0.7679
42132,0.7676
42133,0.768
42134,0.7676
42135,0.7674
42136,0.7662
42137,0.7667
42138,0.7672
42139,0.767
42140,0.7667
42141,0.7667
42142,0.7676
42143,0.7666
42144,0.7673
42145,0.7671
42146,0.768
42147,0.7669
42148,0.7663
42149,0.7671
42150,0.7676
42151,0.7661
42152,0.7666
42153,0.7677
42154,0.7677
42155,0.7677
42156,0.7673
42157,0.7671
42158,0.7674
42159,0.7669
42160,0.7665
42161,0.7667
42162,0.7671
42163,0.7673
42164,0.7671
42165,0.7671
42166,0.7675
42167,0.7677
42168,0.7675
42169,0.7671
42170,0.7673
42171,0.7674
42172,0.767
42173,0.7673
42174,0.7673
42175,0.7672
42176,0.7675
42177,0.7678
42178,0.7672
42179,0.7672
42180,0.7675
42181,0.7675
42182,0.7677
42183,0.7675
42184,0.7671
42185,0.7675
42186,0.7673
42187,0.7671
42188,0.7669
42189,0.7662
42190,0.7665
42191,0.7669
42192,0.7663
42193,0.7669
42194,0.767
42195,0.7672
42196,0.7674
42197,0.7672
42198,0.7671
42199,0.7667
42200,0.7673
42201,0.7673
42202,0.7675
42203,0.7679
42204,0.7678
42205,0.7678
42206,0.7677
42207,0.7673
42208,0.7659
42209,0.7667
42210,0.7666
42211,0.7646
42212,0.7662
42213,0.7666
42214,0.7669
42215,0.7661
42216,0.7661
42217,0.7662
42218,0.7667
42219,0.766
42220,0.7662
42221,0.7666
42222,0.7674
42223,0.7672
42224,0.767
42225,0.7667
42226,0.7676
42227,0.7674
42228,0.7667
42229,0.7668
42230,0.7663
42231,0.7668
42232,0.7669
42233,0.7675
42234,0.7678
42235,0.7656
42236,0.7663
42237,0.7668
42238,0.7654
42239,0.7661
42240,0.7665
42241,0.7664
42242,0.767
42243,0.7657
42244,0.766
42245,0.7663
42246,0.7664
42247,0.7669
42248,0.7671
42249,0.7665
42250,0.7666
42251,0.7663
42252,0.7658
42253,0.7667
42254,0.7671
42255,0.7665
42256,0.7665
42257,0.7672
42258,0.7673
42259,0.7672
42260,0.767
42261,0.7668
42262,0.7671
42263,0.767
42264,0.7663
42265,0.7662
42266,0.767
42267,0.7676
42268,0.7674
42269,0.7672
42270,0.7666
42271,0.7676
42272,0.7677
42273,0.7682
42274,0.7679
42275,0.7678
42276,0.7678
42277,0.7675
42278,0.7674
42279,0.7672
42280,0.7675
42281,0.7685
42282,0.7679
42283,0.7672
42284,0.7675
42285,0.7672
42286,0.7671
42287,0.7673
42288,0.7674
42289,0.7661
42290,0.7658
42291,0.7655
42292,0.7662
42293,0.7663
42294,0.7664
42295,0.7647
42296,0.7653
42297,0.7648
42298,0.7653
42299,0.7654
42300,0.7659
42301,0.7661
42302,0.7652
42303,0.7657
42304,0.7656
42305,0.7662
42306,0.7661
42307,0.7665
42308,0.7667
42309,0.7671
42310,0.7671
42311,0.7671
42312,0.7678
42313,0.768
42314,0.7675
42315,0.7672
42316,0.7667
42317,0.7654
42318,0.7654
42319,0.7661
42320,0.7663
42321,0.7667
42322,0.7667
42323,0.7669
42324,0.7679
42325,0.7681
42326,0.7683
42327,0.7674
42328,0.767
42329,0.7672
42330,0.7673
42331,0.7674
42332,0.7669
42333,0.7669
42334,0.7669
42335,0.7668
42336,0.7664
42337,0.7678
42338,0.7679
42339,0.7676
42340,0.7679
42341,0.768
42342,0.7681
42343,0.7678
42344,0.7683
42345,0.7683
42346,0.768
42347,0.7678
42348,0.7672
42349,0.7671
42350,0.7666
42351,0.7671
42352,0.7672
42353,0.7675
42354,0.7666
42355,0.7672
42356,0.7678
42357,0.7675
42358,0.7674
42359,0.7678
42360,0.7675
42361,0.7674
42362,0.768
42363,0.7683
42364,0.7684
42365,0.7671
42366,0.7668
42367,0.7672
42368,0.7669
42369,0.7673
42370,0.7671
42371,0.7677
42372,0.7667
42373,0.7663
42374,0.7659
42375,0.7665
42376,0.7667
42377,0.7668
42378,0.7673
42379,0.7668
42380,0.7675
42381,0.7678
42382,0.7674
42383,0.7668
42384,0.7675
42385,0.768
42386,0.7681
42387,0.7683
42388,0.7686
42389,0.7681
42390,0.7686
42391,0.7682
42392,0.7677
42393,0.7677
42394,0.7676
42395,0.7673
42396,0.7679
42397,0.7661
42398,0.7663
42399,0.7659
42400,0.7667
42401,0.7665
42402,0.7671
42403,0.7672
42404,0.768
42405,0.768
42406,0.7671
42407,0.7676
42408,0.768
42409,0.7676
42410,0.7671
42411,0.767
42412,0.7671
42413,0.7675
42414,0.7674
42415,0.7679
42416,0.7677
42417,0.7684
42418,0.768
42419,0.7686
42420,0.7684
42421,0.7687
42422,0.7681
42423,0.7676
42424,0.7676
42425,0.7666
42426,0.7681
42427,0.7687
42428,0.7684
42429,0.7677
42430,0.7681
42431,0.7675
42432,0.7664
42433,0.7663
42434,0.7667
42435,0.767
42436,0.7663
42437,0.7669
42438,0.7667
42439,0.767
42440,0.7662
42441,0.7661
42442,0.7664
42443,0.7662
42444,0.7666
42445,0.7661
42446,0.767
42447,0.767
42448,0.7671
42449,0.767
42450,0.7667
42451,0.7672
42452,0.7672
42453,0.7665
42454,0.7663
42455,0.7667
42456,0.767
42457,0.7665
42458,0.7664
42459,0.7662
42460,0.7656
42461,0.7655
42462,0.7659
42463,0.7661
42464,0.7656
42465,0.7658
42466,0.7664
42467,0.7665
42468,0.7669
42469,0.7666
42470,0.7668
42471,0.7671
42472,0.7673
42473,0.7668
42474,0.7666
42475,0.7663
42476,0.7663
42477,0.7662
42478,0.7679
42479,0.7666
42480,0.7669
42481,0.767
42482,0.7669
42483,0.7669
42484,0.7673
42485,0.7675
42486,0.767
42487,0.7671
42488,0.7673
42489,0.7673
42490,0.7672
42491,0.7677
42492,0.7669
42493,0.7674
42494,0.7675
42495,0.7677
42496,0.7678
42497,0.7679
42498,0.7677
42499,0.7679
42500,0.768
42501,0.768
42502,0.7678
42503,0.7672
42504,0.7674
42505,0.7674
42506,0.7675
42507,0.7673
42508,0.7668
42509,0.7666
42510,0.7665
42511,0.7666
42512,0.7665
42513,0.7664
42514,0.7665
42515,0.7657
42516,0.7664
42517,0.766
42518,0.7658
42519,0.7654
42520,0.7662
42521,0.7654
42522,0.7653
42523,0.7653
42524,0.7657
42525,0.7658
42526,0.765
42527,0.7654
42528,0.7664
42529,0.766
42530,0.7664
42531,0.7657
42532,0.7668
42533,0.7669
42534,0.7669
42535,0.7659
42536,0.766
42537,0.7667
42538,0.7661
42539,0.7663
42540,0.7656
42541,0.7653
42542,0.7665
42543,0.7664
42544,0.7662
42545,0.7659
42546,0.7662
42547,0.7659
42548,0.7664
42549,0.7661
42550,0.7663
42551,0.7666
42552,0.7664
42553,0.7667
42554,0.7671
42555,0.7668
42556,0.767
42557,0.7665
42558,0.7667
42559,0.766
42560,0.7665
42561,0.7662
42562,0.7645
42563,0.7654
42564,0.7641
42565,0.7649
42566,0.7641
42567,0.765
42568,0.7651
42569,0.7652
42570,0.7654
42571,0.7643
42572,0.764
42573,0.7646
42574,0.7646
42575,0.7649
42576,0.7644
42577,0.7651
42578,0.7645
42579,0.765
42580,0.766
42581,0.7651
42582,0.7654
42583,0.7659
42584,0.7659
42585,0.7658
42586,0.7648
42587,0.7644
42588,0.7658
42589,0.7652
42590,0.7663
42591,0.7663
42592,0.7667
42593,0.7666
42594,0.767
42595,0.7669
42596,0.7658
42597,0.7655
42598,0.7651
42599,0.7652
42600,0.7652
42601,0.7655
42602,0.7656
42603,0.7661
42604,0.7665
42605,0.766
42606,0.7661
42607,0.7659
42608,0.7656
42609,0.7659
42610,0.7651
42611,0.7628
42612,0.7633
42613,0.7637
42614,0.7649
42615,0.7655
42616,0.7644
42617,0.7643
42618,0.7636
42619,0.7624
42620,0.7637
42621,0.7637
42622,0.7642
42623,0.7638
42624,0.7645
42625,0.7652
42626,0.7654
42627,0.7654
42628,0.7652
42629,0.7656
42630,0.7656
42631,0.7655
42632,0.7656
42633,0.7658
42634,0.7557
42635,0.7587
42636,0.7592
42637,0.7598
42638,0.7598
42639,0.7617
42640,0.7623
42641,0.7618
42642,0.7625
42643,0.7625
42644,0.7631
42645,0.7628
42646,0.7636
42647,0.7637
42648,0.7637
42649,0.7636
42650,0.7635
42651,0.7635
42652,0.7635
42653,0.7636
42654,0.7638
42655,0.7641
42656,0.7634
42657,0.7639
42658,0.7636
42659,0.7636
42660,0.7645
42661,0.7645
42662,0.7642
42663,0.7646
42664,0.7647
42665,0.7645
42666,0.7641
42667,0.7642
42668,0.7638
42669,0.7642
42670,0.7644
42671,0.7649
42672,0.7646
42673,0.7647
42674,0.7649
42675,0.7649
42676,0.7646
42677,0.7639
42678,0.7644
42679,0.7652
42680,0.7651
42681,0.764
42682,0.7643
42683,0.7646
42684,0.7642
42685,0.7639
42686,0.7633
42687,0.7631
42688,0.7629
42689,0.763
42690,0.7623
42691,0.7628
42692,0.7632
42693,0.7626
42694,0.7639
42695,0.7639
42696,0.7643
42697,0.7644
42698,0.7641
42699,0.7644
42700,0.7641
42701,0.7645
42702,0.7649
42703,0.7633
42704,0.7634
42705,0.7636
42706,0.7638
42707,0.7634
42708,0.7678
42709,0.7669
42710,0.7675
42711,0.7677
42712,0.7673
42713,0.7682
42714,0.7682
42715,0.7688
42716,0.7673
42717,0.7676
42718,0.7676
42719,0.7677
42720,0.7675
42721,0.7677
42722,0.7679
42723,0.7679
42724,0.7687
42725,0.7687
42726,0.7687
42727,0.768
42728,0.7677
42729,0.767
42730,0.7676
42731,0.7677
42732,0.7681
42733,0.7681
42734,0.7683
42735,0.7681
42736,0.7678
42737,0.7686
42738,0.7683
42739,0.768
42740,0.7676
42741,0.7684
42742,0.7681
42743,0.7674
42744,0.7675
42745,0.7677
42746,0.7678
42747,0.7681
42748,0.768
42749,0.7683
42750,0.7685
42751,0.7684
42752,0.7685
42753,0.768
42754,0.7678
42755,0.7676
42756,0.7677
42757,0.7677
42758,0.7673
42759,0.7676
42760,0.7673
42761,0.7664
42762,0.7663
42763,0.7667
42764,0.7669
42765,0.7669
42766,0.7648
42767,0.7654
42768,0.7658
42769,0.7661
42770,0.7663
42771,0.7669
42772,0.7669
42773,0.7667
42774,0.7673
42775,0.7669
42776,0.7658
42777,0.7662
42778,0.7652
42779,0.7658
42780,0.7655
42781,0.7663
42782,0.7662
42783,0.7656
42784,0.7661
42785,0.7659
42786,0.7661
42787,0.7664
42788,0.7657
42789,0.7653
42790,0.7653
42791,0.7652
42792,0.7656
42793,0.7658
42794,0.7636
42795,0.7636
42796,0.7643
42797,0.7642
42798,0.7645
42799,0.7668
42800,0.7668
42801,0.767
42802,0.7672
42803,0.7671
42804,0.765
42805,0.765
42806,0.7657
42807,0.7658
42808,0.7659
42809,0.7659
42810,0.7663
42811,0.7666
42812,0.7665
42813,0.7666
42814,0.7662
42815,0.7665
42816,0.7668
42817,0.7665
42818,0.7665
42819,0.7663
42820,0.7665
42821,0.7656
42822,0.7657
42823,0.7659
42824,0.7624
42825,0.763
42826,0.7616
42827,0.761
42828,0.7625
42829,0.7623
42830,0.7625
42831,0.7627
42832,0.762
42833,0.7626
42834,0.7633
42835,0.7636
42836,0.7646
42837,0.7635
42838,0.764
42839,0.764
42840,0.765
42841,0.7685
42842,0.7673
42843,0.7657
42844,0.7653
42845,0.7654
42846,0.7661
42847,0.7662
42848,0.7656
42849,0.7652
42850,0.7651
42851,0.7653
42852,0.7655
42853,0.7652
42854,0.7655
42855,0.7653
42856,0.765
42857,0.7656
42858,0.7653
42859,0.7661
42860,0.7661
42861,0.7661
42862,0.7655
42863,0.7649
42864,0.7641
42865,0.7639
42866,0.7645
42867,0.7646
42868,0.7647
42869,0.7655
42870,0.7643
42871,0.7643
42872,0.7653
42873,0.7648
42874,0.7653
42875,0.7643
42876,0.7641
42877,0.7642
42878,0.7646
42879,0.7643
42880,0.7639
42881,0.764
42882,0.7647
42883,0.7647
42884,0.765
42885,0.7653
42886,0.7651
42887,0.7645
42888,0.7651
42889,0.7645
42890,0.7651
42891,0.7649
42892,0.7645
42893,0.7644
42894,0.765
42895,0.765
42896,0.7662
42897,0.7651
42898,0.7655
42899,0.7662
42900,0.7675
42901,0.7671
42902,0.7661
42903,0.766
42904,0.7657
42905,0.766
42906,0.7658
42907,0.7659
42908,0.7659
42909,0.7657
42910,0.7652
42911,0.7652
42912,0.7654
42913,0.7649
42914,0.766
42915,0.7666
42916,0.7647
42917,0.7648
42918,0.7646
42919,0.764
42920,0.7642
42921,0.764
42922,0.7643
42923,0.7648
42924,0.7652
42925,0.7653
42926,0.757
42927,0.7627
42928,0.7636
42929,0.7643
42930,0.7638
42931,0.7636
42932,0.7648
42933,0.7642
42934,0.7638
42935,0.7639
42936,0.7634
42937,0.7635
42938,0.7641
42939,0.7636
42940,0.7639
42941,0.764
42942,0.7641
42943,0.7649
42944,0.765
42945,0.7647
42946,0.7645
42947,0.7649
42948,0.7654
42949,0.7656
42950,0.7652
42951,0.765
42952,0.7656
42953,0.7667
42954,0.7659
42955,0.7662
42956,0.7667
42957,0.7664
42958,0.7668
42959,0.7672
42960,0.7667
42961,0.7661
42962,0.7664
42963,0.7659
42964,0.7663
42965,0.7667
42966,0.7658
42967,0.7658
42968,0.766
42969,0.7661
42970,0.7661
42971,0.7665
42972,0.7654
42973,0.7654
42974,0.7651
42975,0.7651
42976,0.7653
42977,0.7662
42978,0.7659
42979,0.7665
42980,0.7662
42981,0.7657
42982,0.7659
42983,0.7655
42984,0.7656
42985,0.7659
42986,0.767
42987,0.7662
42988,0.7662
42989,0.7656
42990,0.7655
42991,0.7657
42992,0.7659
42993,0.7656
42994,0.7656
42995,0.7661
42996,0.7652
42997,0.7657
42998,0.766
42999,0.7666
43000,0.7662
43001,0.7665
43002,0.7668
43003,0.7666
43004,0.7667
43005,0.7664
43006,0.7661
43007,0.7665
43008,0.7668
43009,0.7666
43010,0.7663
43011,0.7664
43012,0.7666
43013,0.7663
43014,0.7665
43015,0.7655
43016,0.7653
43017,0.766
43018,0.7664
43019,0.7641
43020,0.7642
43021,0.7645
43022,0.7644
43023,0.7643
43024,0.7646
43025,0.7645
43026,0.7647
43027,0.7641
43028,0.7649
43029,0.7649
43030,0.7651
43031,0.7649
43032,0.7636
43033,0.7643
43034,0.7645
43035,0.7651
43036,0.7642
43037,0.7648
43038,0.7648
43039,0.7646
43040,0.764
43041,0.7644
43042,0.7647
43043,0.7646
43044,0.7643
43045,0.7651
43046,0.7651
43047,0.7651
43048,0.7648
43049,0.7649
43050,0.765
43051,0.7652
43052,0.7653
43053,0.7648
43054,0.7646
43055,0.7642
43056,0.7646
43057,0.7645
43058,0.7651
43059,0.7646
43060,0.7576
43061,0.7592
43062,0.7615
43063,0.7626
43064,0.762
43065,0.763
43066,0.7632
43067,0.7627
43068,0.7632
43069,0.7629
43070,0.7626
43071,0.7628
43072,0.7633
43073,0.764
43074,0.7638
43075,0.7633
43076,0.7638
43077,0.7645
43078,0.7644
43079,0.764
43080,0.7647
43081,0.7647
43082,0.7641
43083,0.7638
43084,0.7644
43085,0.763
43086,0.7633
43087,0.7639
43088,0.7644
43089,0.7641
43090,0.7647
43091,0.7646
43092,0.7637
43093,0.7636
43094,0.7632
43095,0.7631
43096,0.7634
43097,0.7638
43098,0.7639
43099,0.7642
43100,0.7646
43101,0.7642
43102,0.7638
43103,0.7644
43104,0.7639
43105,0.7631
43106,0.7632
43107,0.7624
43108,0.7631
43109,0.7633
43110,0.7636
43111,0.7632
43112,0.7639
43113,0.7636
43114,0.7628
43115,0.7624
43116,0.7627
43117,0.7633
43118,0.7631
43119,0.7638
43120,0.7638
43121,0.7634
43122,0.7638
43123,0.7635
43124,0.763
43125,0.764
43126,0.7645
43127,0.7646
43128,0.7639
43129,0.7642
43130,0.7639
43131,0.765
43132,0.7651
43133,0.7651
43134,0.7656
43135,0.7648
43136,0.761
43137,0.7626
43138,0.7629
43139,0.7631
43140,0.7642
43141,0.7643
43142,0.7636
43143,0.7642
43144,0.7642
43145,0.7631
43146,0.7627
43147,0.764
43148,0.7639
43149,0.7646
43150,0.7644
43151,0.7652
43152,0.765
43153,0.765
43154,0.7644
43155,0.7651
43156,0.7643
43157,0.7651
43158,0.7653
43159,0.7657
43160,0.7623
43161,0.7632
43162,0.7634
43163,0.7629
43164,0.7634
43165,0.7637
43166,0.7639
43167,0.7648
43168,0.7646
43169,0.7642
43170,0.7642
43171,0.7646
43172,0.7646
43173,0.7642
43174,0.7647
43175,0.7648
43176,0.7643
43177,0.7648
43178,0.7643
43179,0.7651
43180,0.7641
43181,0.7646
43182,0.7643
43183,0.7643
43184,0.7639
43185,0.764
43186,0.7639
43187,0.7638
43188,0.7645
43189,0.7646
43190,0.7649
43191,0.765
43192,0.7645
43193,0.7655
43194,0.7642
43195,0.7646
43196,0.7651
43197,0.7648
43198,0.7654
43199,0.7652
43200,0.7639
43201,0.7642
43202,0.7646
43203,0.7654
43204,0.7587
43205,0.759
43206,0.7602
43207,0.7711
43208,0.771
43209,0.771
43210,0.771
43211,0.7709
43212,0.7683
43213,0.7683
43214,0.7691
43215,0.769
43216,0.7691
43217,0.7689
43218,0.7689
43219,0.7616
43220,0.7616
43221,0.7624
43222,0.759
43223,0.7594
43224,0.7596
43225,0.7606
43226,0.762
43227,0.761
43228,0.7613
43229,0.7622
43230,0.7624
43231,0.7629
43232,0.7625
43233,0.7631
43234,0.7632
43235,0.7626
43236,0.7631
43237,0.7628
43238,0.7633
43239,0.7631
43240,0.7637
43241,0.7637
43242,0.7643
43243,0.7642
43244,0.7643
43245,0.7626
43246,0.7622
43247,0.7622
43248,0.7619
43249,0.7619
43250,0.7632
43251,0.7635
43252,0.7631
43253,0.7637
43254,0.764
43255,0.7637
43256,0.7641
43257,0.7641
43258,0.7643
43259,0.7643
43260,0.7644
43261,0.7648
43262,0.7646
43263,0.7647
43264,0.7654
43265,0.7658
43266,0.7655
43267,0.7655
43268,0.7667
43269,0.7658
43270,0.7671
43271,0.7675
43272,0.7667
43273,0.7665
43274,0.7661
43275,0.7659
43276,0.7668
43277,0.7667
43278,0.7671
43279,0.7667
43280,0.7667
43281,0.7676
43282,0.7682
43283,0.7682
43284,0.7683
43285,0.7678
43286,0.7684
43287,0.7668
43288,0.768
43289,0.7665
43290,0.7679
43291,0.7585
43292,0.7589
43293,0.7598
43294,0.7596
43295,0.7597
43296,0.7597
43297,0.7605
43298,0.7599
43299,0.7601
43300,0.7607
43301,0.7607
43302,0.7604
43303,0.7601
43304,0.7609
43305,0.7607
43306,0.7608
43307,0.7611
43308,0.762
43309,0.76
43310,0.7602
43311,0.7598
43312,0.7612
43313,0.7609
43314,0.7612
43315,0.7617
43316,0.7619
43317,0.7624
43318,0.7624
43319,0.763
43320,0.7623
43321,0.7627
43322,0.7632
43323,0.7628
43324,0.7631
43325,0.763
43326,0.7625
43327,0.7627
43328,0.7632
43329,0.7638
43330,0.7639
43331,0.764
43332,0.763
43333,0.7637
43334,0.7639
43335,0.764
43336,0.7639
43337,0.764
43338,0.7646
43339,0.7648
43340,0.7649
43341,0.7651
43342,0.7601
43343,0.7597
43344,0.7601
43345,0.7607
43346,0.7613
43347,0.7611
43348,0.7607
43349,0.7609
43350,0.7604
43351,0.7612
43352,0.7615
43353,0.7618
43354,0.7614
43355,0.7619
43356,0.7616
43357,0.7627
43358,0.7624
43359,0.7633
43360,0.7623
43361,0.7579
43362,0.7597
43363,0.7587
43364,0.7597
43365,0.7591
43366,0.7584
43367,0.7581
43368,0.7604
43369,0.7599
43370,0.762
43371,0.7598
43372,0.761
43373,0.7618
43374,0.7629
43375,0.7628
43376,0.7624
43377,0.7634
43378,0.7629
43379,0.7632
43380,0.7628
43381,0.7639
43382,0.7614
43383,0.7627
43384,0.762
43385,0.7624
43386,0.7623
43387,0.7629
43388,0.7628
43389,0.763
43390,0.7629
43391,0.763
43392,0.7636
43393,0.7638
43394,0.7639
43395,0.7639
43396,0.7637
43397,0.7683
43398,0.7682
43399,0.7679
43400,0.7686
43401,0.7686
43402,0.7683
43403,0.7679
43404,0.768
43405,0.7683
43406,0.768
43407,0.7678
43408,0.7678
43409,0.7679
43410,0.7684
43411,0.7678
43412,0.7688
43413,0.7694
43414,0.7679
43415,0.7677
43416,0.768
43417,0.7681
43418,0.7686
43419,0.768
43420,0.7689
43421,0.7692
43422,0.7681
43423,0.7681
43424,0.7686
43425,0.7688
43426,0.7682
43427,0.7682
43428,0.7681
43429,0.7676
43430,0.7677
43431,0.7672
43432,0.7674
43433,0.7675
43434,0.7681
43435,0.7678
43436,0.7673
43437,0.7677
43438,0.7662
43439,0.7661
43440,0.7674
43441,0.7675
43442,0.7681
43443,0.7683
43444,0.7681
43445,0.7684
43446,0.7682
43447,0.7686
43448,0.768
43449,0.7688
43450,0.7686
43451,0.7691
43452,0.7687
43453,0.7683
43454,0.7683
43455,0.7681
43456,0.7683
43457,0.7675
43458,0.7675
43459,0.768
43460,0.7675
43461,0.7676
43462,0.7683
43463,0.7685
43464,0.7671
43465,0.7676
43466,0.767
43467,0.7678
43468,0.7679
43469,0.7684
43470,0.7682
43471,0.7677
43472,0.7674
43473,0.7668
43474,0.7672
43475,0.7677
43476,0.768
43477,0.7669
43478,0.7672
43479,0.7668
43480,0.7674
43481,0.767
43482,0.7669
43483,0.7674
43484,0.7676
43485,0.7668
43486,0.763
43487,0.7636
43488,0.7635
43489,0.7642
43490,0.7638
43491,0.7636
43492,0.7644
43493,0.7648
43494,0.7648
43495,0.7635
43496,0.764
43497,0.764
43498,0.7643
43499,0.7652
43500,0.7638
43501,0.765
43502,0.7649
43503,0.7656
43504,0.765
43505,0.7652
43506,0.7651
43507,0.7647
43508,0.7646
43509,0.7647
43510,0.7646
43511,0.7638
43512,0.7641
43513,0.7633
43514,0.7649
43515,0.764
43516,0.7647
43517,0.7648
43518,0.7649
43519,0.7646
43520,0.7645
43521,0.7655
43522,0.7655
43523,0.7649
43524,0.765
43525,0.7645
43526,0.7643
43527,0.7649
43528,0.7652
43529,0.765
43530,0.7637
43531,0.7642
43532,0.7638
43533,0.7655
43534,0.7653
43535,0.7661
43536,0.7661
43537,0.7646
43538,0.7656
43539,0.7647
43540,0.765
43541,0.7651
43542,0.765
43543,0.766
43544,0.7657
43545,0.7653
43546,0.7652
43547,0.7677
43548,0.7655
43549,0.7659
43550,0.7649
43551,0.7648
43552,0.765
43553,0.7646
43554,0.7654
43555,0.7646
43556,0.7649
43557,0.7648
43558,0.7645
43559,0.7643
43560,0.7651
43561,0.7576
43562,0.7586
43563,0.7585
43564,0.7584
43565,0.7596
43566,0.7601
43567,0.7598
43568,0.7609
43569,0.7603
43570,0.7601
43571,0.7598
43572,0.761
43573,0.7613
43574,0.7622
43575,0.763
43576,0.7633
43577,0.7636
43578,0.7635
43579,0.7635
43580,0.7636
43581,0.7639
43582,0.7637
43583,0.7643
43584,0.7648
43585,0.7636
43586,0.7641
43587,0.7639
43588,0.764
43589,0.7642
43590,0.7648
43591,0.764
43592,0.7639
43593,0.7646
43594,0.7652
43595,0.7646
43596,0.7647
43597,0.7653
43598,0.7638
43599,0.7645
43600,0.7649
43601,0.7647
43602,0.7641
43603,0.7638
43604,0.7636
43605,0.7651
43606,0.7646
43607,0.7651
43608,0.764
43609,0.7639
43610,0.7646
43611,0.7647
43612,0.7651
43613,0.7646
43614,0.765
43615,0.7646
43616,0.7649
43617,0.765
43618,0.7652
43619,0.7649
43620,0.7648
43621,0.7652
43622,0.7654
43623,0.7653
43624,0.7649
43625,0.7653
43626,0.7655
43627,0.7654
43628,0.7654
43629,0.7653
43630,0.7655
43631,0.7645
43632,0.765
43633,0.765
43634,0.7651
43635,0.7652
43636,0.7647
43637,0.7633
43638,0.7639
43639,0.7639
43640,0.7653
43641,0.7654
43642,0.7655
43643,0.7638
43644,0.7636
43645,0.7639
43646,0.7642
43647,0.7648
43648,0.765
43649,0.7644
43650,0.7647
43651,0.7653
43652,0.7652
43653,0.7654
43654,0.7653
43655,0.7655
43656,0.7656
43657,0.766
43658,0.7659
43659,0.7662
43660,0.7648
43661,0.7653
43662,0.7655
43663,0.7653
43664,0.765
43665,0.7656
43666,0.7653
43667,0.7657
43668,0.7653
43669,0.7661
43670,0.7652
43671,0.7656
43672,0.7655
43673,0.7656
43674,0.7658
43675,0.7649
43676,0.7653
43677,0.765
43678,0.7652
43679,0.7653
43680,0.7651
43681,0.7651
43682,0.7652
43683,0.7652
43684,0.7651
43685,0.7652
43686,0.765
43687,0.7653
43688,0.765
43689,0.7651
43690,0.7659
43691,0.7637
43692,0.7638
43693,0.7646
43694,0.7643
43695,0.765
43696,0.7651
43697,0.7657
43698,0.7661
43699,0.7659
43700,0.7663
43701,0.7649
43702,0.7657
43703,0.7643
43704,0.7642
43705,0.764
43706,0.7636
43707,0.7632
43708,0.7634
43709,0.764
43710,0.7637
43711,0.7642
43712,0.7646
43713,0.7642
43714,0.7648
43715,0.7635
43716,0.764
43717,0.7645
43718,0.7631
43719,0.763
43720,0.7634
43721,0.7642
43722,0.7644
43723,0.7644
43724,0.7639
43725,0.7645
43726,0.7641
43727,0.7632
43728,0.7631
43729,0.7638
43730,0.764
43731,0.7641
43732,0.7637
43733,0.7631
43734,0.7636
43735,0.7636
43736,0.7637
43737,0.7642
43738,0.7646
43739,0.7641
43740,0.7644
43741,0.7641
43742,0.7642
43743,0.7631
43744,0.763
43745,0.7632
43746,0.763
43747,0.7636
43748,0.764
43749,0.7636
43750,0.7638
43751,0.7635
43752,0.7637
43753,0.7643
43754,0.7644
43755,0.7644
43756,0.7635
43757,0.764
43758,0.764
43759,0.7632
43760,0.7636
43761,0.7641
43762,0.7636
43763,0.7635
43764,0.7631
43765,0.7637
43766,0.7639
43767,0.7639
43768,0.764
43769,0.7636
43770,0.764
43771,0.7642
43772,0.7648
43773,0.7634
43774,0.7626
43775,0.7632
43776,0.7629
43777,0.7628
43778,0.7631
43779,0.7629
43780,0.7644
43781,0.7641
43782,0.7642
43783,0.7646
43784,0.7645
43785,0.7637
43786,0.7638
43787,0.7642
43788,0.7638
43789,0.7657
43790,0.7648
43791,0.7653
43792,0.7648
43793,0.7651
43794,0.7646
43795,0.7645
43796,0.7638
43797,0.7636
43798,0.7642
43799,0.7634
43800,0.7637
43801,0.7639
43802,0.7643
43803,0.7645
43804,0.7646
43805,0.7639
43806,0.7647
43807,0.7655
43808,0.7651
43809,0.7658
43810,0.7655
43811,0.7653
43812,0.7658
43813,0.7661
43814,0.7661
43815,0.7655
43816,0.766
43817,0.765
43818,0.7652
43819,0.7648
43820,0.7646
43821,0.7645
43822,0.764
43823,0.7653
43824,0.7643
43825,0.7651
43826,0.7647
43827,0.7649
43828,0.7653
43829,0.765
43830,0.7649
43831,0.7654
43832,0.7654
43833,0.7664
43834,0.7664
43835,0.7665
43836,0.7663
43837,0.7657
43838,0.764
43839,0.7648
43840,0.7642
43841,0.7645
43842,0.765
43843,0.7649
43844,0.7642
43845,0.7643
43846,0.7649
43847,0.7652
43848,0.7657
43849,0.7657
43850,0.7656
43851,0.7645
43852,0.7642
43853,0.7638
43854,0.7638
43855,0.7645
43856,0.7654
43857,0.7658
43858,0.7659
43859,0.7649
43860,0.7649
43861,0.7644
43862,0.7653
43863,0.765
43864,0.765
43865,0.7647
43866,0.7648
43867,0.7635
43868,0.7639
43869,0.7638
43870,0.7648
43871,0.7641
43872,0.7639
43873,0.7638
43874,0.7647
43875,0.7634
43876,0.7642
43877,0.7644
43878,0.7645
43879,0.7647
43880,0.7652
43881,0.7644
43882,0.7632
43883,0.7634
43884,0.7622
43885,0.763
43886,0.763
43887,0.7639
43888,0.7646
43889,0.7644
43890,0.7645
43891,0.7644
43892,0.7646
43893,0.7649
43894,0.7649
43895,0.7647
43896,0.7644
43897,0.7651
43898,0.765
43899,0.7652
43900,0.7652
43901,0.7646
43902,0.7648
43903,0.7647
43904,0.7656
43905,0.7637
43906,0.7633
43907,0.7633
43908,0.7632
43909,0.7638
43910,0.7639
43911,0.7644
43912,0.7648
43913,0.7639
43914,0.7625
43915,0.7627
43916,0.7637
43917,0.7643
43918,0.7653
43919,0.7646
43920,0.7644
43921,0.7648
43922,0.7647
43923,0.765
43924,0.7651
43925,0.7644
43926,0.7649
43927,0.7645
43928,0.7648
43929,0.765
43930,0.7649
43931,0.7649
43932,0.7654
43933,0.7652
43934,0.765
43935,0.7651
43936,0.7623
43937,0.7633
43938,0.7635
43939,0.764
43940,0.7635
43941,0.7639
43942,0.7649
43943,0.7641
43944,0.7648
43945,0.7645
43946,0.7643
43947,0.7638
43948,0.7636
43949,0.7646
43950,0.7641
43951,0.7647
43952,0.765
43953,0.7644
43954,0.7642
43955,0.7644
43956,0.7642
43957,0.7644
43958,0.7644
43959,0.7639
43960,0.7642
43961,0.7635
43962,0.7637
43963,0.7623
43964,0.7628
43965,0.763
43966,0.7629
43967,0.7632
43968,0.7635
43969,0.7636
43970,0.7635
43971,0.7631
43972,0.7635
43973,0.7645
43974,0.7649
43975,0.7643
43976,0.7644
43977,0.7647
43978,0.765
43979,0.7644
43980,0.7646
43981,0.7647
43982,0.7645
43983,0.7643
43984,0.7641
43985,0.7645
43986,0.764
43987,0.7641
43988,0.7643
43989,0.7642
43990,0.7644
43991,0.7648
43992,0.765
43993,0.7627
43994,0.7638
43995,0.7642
43996,0.7645
43997,0.7644
43998,0.7647
43999,0.7636
44000,0.7639
44001,0.7648
44002,0.7649
44003,0.7647
44004,0.7649
44005,0.7647
44006,0.7651
44007,0.7646
44008,0.7649
44009,0.765
44010,0.7653
44011,0.7659
44012,0.7651
44013,0.7653
44014,0.7644
44015,0.7639
44016,0.7637
44017,0.7645
44018,0.7645
44019,0.7646
44020,0.7651
44021,0.7654
44022,0.7651
44023,0.7647
44024,0.7642
44025,0.764
44026,0.7644
44027,0.7642
44028,0.7638
44029,0.7644
44030,0.7648
44031,0.7649
44032,0.7651
44033,0.7636
44034,0.7643
44035,0.7651
44036,0.765
44037,0.765
44038,0.7645
44039,0.7648
44040,0.7648
44041,0.7655
44042,0.7655
44043,0.7656
44044,0.7659
44045,0.7657
44046,0.7653
44047,0.7646
44048,0.7649
44049,0.7647
44050,0.7647
44051,0.7647
44052,0.7643
44053,0.7646
44054,0.7639
44055,0.7643
44056,0.7639
44057,0.7638
44058,0.7639
44059,0.7644
44060,0.7646
44061,0.7651
44062,0.7656
44063,0.7655
44064,0.7657
44065,0.7649
44066,0.765
44067,0.7649
44068,0.765
44069,0.7652
44070,0.7643
44071,0.7642
44072,0.7641
44073,0.7652
44074,0.7607
44075,0.7611
44076,0.7615
44077,0.7617
44078,0.7624
44079,0.7612
44080,0.7624
44081,0.7613
44082,0.7618
44083,0.7626
44084,0.7634
44085,0.7633
44086,0.7632
44087,0.7637
44088,0.763
44089,0.7632
44090,0.7641
44091,0.7638
44092,0.7635
44093,0.7635
44094,0.7635
44095,0.764
44096,0.7643
44097,0.7651
44098,0.7639
44099,0.7642
44100,0.7645
44101,0.7645
44102,0.7647
44103,0.7651
44104,0.7655
44105,0.7656
44106,0.7654
44107,0.7654
44108,0.7639
44109,0.7636
44110,0.7638
44111,0.7641
44112,0.7646
44113,0.7643
44114,0.7642
44115,0.7644
44116,0.7641
44117,0.7641
44118,0.7636
44119,0.7636
44120,0.7636
44121,0.7636
44122,0.7635
44123,0.764
44124,0.7647
44125,0.7645
44126,0.7644
44127,0.7646
44128,0.7646
44129,0.7643
44130,0.7647
44131,0.7647
44132,0.764
44133,0.7644
44134,0.7644
44135,0.7644
44136,0.7646
44137,0.7647
44138,0.7645
44139,0.7643
44140,0.7643
44141,0.7642
44142,0.764
44143,0.7634
44144,0.7627
44145,0.7636
44146,0.7636
44147,0.7638
44148,0.7636
44149,0.7626
44150,0.7627
44151,0.7632
44152,0.7632
44153,0.7635
44154,0.7632
44155,0.7629
44156,0.7641
44157,0.7643
44158,0.7641
44159,0.7642
44160,0.7639
44161,0.7643
44162,0.7641
44163,0.7642
44164,0.7643
44165,0.7637
44166,0.7641
44167,0.7628
44168,0.7642
44169,0.7641
44170,0.7641
44171,0.7641
44172,0.7641
44173,0.7642
44174,0.7642
44175,0.7638
44176,0.7639
44177,0.764
44178,0.7648
44179,0.7644
44180,0.7618
44181,0.7619
44182,0.7623
44183,0.7626
44184,0.7633
44185,0.7619
44186,0.7627
44187,0.7631
44188,0.7632
44189,0.7635
44190,0.7635
44191,0.7643
44192,0.7639
44193,0.7643
44194,0.7685
44195,0.7673
44196,0.7676
44197,0.768
44198,0.7683
44199,0.7684
44200,0.7679
44201,0.7689
44202,0.7679
44203,0.7675
44204,0.767
44205,0.7668
44206,0.767
44207,0.7629
44208,0.7635
44209,0.7635
44210,0.7631
44211,0.7631
44212,0.763
44213,0.7631
44214,0.7632
44215,0.7626
44216,0.7631
44217,0.7639
44218,0.7639
44219,0.7633
44220,0.7632
44221,0.764
44222,0.7642
44223,0.7616
44224,0.7664
44225,0.7661
44226,0.7656
44227,0.7663
44228,0.7661
44229,0.7664
44230,0.7649
44231,0.7637
44232,0.7646
44233,0.7644
44234,0.765
44235,0.766
44236,0.7666
44237,0.7661
44238,0.7664
44239,0.7657
44240,0.7659
44241,0.7664
44242,0.7642
44243,0.7657
44244,0.7662
44245,0.7671
44246,0.7665
44247,0.7666
44248,0.7668
44249,0.7672
44250,0.7674
44251,0.7676
44252,0.7673
44253,0.7669
44254,0.7672
44255,0.7671
44256,0.7668
44257,0.7672
44258,0.7674
44259,0.767
44260,0.7659
44261,0.7664
44262,0.7657
44263,0.7658
44264,0.7659
44265,0.7654
44266,0.7653
44267,0.7645
44268,0.7651
44269,0.7651
44270,0.7651
44271,0.7659
44272,0.7662
44273,0.7656
44274,0.7654
44275,0.7652
44276,0.7653
44277,0.7659
44278,0.7655
44279,0.7659
44280,0.7652
44281,0.7657
44282,0.763
44283,0.7633
44284,0.7635
44285,0.7637
44286,0.7639
44287,0.764
44288,0.7639
44289,0.765
44290,0.7648
44291,0.7646
44292,0.7641
44293,0.7647
44294,0.7642
44295,0.7643
44296,0.7647
44297,0.7645
44298,0.7647
44299,0.7651
44300,0.7658
44301,0.7621
44302,0.7622
44303,0.7627
44304,0.7628
44305,0.7621
44306,0.7623
44307,0.7625
44308,0.7621
44309,0.762
44310,0.7629
44311,0.7622
44312,0.7628
44313,0.7622
44314,0.7628
44315,0.7635
44316,0.7632
44317,0.762
44318,0.7617
44319,0.7621
44320,0.7636
44321,0.7636
44322,0.7635
44323,0.7633
44324,0.7636
44325,0.7634
44326,0.7635
44327,0.7635
44328,0.7642
44329,0.7639
44330,0.7635
44331,0.7636
44332,0.7636
44333,0.7637
44334,0.764
44335,0.7635
44336,0.764
44337,0.7637
44338,0.7628
44339,0.7633
44340,0.7636
44341,0.7639
44342,0.7636
44343,0.7635
44344,0.7592
44345,0.7599
44346,0.7603
44347,0.7607
44348,0.7599
44349,0.7601
44350,0.7612
44351,0.7612
44352,0.7609
44353,0.7613
44354,0.7621
44355,0.7626
44356,0.7627
44357,0.7631
44358,0.7626
44359,0.763
44360,0.7628
44361,0.7634
44362,0.7639
44363,0.7643
44364,0.7636
44365,0.7633
44366,0.7632
44367,0.7639
44368,0.7637
44369,0.7643
44370,0.7638
44371,0.7638
44372,0.7639
44373,0.7639
44374,0.7644
44375,0.7636
44376,0.7643
44377,0.7644
44378,0.7645
44379,0.7641
44380,0.7641
44381,0.7643
44382,0.7644
44383,0.7643
44384,0.7646
44385,0.7645
44386,0.7643
44387,0.7644
44388,0.7627
44389,0.7632
44390,0.7636
44391,0.7638
44392,0.7637
44393,0.7642
44394,0.7644
44395,0.7646
44396,0.7644
44397,0.7637
44398,0.7641
44399,0.7636
44400,0.7637
44401,0.7632
44402,0.7642
44403,0.7639
44404,0.7642
44405,0.7642
44406,0.764
44407,0.7644
44408,0.7643
44409,0.7642
44410,0.7643
44411,0.7644
44412,0.7643
44413,0.7644
44414,0.756
44415,0.7579
44416,0.7584
44417,0.758
44418,0.7581
44419,0.7578
44420,0.7581
44421,0.7591
44422,0.7596
44423,0.7595
44424,0.7593
44425,0.7591
44426,0.7586
44427,0.7597
44428,0.7609
44429,0.7619
44430,0.7614
44431,0.7614
44432,0.7624
44433,0.7631
44434,0.7638
44435,0.764
44436,0.7617
44437,0.7619
44438,0.7612
44439,0.7625
44440,0.7638
44441,0.7642
44442,0.7638
44443,0.7637
44444,0.7627
44445,0.7618
44446,0.7625
44447,0.7626
44448,0.7629
44449,0.7632
44450,0.7627
44451,0.7629
44452,0.7633
44453,0.763
44454,0.7626
44455,0.7632
44456,0.7637
44457,0.7637
44458,0.7638
44459,0.7628
44460,0.7632
44461,0.7616
44462,0.7627
44463,0.7626
44464,0.7622
44465,0.761
44466,0.7615
44467,0.7619
44468,0.762
44469,0.7629
44470,0.7625
44471,0.762
44472,0.7625
44473,0.7622
44474,0.7624
44475,0.7624
44476,0.7625
44477,0.7622
44478,0.7626
44479,0.7626
44480,0.7625
44481,0.763
44482,0.763
44483,0.7632
44484,0.7637
44485,0.7637
44486,0.7634
44487,0.7631
44488,0.7628
44489,0.7631
44490,0.7636
44491,0.7639
44492,0.7627
44493,0.763
44494,0.7631
44495,0.7634
44496,0.7634
44497,0.7634
44498,0.7635
44499,0.7629
44500,0.7632
44501,0.7625
44502,0.7631
44503,0.7637
44504,0.7638
44505,0.7637
44506,0.7634
44507,0.7636
44508,0.7637
44509,0.7639
44510,0.7636
44511,0.7637
44512,0.7638
44513,0.763
44514,0.7629
44515,0.7626
44516,0.7627
44517,0.7628
44518,0.7628
44519,0.7631
44520,0.7621
44521,0.763
44522,0.7632
44523,0.7628
44524,0.7627
44525,0.7628
44526,0.7611
44527,0.7622
44528,0.7619
44529,0.7624
44530,0.7622
44531,0.7625
44532,0.7622
44533,0.7624
44534,0.7626
44535,0.7628
44536,0.7628
44537,0.7633
44538,0.7568
44539,0.7586
44540,0.7594
44541,0.7595
44542,0.7607
44543,0.7618
44544,0.7612
44545,0.761
44546,0.7617
44547,0.7619
44548,0.7621
44549,0.7622
44550,0.7626
44551,0.7623
44552,0.7626
44553,0.7626
44554,0.7626
44555,0.7628
44556,0.764
44557,0.7636
44558,0.7634
44559,0.7634
44560,0.7641
44561,0.764
44562,0.7639
44563,0.764
44564,0.7641
44565,0.7643
44566,0.7638
44567,0.7638
44568,0.7639
44569,0.763
44570,0.7635
44571,0.7632
44572,0.7634
44573,0.764
44574,0.7636
44575,0.7638
44576,0.7639
44577,0.7635
44578,0.7639
44579,0.7639
44580,0.7639
44581,0.7634
44582,0.7641
44583,0.7633
44584,0.7634
44585,0.7638
44586,0.7638
44587,0.7642
44588,0.7647
44589,0.7644
44590,0.764
44591,0.764
44592,0.7634
44593,0.763
44594,0.763
44595,0.7625
44596,0.7631
44597,0.7635
44598,0.7636
44599,0.7631
44600,0.7635
44601,0.7644
44602,0.7644
44603,0.7644
44604,0.7642
44605,0.763
44606,0.7627
44607,0.7616
44608,0.7621
44609,0.7624
44610,0.7624
44611,0.7629
44612,0.7623
44613,0.7621
44614,0.762
44615,0.7627
44616,0.7627
44617,0.7626
44618,0.7572
44619,0.7574
44620,0.7583
44621,0.7578
44622,0.7578
44623,0.7579
44624,0.7579
44625,0.7609
44626,0.7615
44627,0.7624
44628,0.7623
44629,0.7624
44630,0.7634
44631,0.7638
44632,0.7644
44633,0.7644
44634,0.7644
44635,0.7644
44636,0.764
44637,0.7635
44638,0.7643
44639,0.7639
44640,0.764
44641,0.7643
44642,0.7638
44643,0.763
44644,0.7633
44645,0.7633
44646,0.7634
44647,0.7634
44648,0.764
44649,0.7641
44650,0.7638
44651,0.7638
44652,0.7642
44653,0.7641
44654,0.7634
44655,0.7638
44656,0.7633
44657,0.7639
44658,0.7638
44659,0.7638
44660,0.7635
44661,0.7631
44662,0.7633
44663,0.7638
44664,0.7635
44665,0.7633
44666,0.7632
44667,0.7634
44668,0.7633
44669,0.7629
44670,0.7633
44671,0.7635
44672,0.7637
44673,0.7625
44674,0.7627
44675,0.7632
44676,0.7633
44677,0.7634
44678,0.7627
44679,0.7623
44680,0.7625
44681,0.7631
44682,0.7625
44683,0.7628
44684,0.7623
44685,0.7625
44686,0.7629
44687,0.762
44688,0.7625
44689,0.7629
44690,0.763
44691,0.7634
44692,0.7628
44693,0.7625
44694,0.7627
44695,0.7631
44696,0.7634
44697,0.7624
44698,0.7625
44699,0.7576
44700,0.758
44701,0.7599
44702,0.7602
44703,0.7602
44704,0.761
44705,0.7616
44706,0.7613
44707,0.76
44708,0.7607
44709,0.7616
44710,0.7623
44711,0.7625
44712,0.7634
44713,0.7626
44714,0.7617
44715,0.7618
44716,0.7632
44717,0.7627
44718,0.7628
44719,0.7615
44720,0.7615
44721,0.7629
44722,0.7635
44723,0.7636
44724,0.7639
44725,0.764
44726,0.7636
44727,0.7637
44728,0.7631
44729,0.7638
44730,0.7628
44731,0.7637
44732,0.7637
44733,0.7636
44734,0.7631
44735,0.7633
44736,0.7634
44737,0.7636
44738,0.7639
44739,0.7634
44740,0.7636
44741,0.7637
44742,0.764
44743,0.7641
44744,0.7639
44745,0.764
44746,0.7643
44747,0.764
44748,0.7643
44749,0.7645
44750,0.764
44751,0.7632
44752,0.7638
44753,0.764
44754,0.7638
44755,0.7631
44756,0.7632
44757,0.7637
44758,0.7648
44759,0.7636
44760,0.7643
44761,0.7641
44762,0.764
44763,0.7629
44764,0.7629
44765,0.7633
44766,0.7641
44767,0.7644
44768,0.7638
44769,0.7632
44770,0.7641
44771,0.764
44772,0.7641
44773,0.764
44774,0.7639
44775,0.763
44776,0.7637
44777,0.7635
44778,0.7638
44779,0.7638
44780,0.7616
44781,0.7621
44782,0.7627
44783,0.7631
44784,0.7627
44785,0.7639
44786,0.7627
44787,0.7632
44788,0.7627
44789,0.7632
44790,0.7637
44791,0.7641
44792,0.7635
44793,0.7635
44794,0.7671
44795,0.7668
44796,0.7668
44797,0.7664
44798,0.7661
44799,0.7663
44800,0.7667
44801,0.7657
44802,0.7661
44803,0.7656
44804,0.7654
44805,0.7661
44806,0.7662
44807,0.7663
44808,0.7666
44809,0.7666
44810,0.7664
44811,0.7665
44812,0.7666
44813,0.7653
44814,0.7647
44815,0.765
44816,0.7656
44817,0.7647
44818,0.7653
44819,0.7662
44820,0.7664
44821,0.7668
44822,0.7664
44823,0.7659
44824,0.766
44825,0.7658
44826,0.7658
44827,0.766
44828,0.7654
44829,0.766
44830,0.7663
44831,0.7656
44832,0.7665
44833,0.7652
44834,0.7607
44835,0.7615
44836,0.7622
44837,0.7615
44838,0.7617
44839,0.7618
44840,0.7628
44841,0.7628
44842,0.7631
44843,0.7631
44844,0.7627
44845,0.7627
44846,0.7634
44847,0.7624
44848,0.7622
44849,0.7613
44850,0.762
44851,0.7625
44852,0.7625
44853,0.7627
44854,0.7622
44855,0.7627
44856,0.7629
44857,0.7628
44858,0.7633
44859,0.7631
44860,0.7636
44861,0.764
44862,0.7635
44863,0.7629
44864,0.7632
44865,0.763
44866,0.7637
44867,0.7638
44868,0.7636
44869,0.7633
44870,0.763
44871,0.763
44872,0.7632
44873,0.7637
44874,0.7638
44875,0.7638
44876,0.7633
44877,0.7631
44878,0.7636
44879,0.7636
44880,0.7627
44881,0.7632
44882,0.7633
44883,0.7631
44884,0.7632
44885,0.7633
44886,0.7636
44887,0.7638
44888,0.7636
44889,0.7638
44890,0.7632
44891,0.7626
44892,0.7635
44893,0.7634
44894,0.7636
44895,0.7628
44896,0.7642
44897,0.7634
44898,0.7634
44899,0.7633
44900,0.7636
44901,0.7638
44902,0.7639
44903,0.7632
44904,0.7629
44905,0.7632
44906,0.7638
44907,0.7643
44908,0.7639
44909,0.7638
44910,0.7646
44911,0.7642
44912,0.7639
44913,0.7641
44914,0.7631
44915,0.7627
44916,0.7627
44917,0.7623
44918,0.7624
44919,0.7625
44920,0.7632
44921,0.763
44922,0.7629
44923,0.7632
44924,0.7631
44925,0.7638
44926,0.7625
44927,0.7631
44928,0.7622
44929,0.7621
44930,0.7627
44931,0.7626
44932,0.7634
44933,0.7627
44934,0.7627
44935,0.7627
44936,0.7629
44937,0.7631
44938,0.7633
44939,0.7633
44940,0.7633
44941,0.7632
44942,0.7624
44943,0.7629
44944,0.7633
44945,0.7637
44946,0.7644
44947,0.7638
44948,0.7629
44949,0.7635
44950,0.7631
44951,0.7627
44952,0.7628
44953,0.7634
44954,0.7631
44955,0.763
44956,0.7623
44957,0.7622
44958,0.7633
44959,0.7628
44960,0.763
44961,0.7636
44962,0.7632
44963,0.7614
44964,0.7614
44965,0.7616
44966,0.7616
44967,0.7621
44968,0.7622
44969,0.7624
44970,0.7628
44971,0.7625
44972,0.7621
44973,0.7618
44974,0.762
44975,0.7622
44976,0.761
44977,0.7615
44978,0.7616
44979,0.7622
44980,0.763
44981,0.7634
44982,0.7633
44983,0.7631
44984,0.7632
44985,0.7633
44986,0.7634
44987,0.7628
44988,0.7626
44989,0.7629
44990,0.763
44991,0.7632
44992,0.7632
44993,0.7626
44994,0.7627
44995,0.7628
44996,0.7623
44997,0.7624
44998,0.7625
44999,0.7621
45000,0.7617
45001,0.7628
45002,0.762
45003,0.7622
45004,0.7627
45005,0.7627
45006,0.7623
45007,0.7623
45008,0.7632
45009,0.7636
45010,0.7632
45011,0.7629
45012,0.7622
45013,0.7621
45014,0.7623
45015,0.7632
45016,0.7631
45017,0.7635
45018,0.7634
45019,0.7632
45020,0.7626
45021,0.7628
45022,0.7621
45023,0.7623
45024,0.7619
45025,0.7617
45026,0.7622
45027,0.762
45028,0.762
45029,0.7624
45030,0.7629
45031,0.7628
45032,0.7631
45033,0.7635
45034,0.763
45035,0.7628
45036,0.7623
45037,0.7624
45038,0.7628
45039,0.7627
45040,0.7623
45041,0.7627
45042,0.7628
45043,0.7629
45044,0.7625
45045,0.7624
45046,0.7621
45047,0.7618
45048,0.762
45049,0.7625
45050,0.7624
45051,0.7621
45052,0.7626
45053,0.762
45054,0.7621
45055,0.7617
45056,0.7621
45057,0.7631
45058,0.7625
45059,0.7626
45060,0.762
45061,0.7623
45062,0.763
45063,0.7637
45064,0.7631
45065,0.7626
45066,0.7626
45067,0.7632
45068,0.7633
45069,0.7634
45070,0.763
45071,0.7623
45072,0.7624
45073,0.7627
45074,0.7629
45075,0.7623
45076,0.7624
45077,0.7623
45078,0.7627
45079,0.7634
45080,0.7636
45081,0.7602
45082,0.7603
45083,0.7606
45084,0.7611
45085,0.7607
45086,0.7606
45087,0.7611
45088,0.7616
45089,0.7619
45090,0.762
45091,0.7617
45092,0.7629
45093,0.7629
45094,0.7632
45095,0.762
45096,0.7624
45097,0.7622
45098,0.7624
45099,0.7627
45100,0.7632
45101,0.7634
45102,0.7635
45103,0.7636
45104,0.763
45105,0.7631
45106,0.7627
45107,0.763
45108,0.763
45109,0.7634
45110,0.7636
45111,0.7633
45112,0.7632
45113,0.7634
45114,0.7603
45115,0.7611
45116,0.7616
45117,0.7616
45118,0.7623
45119,0.7624
45120,0.7617
45121,0.7624
45122,0.762
45123,0.7622
45124,0.7621
45125,0.7623
45126,0.7628
45127,0.7627
45128,0.7631
45129,0.7626
45130,0.7626
45131,0.7629
45132,0.7624
45133,0.7627
45134,0.7629
45135,0.7636
45136,0.7635
45137,0.764
45138,0.7636
45139,0.763
45140,0.7632
45141,0.763
45142,0.7626
45143,0.7625
45144,0.7629
45145,0.7627
45146,0.7626
45147,0.7626
45148,0.7628
45149,0.7554
45150,0.7564
45151,0.757
45152,0.7569
45153,0.7572
45154,0.7564
45155,0.7569
45156,0.7577
45157,0.7584
45158,0.7587
45159,0.7592
45160,0.759
45161,0.7587
45162,0.758
45163,0.7586
45164,0.7592
45165,0.7576
45166,0.7582
45167,0.7576
45168,0.7586
45169,0.7589
45170,0.7594
45171,0.7594
45172,0.7587
45173,0.7594
45174,0.7594
45175,0.7604
45176,0.7609
45177,0.7616
45178,0.7624
45179,0.7608
45180,0.762
45181,0.7625
45182,0.7608
45183,0.7611
45184,0.7624
45185,0.7619
45186,0.7605
45187,0.7611
45188,0.7616
45189,0.7632
45190,0.7617
45191,0.7618
45192,0.7603
45193,0.7604
45194,0.7615
45195,0.7617
45196,0.7622
45197,0.7624
45198,0.7628
45199,0.7626
45200,0.7625
45201,0.7625
45202,0.7619
45203,0.7622
45204,0.762
45205,0.7616
45206,0.7616
45207,0.7624
45208,0.7626
45209,0.7624
45210,0.7625
45211,0.7625
45212,0.7615
45213,0.7606
45214,0.7613
45215,0.7603
45216,0.7611
45217,0.7613
45218,0.7616
45219,0.7616
45220,0.762
45221,0.7623
45222,0.7618
45223,0.7616
45224,0.7619
45225,0.7617
45226,0.7621
45227,0.7616
45228,0.7616
45229,0.7613
45230,0.7611
45231,0.761
45232,0.7611
45233,0.7616
45234,0.7621
45235,0.7619
45236,0.763
45237,0.7593
45238,0.7599
45239,0.7599
45240,0.76
45241,0.7602
45242,0.7602
45243,0.7601
45244,0.7607
45245,0.7599
45246,0.7606
45247,0.7609
45248,0.7606
45249,0.7612
45250,0.7627
45251,0.7633
45252,0.7631
45253,0.7623
45254,0.7628
45255,0.7628
45256,0.7632
45257,0.763
45258,0.7632
45259,0.7628
45260,0.7625
45261,0.7624
45262,0.7621
45263,0.7622
45264,0.7624
45265,0.7627
45266,0.7623
45267,0.7625
45268,0.7623
45269,0.7618
45270,0.7624
45271,0.7622
45272,0.7625
45273,0.7624
45274,0.7625
45275,0.7618
45276,0.7618
45277,0.7614
45278,0.7617
45279,0.7622
45280,0.7618
45281,0.7629
45282,0.7633
45283,0.7624
45284,0.7618
45285,0.7605
45286,0.7603
45287,0.7597
45288,0.7604
45289,0.7609
45290,0.7608
45291,0.7612
45292,0.7615
45293,0.7611
45294,0.7614
45295,0.7621
45296,0.7613
45297,0.7617
45298,0.762
45299,0.7624
45300,0.7621
45301,0.7625
45302,0.7618
45303,0.7607
45304,0.7608
45305,0.7601
45306,0.7604
45307,0.7613
45308,0.761
45309,0.7602
45310,0.7601
45311,0.7608
45312,0.7608
45313,0.7601
45314,0.7599
45315,0.7604
45316,0.7593
45317,0.7584
45318,0.7587
45319,0.7588
45320,0.7593
45321,0.76
45322,0.7607
45323,0.7609
45324,0.761
45325,0.7614
45326,0.7619
45327,0.7608
45328,0.7615
45329,0.7617
45330,0.7615
45331,0.7615
45332,0.7607
45333,0.7617
45334,0.7605
45335,0.7602
45336,0.7613
45337,0.7614
45338,0.7611
45339,0.7607
45340,0.7611
45341,0.7611
45342,0.76
45343,0.7593
45344,0.7612
45345,0.7614
45346,0.7617
45347,0.7615
45348,0.755
45349,0.7545
45350,0.7564
45351,0.7558
45352,0.7588
45353,0.7559
45354,0.7591
45355,0.7588
45356,0.759
45357,0.7586
45358,0.7589
45359,0.7583
45360,0.7543
45361,0.7562
45362,0.7587
45363,0.7588
45364,0.7587
45365,0.759
45366,0.759
45367,0.7595
45368,0.7593
45369,0.7595
45370,0.7587
45371,0.7586
45372,0.7592
45373,0.7598
45374,0.7572
45375,0.7574
45376,0.7594
45377,0.7576
45378,0.7594
45379,0.76
45380,0.7595
45381,0.7594
45382,0.7599
45383,0.7608
45384,0.7584
45385,0.7562
45386,0.7569
45387,0.7577
45388,0.7585
45389,0.7588
45390,0.7589
45391,0.7612
45392,0.7602
45393,0.7599
45394,0.7601
45395,0.7601
45396,0.7595
45397,0.7599
45398,0.7607
45399,0.755
45400,0.756
45401,0.7576
45402,0.758
45403,0.7584
45404,0.7582
45405,0.7589
45406,0.7595
45407,0.7586
45408,0.7584
45409,0.759
45410,0.7591
45411,0.7589
45412,0.7598
45413,0.7599
45414,0.7599
45415,0.76
45416,0.76
45417,0.7593
45418,0.7594
45419,0.7601
45420,0.7603
45421,0.7602
45422,0.7596
45423,0.7605
45424,0.7604
45425,0.7609
45426,0.7601
45427,0.7613
45428,0.7618
45429,0.7607
45430,0.7588
45431,0.7584
45432,0.7583
45433,0.7583
45434,0.7586
45435,0.7585
45436,0.7594
45437,0.7592
45438,0.7599
45439,0.7596
45440,0.7596
45441,0.7596
45442,0.7605
45443,0.7602
45444,0.7606
45445,0.7604
45446,0.7544
45447,0.7545
45448,0.7545
45449,0.7553
45450,0.7552
45451,0.7558
45452,0.7552
45453,0.7545
45454,0.7556
45455,0.7559
45456,0.756
45457,0.7561
45458,0.7552
45459,0.7556
45460,0.7565
45461,0.7566
45462,0.7561
45463,0.7562
45464,0.7566
45465,0.7577
45466,0.7572
45467,0.7572
45468,0.7589
45469,0.759
45470,0.7587
45471,0.7587
45472,0.7595
45473,0.7599
45474,0.7592
45475,0.7591
45476,0.7595
45477,0.7592
45478,0.7589
45479,0.758
45480,0.7549
45481,0.7563
45482,0.7574
45483,0.7578
45484,0.7579
45485,0.759
45486,0.759
45487,0.7598
45488,0.7592
45489,0.7594
45490,0.7595
45491,0.7599
45492,0.7602
45493,0.76
45494,0.7596
45495,0.7592
45496,0.7593
45497,0.7597
45498,0.7606
45499,0.7608
45500,0.7608
45501,0.7606
45502,0.7606
45503,0.7611
45504,0.7609
45505,0.7612
45506,0.7567
45507,0.7572
45508,0.7573
45509,0.7579
45510,0.7583
45511,0.7583
45512,0.7581
45513,0.7587
45514,0.7587
45515,0.758
45516,0.7585
45517,0.7587
45518,0.7588
45519,0.7579
45520,0.759
45521,0.7588
45522,0.7582
45523,0.7588
45524,0.7595
45525,0.7584
45526,0.7585
45527,0.7591
45528,0.7592
45529,0.7584
45530,0.7585
45531,0.7591
45532,0.759
45533,0.759
45534,0.7597
45535,0.7602
45536,0.7602
45537,0.7597
45538,0.7591
45539,0.7587
45540,0.7566
45541,0.7566
45542,0.7569
45543,0.7575
45544,0.7578
45545,0.758
45546,0.7583
45547,0.7585
45548,0.7585
45549,0.7594
45550,0.7592
45551,0.7596
45552,0.7591
45553,0.7588
45554,0.7591
45555,0.7589
45556,0.7583
45557,0.7592
45558,0.76
45559,0.7601
45560,0.76
45561,0.761
45562,0.761
45563,0.7611
45564,0.7611
45565,0.76
45566,0.76
45567,0.7595
45568,0.7593
45569,0.7592
45570,0.7595
45571,0.7599
45572,0.7603
45573,0.76
45574,0.7593
45575,0.7599
45576,0.7638
45577,0.7636
45578,0.7632
45579,0.757
45580,0.7579
45581,0.7587
45582,0.7586
45583,0.7586
45584,0.7592
45585,0.759
45586,0.7606
45587,0.7607
45588,0.7602
45589,0.7618
45590,0.7615
45591,0.7628
45592,0.7626
45593,0.7626
45594,0.7624
45595,0.7629
45596,0.7636
45597,0.7638
45598,0.7634
45599,0.7634
45600,0.7636
45601,0.763
45602,0.7627
45603,0.7637
45604,0.7636
45605,0.763
45606,0.763
45607,0.7629
45608,0.7637
45609,0.7638
45610,0.7631
45611,0.7633
45612,0.7634
45613,0.7635
45614,0.7631
45615,0.7628
45616,0.763
45617,0.7625
45618,0.7629
45619,0.7627
45620,0.7626
45621,0.7631
45622,0.7631
45623,0.7634
45624,0.7641
45625,0.7643
45626,0.7642
45627,0.7634
45628,0.7634
45629,0.7627
45630,0.7629
45631,0.763
45632,0.7628
45633,0.7628
45634,0.7634
45635,0.763
45636,0.7633
45637,0.7633
45638,0.7633
45639,0.7637
45640,0.7633
45641,0.7629
45642,0.763
45643,0.7625
45644,0.7633
45645,0.763
45646,0.7624
45647,0.7623
45648,0.7626
45649,0.7624
45650,0.7627
45651,0.7633
45652,0.7633
45653,0.7631
45654,0.7633
45655,0.7628
45656,0.7631
45657,0.763
45658,0.7628
45659,0.7626
45660,0.7624
45661,0.7629
45662,0.7628
45663,0.7629
45664,0.7626
45665,0.7627
45666,0.7629
45667,0.7631
45668,0.7618
45669,0.7625
45670,0.7628
45671,0.7632
45672,0.7628
45673,0.7632
45674,0.7627
45675,0.763
45676,0.7628
45677,0.7626
45678,0.7623
45679,0.7627
45680,0.7627
45681,0.7632
45682,0.7635
45683,0.7638
45684,0.7634
45685,0.7635
45686,0.7623
45687,0.7629
45688,0.7633
45689,0.7628
45690,0.7623
45691,0.7625
45692,0.7622
45693,0.7624
45694,0.761
45695,0.7617
45696,0.762
45697,0.7632
45698,0.7629
45699,0.7633
45700,0.7632
45701,0.7611
45702,0.762
45703,0.7615
45704,0.7615
45705,0.7617
45706,0.7618
45707,0.7623
45708,0.7622
45709,0.7627
45710,0.762
45711,0.7622
45712,0.7621
45713,0.7618
45714,0.7622
45715,0.7625
45716,0.762
45717,0.7616
45718,0.763
45719,0.7628
45720,0.7624
45721,0.7617
45722,0.7618
45723,0.7619
45724,0.7621
45725,0.762
45726,0.7625
45727,0.7625
45728,0.7622
45729,0.7621
45730,0.7631
45731,0.7632
45732,0.7582
45733,0.7581
45734,0.7584
45735,0.759
45736,0.7594
45737,0.7596
45738,0.7594
45739,0.7594
45740,0.7596
45741,0.7602
45742,0.7597
45743,0.7587
45744,0.7589
45745,0.7588
45746,0.7592
45747,0.7594
45748,0.7598
45749,0.759
45750,0.7595
45751,0.7597
45752,0.76
45753,0.7601
45754,0.7599
45755,0.7602
45756,0.7601
45757,0.7607
45758,0.7608
45759,0.7609
45760,0.76
45761,0.7604
45762,0.7602
45763,0.7616
45764,0.7583
45765,0.759
45766,0.7595
45767,0.7587
45768,0.7596
45769,0.7599
45770,0.76
45771,0.7601
45772,0.7606
45773,0.7602
45774,0.7607
45775,0.7607
45776,0.7609
45777,0.7612
45778,0.7608
45779,0.7608
45780,0.7604
45781,0.7604
45782,0.7607
45783,0.761
45784,0.7611
45785,0.7603
45786,0.7608
45787,0.7611
45788,0.7616
45789,0.7616
45790,0.761
45791,0.761
45792,0.7603
45793,0.76
45794,0.76
45795,0.7601
45796,0.7598
45797,0.7596
45798,0.7593
45799,0.7594
45800,0.7598
45801,0.7601
45802,0.7606
45803,0.7596
45804,0.7601
45805,0.7598
45806,0.7595
45807,0.7589
45808,0.759
45809,0.7584
45810,0.7589
45811,0.7593
45812,0.7595
45813,0.7599
45814,0.7601
45815,0.7605
45816,0.7604
45817,0.7605
45818,0.7608
45819,0.7601
45820,0.7596
45821,0.7595
45822,0.76
45823,0.7599
45824,0.7592
45825,0.7595
45826,0.7599
45827,0.7602
45828,0.7604
45829,0.7603
45830,0.7595
45831,0.7601
45832,0.7597
45833,0.7596
45834,0.7598
45835,0.7609
45836,0.759
45837,0.7587
45838,0.7601
45839,0.7603
45840,0.7591
45841,0.7594
45842,0.7596
45843,0.7598
45844,0.7595
45845,0.7587
45846,0.7589
45847,0.7591
45848,0.7601
45849,0.7594
45850,0.7593
45851,0.7598
45852,0.7603
45853,0.7594
45854,0.7595
45855,0.7593
45856,0.7596
45857,0.7599
45858,0.7592
45859,0.7596
45860,0.7598
45861,0.7605
45862,0.7601
45863,0.7599
45864,0.7595
45865,0.7607
45866,0.7608
45867,0.7608
45868,0.7598
45869,0.7598
45870,0.7604
45871,0.7596
45872,0.7597
45873,0.7603
45874,0.7611
45875,0.7601
45876,0.7607
45877,0.7604
45878,0.76
45879,0.7613
45880,0.7611
45881,0.7614
45882,0.7614
45883,0.7612
45884,0.761
45885,0.7608
45886,0.7598
45887,0.761
45888,0.7611
45889,0.7603
45890,0.7606
45891,0.7602
45892,0.7596
45893,0.7602
45894,0.7608
45895,0.7613
45896,0.7617
45897,0.7619
45898,0.7613
45899,0.7599
45900,0.7598
45901,0.7596
45902,0.7607
45903,0.7607
45904,0.7605
45905,0.761
45906,0.7608
45907,0.7615
45908,0.7611
45909,0.7608
45910,0.7595
45911,0.7594
45912,0.7597
45913,0.7599
45914,0.7602
45915,0.7596
45916,0.7592
45917,0.7595
45918,0.7598
45919,0.7599
45920,0.7592
45921,0.7593
45922,0.7584
45923,0.7581
45924,0.7589
45925,0.7589
45926,0.7588
45927,0.7587
45928,0.7589
45929,0.7589
45930,0.7595
45931,0.7589
45932,0.7592
45933,0.7583
45934,0.7581
45935,0.7581
45936,0.7572
45937,0.7567
45938,0.7585
45939,0.7591
45940,0.7594
45941,0.7587
45942,0.7588
45943,0.7582
45944,0.7586
45945,0.7573
45946,0.7583
45947,0.7583
45948,0.7584
45949,0.7585
45950,0.7583
45951,0.7581
45952,0.7575
45953,0.7573
45954,0.7576
45955,0.7573
45956,0.7571
45957,0.7573
45958,0.7569
45959,0.7561
45960,0.7565
45961,0.7563
45962,0.756
45963,0.7554
45964,0.756
45965,0.757
45966,0.7571
45967,0.7564
45968,0.7563
45969,0.7566
45970,0.7565
45971,0.7564
45972,0.7563
45973,0.7558
45974,0.7551
45975,0.7567
45976,0.7565
45977,0.7553
45978,0.7556
45979,0.7551
45980,0.7553
45981,0.7563
45982,0.7561
45983,0.7564
45984,0.756
45985,0.7539
45986,0.7542
45987,0.7546
45988,0.7541
45989,0.7535
45990,0.7536
45991,0.7545
45992,0.7546
45993,0.7537
45994,0.7546
45995,0.7539
45996,0.7549
45997,0.7547
45998,0.7552
45999,0.7546
46000,0.7549
46001,0.7546
46002,0.7546
46003,0.7543
46004,0.7547
46005,0.7545
46006,0.7549
46007,0.7552
46008,0.7547
46009,0.7549
46010,0.7551
46011,0.7547
46012,0.7552
46013,0.7554
46014,0.7545
46015,0.7555
46016,0.7553
46017,0.7549
46018,0.7552
46019,0.7558
46020,0.7557
46021,0.7561
46022,0.7558
46023,0.756
46024,0.7559
46025,0.7553
46026,0.7557
46027,0.7547
46028,0.7547
46029,0.7559
46030,0.755
46031,0.7555
46032,0.7552
46033,0.7549
46034,0.7557
46035,0.7557
46036,0.7555
46037,0.7553
46038,0.7557
46039,0.7563
46040,0.7556
46041,0.7563
46042,0.7546
46043,0.7547
46044,0.7547
46045,0.7556
46046,0.755
46047,0.7553
46048,0.7554
46049,0.7556
46050,0.7557
46051,0.7561
46052,0.7554
46053,0.7555
46054,0.7561
46055,0.7551
46056,0.7556
46057,0.7558
46058,0.7558
46059,0.7557
46060,0.756
46061,0.7559
46062,0.7557
46063,0.7563
46064,0.7554
46065,0.7551
46066,0.755
46067,0.7544
46068,0.7549
46069,0.7548
46070,0.7548
46071,0.7544
46072,0.7547
46073,0.7552
46074,0.755
46075,0.7552
46076,0.7554
46077,0.7552
46078,0.7546
46079,0.7552
46080,0.7547
46081,0.7549
46082,0.7549
46083,0.7551
46084,0.7547
46085,0.7553
46086,0.7553
46087,0.7562
46088,0.756
46089,0.756
46090,0.7562
46091,0.7559
46092,0.756
46093,0.756
46094,0.7554
46095,0.755
46096,0.7537
46097,0.7542
46098,0.7534
46099,0.7536
46100,0.7538
46101,0.7548
46102,0.7542
46103,0.7543
46104,0.7548
46105,0.7546
46106,0.7538
46107,0.754
46108,0.755
46109,0.7543
46110,0.7547
46111,0.755
46112,0.7547
46113,0.7548
46114,0.7546
46115,0.7548
46116,0.7547
46117,0.7562
46118,0.7567
46119,0.7547
46120,0.7532
46121,0.7537
46122,0.754
46123,0.7547
46124,0.7538
46125,0.7537
46126,0.754
46127,0.7544
46128,0.7534
46129,0.7535
46130,0.7546
46131,0.7543
46132,0.7541
46133,0.7529
46134,0.7534
46135,0.7535
46136,0.7532
46137,0.7537
46138,0.7546
46139,0.7546
46140,0.7531
46141,0.7532
46142,0.7535
46143,0.7529
46144,0.7535
46145,0.7537
46146,0.7536
46147,0.7543
46148,0.7534
46149,0.7536
46150,0.7532
46151,0.753
46152,0.7533
46153,0.7542
46154,0.7537
46155,0.7532
46156,0.7532
46157,0.7535
46158,0.7536
46159,0.7534
46160,0.7542
46161,0.755
46162,0.7537
46163,0.7546
46164,0.7544
46165,0.7538
46166,0.7549
46167,0.7535
46168,0.7537
46169,0.7537
46170,0.7537
46171,0.7536
46172,0.7535
46173,0.7526
46174,0.7526
46175,0.7515
46176,0.7516
46177,0.7516
46178,0.7522
46179,0.7523
46180,0.752
46181,0.7517
46182,0.7508
46183,0.7508
46184,0.7513
46185,0.7512
46186,0.7513
46187,0.7518
46188,0.7518
46189,0.7513
46190,0.7525
46191,0.7532
46192,0.7537
46193,0.7535
46194,0.7535
46195,0.7541
46196,0.7529
46197,0.7529
46198,0.7537
46199,0.7539
46200,0.7545
46201,0.7538
46202,0.7534
46203,0.7525
46204,0.7523
46205,0.7526
46206,0.7532
46207,0.7522
46208,0.7533
46209,0.7535
46210,0.7538
46211,0.7537
46212,0.7534
46213,0.7525
46214,0.7526
46215,0.7534
46216,0.7527
46217,0.7528
46218,0.7527
46219,0.7524
46220,0.7523
46221,0.7517
46222,0.7533
46223,0.7533
46224,0.7525
46225,0.7528
46226,0.7523
46227,0.7527
46228,0.7532
46229,0.7525
46230,0.7539
46231,0.7522
46232,0.7517
46233,0.7518
46234,0.7526
46235,0.7521
46236,0.7525
46237,0.7525
46238,0.7527
46239,0.7526
46240,0.752
46241,0.753
46242,0.7532
46243,0.7537
46244,0.7529
46245,0.7533
46246,0.7521
46247,0.7518
46248,0.7516
46249,0.752
46250,0.7524
46251,0.7522
46252,0.7529
46253,0.7528
46254,0.7539
46255,0.7539
46256,0.7531
46257,0.7525
46258,0.7541
46259,0.7544
46260,0.7541
46261,0.7542
46262,0.7546
46263,0.7548
46264,0.7547
46265,0.7552
46266,0.7538
46267,0.7539
46268,0.7534
46269,0.7543
46270,0.754
46271,0.7543
46272,0.7543
46273,0.7544
46274,0.7545
46275,0.7538
46276,0.7547
46277,0.7527
46278,0.7527
46279,0.7523
46280,0.7532
46281,0.7542
46282,0.7534
46283,0.7535
46284,0.7537
46285,0.7535
46286,0.7528
46287,0.753
46288,0.7533
46289,0.7529
46290,0.7534
46291,0.7528
46292,0.7528
46293,0.7528
46294,0.753
46295,0.7483
46296,0.7493
46297,0.7507
46298,0.7511
46299,0.7513
46300,0.7515
46301,0.7523
46302,0.752
46303,0.7529
46304,0.753
46305,0.7523
46306,0.7532
46307,0.7528
46308,0.7514
46309,0.752
46310,0.752
46311,0.7519
46312,0.7524
46313,0.7525
46314,0.7523
46315,0.7522
46316,0.7526
46317,0.7527
46318,0.7529
46319,0.7531
46320,0.7528
46321,0.7528
46322,0.7529
46323,0.7528
46324,0.7528
46325,0.752
46326,0.7529
46327,0.7526
46328,0.7525
46329,0.7529
46330,0.7531
46331,0.7535
46332,0.7534
46333,0.7528
46334,0.7517
46335,0.7522
46336,0.7521
46337,0.7521
46338,0.7517
46339,0.7521
46340,0.7519
46341,0.7522
46342,0.7521
46343,0.7522
46344,0.7525
46345,0.7518
46346,0.7511
46347,0.7509
46348,0.7517
46349,0.752
46350,0.7523
46351,0.7529
46352,0.7526
46353,0.7524
46354,0.753
46355,0.7529
46356,0.7529
46357,0.7531
46358,0.7528
46359,0.7527
46360,0.7524
46361,0.7521
46362,0.7524
46363,0.7528
46364,0.7535
46365,0.7532
46366,0.752
46367,0.7529
46368,0.7533
46369,0.7528
46370,0.7524
46371,0.7511
46372,0.7519
46373,0.752
46374,0.7523
46375,0.7517
46376,0.7519
46377,0.7515
46378,0.7523
46379,0.7523
46380,0.7522
46381,0.7525
46382,0.7522
46383,0.7526
46384,0.7522
46385,0.7522
46386,0.7507
46387,0.7509
46388,0.7506
46389,0.7515
46390,0.7518
46391,0.7521
46392,0.7517
46393,0.7517
46394,0.7519
46395,0.7521
46396,0.7517
46397,0.7514
46398,0.7515
46399,0.7511
46400,0.7519
46401,0.7514
46402,0.7515
46403,0.7518
46404,0.7511
46405,0.7516
46406,0.7514
46407,0.7517
46408,0.7514
46409,0.7518
46410,0.7512
46411,0.7515
46412,0.7511
46413,0.7511
46414,0.7504
46415,0.7504
46416,0.7508
46417,0.7507
46418,0.7513
46419,0.7514
46420,0.7518
46421,0.7516
46422,0.7514
46423,0.7513
46424,0.7482
46425,0.7482
46426,0.7491
46427,0.7504
46428,0.7509
46429,0.7508
46430,0.7504
46431,0.7515
46432,0.7516
46433,0.7508
46434,0.7506
46435,0.7505
46436,0.7508
46437,0.7507
46438,0.7509
46439,0.7512
46440,0.7512
46441,0.7517
46442,0.7515
46443,0.7516
46444,0.7521
46445,0.7518
46446,0.7513
46447,0.7514
46448,0.751
46449,0.751
46450,0.7518
46451,0.7517
46452,0.7514
46453,0.7516
46454,0.7511
46455,0.7525
46456,0.7526
46457,0.7527
46458,0.7519
46459,0.7522
46460,0.7525
46461,0.7527
46462,0.7522
46463,0.7518
46464,0.7515
46465,0.7518
46466,0.7518
46467,0.7521
46468,0.7527
46469,0.7525
46470,0.7513
46471,0.7504
46472,0.7507
46473,0.7515
46474,0.7517
46475,0.7519
46476,0.7518
46477,0.752
46478,0.7526
46479,0.7524
46480,0.7525
46481,0.753
46482,0.7525
46483,0.752
46484,0.7528
46485,0.7529
46486,0.7532
46487,0.7535
46488,0.7523
46489,0.7515
46490,0.7515
46491,0.7509
46492,0.7512
46493,0.7515
46494,0.7515
46495,0.7516
46496,0.7519
46497,0.7516
46498,0.7515
46499,0.7509
46500,0.7509
46501,0.7512
46502,0.7514
46503,0.7513
46504,0.7511
46505,0.7514
46506,0.7514
46507,0.7524
46508,0.7517
46509,0.7512
46510,0.752
46511,0.7529
46512,0.7483
46513,0.7492
46514,0.7491
46515,0.7496
46516,0.7504
46517,0.7515
46518,0.7509
46519,0.7503
46520,0.7505
46521,0.7504
46522,0.7504
46523,0.751
46524,0.7511
46525,0.7515
46526,0.7518
46527,0.7517
46528,0.7514
46529,0.7519
46530,0.7519
46531,0.7519
46532,0.7517
46533,0.7517
46534,0.7521
46535,0.753
46536,0.7522
46537,0.7519
46538,0.7519
46539,0.7526
46540,0.7527
46541,0.7524
46542,0.7519
46543,0.752
46544,0.7522
46545,0.7528
46546,0.7523
46547,0.7529
46548,0.7524
46549,0.7521
46550,0.7526
46551,0.7526
46552,0.7484
46553,0.7486
46554,0.7486
46555,0.7486
46556,0.7492
46557,0.7495
46558,0.7495
46559,0.7494
46560,0.7496
46561,0.75
46562,0.7503
46563,0.7503
46564,0.7507
46565,0.7515
46566,0.7515
46567,0.7517
46568,0.7516
46569,0.7519
46570,0.7511
46571,0.7522
46572,0.7514
46573,0.7517
46574,0.752
46575,0.7515
46576,0.7515
46577,0.752
46578,0.752
46579,0.7526
46580,0.7527
46581,0.7527
46582,0.751
46583,0.7513
46584,0.7518
46585,0.7523
46586,0.7517
46587,0.7523
46588,0.7514
46589,0.752
46590,0.7518
46591,0.7521
46592,0.757
46593,0.7567
46594,0.7566
46595,0.7556
46596,0.7557
46597,0.7555
46598,0.756
46599,0.7555
46600,0.7559
46601,0.7559
46602,0.7566
46603,0.7565
46604,0.7563
46605,0.7552
46606,0.7555
46607,0.7551
46608,0.7546
46609,0.755
46610,0.7552
46611,0.7552
46612,0.7549
46613,0.7551
46614,0.755
46615,0.7551
46616,0.7551
46617,0.7552
46618,0.7559
46619,0.755
46620,0.7553
46621,0.7558
46622,0.7558
46623,0.7553
46624,0.7552
46625,0.7557
46626,0.7555
46627,0.7551
46628,0.7555
46629,0.7556
46630,0.7561
46631,0.7554
46632,0.7561
46633,0.7559
46634,0.7555
46635,0.756
46636,0.7556
46637,0.7559
46638,0.7555
46639,0.7559
46640,0.7524
46641,0.7528
46642,0.7523
46643,0.7533
46644,0.752
46645,0.7531
46646,0.7525
46647,0.7521
46648,0.7518
46649,0.7528
46650,0.7523
46651,0.7521
46652,0.7521
46653,0.7524
46654,0.7521
46655,0.7522
46656,0.7527
46657,0.7521
46658,0.7522
46659,0.7523
46660,0.7531
46661,0.7535
46662,0.7527
46663,0.7528
46664,0.7507
46665,0.7509
46666,0.7507
46667,0.7515
46668,0.7513
46669,0.7514
46670,0.7519
46671,0.7516
46672,0.7502
46673,0.7506
46674,0.7511
46675,0.7514
46676,0.7514
46677,0.7517
46678,0.7518
46679,0.7519
46680,0.7522
46681,0.7523
46682,0.7521
46683,0.7515
46684,0.7528
46685,0.7522
46686,0.7519
46687,0.752
46688,0.7519
46689,0.7519
46690,0.7518
46691,0.7518
46692,0.7521
46693,0.7519
46694,0.7516
46695,0.7515
46696,0.7513
46697,0.7514
46698,0.7521
46699,0.7519
46700,0.752
46701,0.7522
46702,0.7518
46703,0.7515
46704,0.7514
46705,0.7517
46706,0.752
46707,0.7518
46708,0.7524
46709,0.752
46710,0.7518
46711,0.7521
46712,0.7521
46713,0.7519
46714,0.7521
46715,0.7519
46716,0.7516
46717,0.7515
46718,0.7516
46719,0.7514
46720,0.7523
46721,0.7521
46722,0.7517
46723,0.7523
46724,0.752
46725,0.7522
46726,0.7518
46727,0.752
46728,0.7525
46729,0.752
46730,0.7519
46731,0.7517
46732,0.7523
46733,0.752
46734,0.7522
46735,0.7531
46736,0.7527
46737,0.752
46738,0.7519
46739,0.7525
46740,0.752
46741,0.7522
46742,0.7527
46743,0.7529
46744,0.7525
46745,0.7524
46746,0.7519
46747,0.7512
46748,0.7518
46749,0.7517
46750,0.7518
46751,0.7514
46752,0.7512
46753,0.7513
46754,0.751
46755,0.7518
46756,0.7514
46757,0.7513
46758,0.7516
46759,0.7513
46760,0.7515
46761,0.7513
46762,0.7514
46763,0.7514
46764,0.7516
46765,0.7516
46766,0.7519
46767,0.7519
46768,0.7519
46769,0.7517
46770,0.7504
46771,0.7513
46772,0.7514
46773,0.7524
46774,0.753
46775,0.7523
46776,0.7517
46777,0.7519
46778,0.7516
46779,0.7516
46780,0.7516
46781,0.7514
46782,0.7523
46783,0.7523
46784,0.7515
46785,0.7512
46786,0.7513
46787,0.7522
46788,0.7519
46789,0.7514
46790,0.7516
46791,0.7512
46792,0.7514
46793,0.7519
46794,0.7515
46795,0.7522
46796,0.7524
46797,0.7527
46798,0.7525
46799,0.7518
46800,0.7519
46801,0.7524
46802,0.7518
46803,0.7523
46804,0.7521
46805,0.7518
46806,0.7524
46807,0.7526
46808,0.7528
46809,0.752
46810,0.7517
46811,0.7517
46812,0.7516
46813,0.7519
46814,0.752
46815,0.7513
46816,0.7514
46817,0.7523
46818,0.7526
46819,0.752
46820,0.7521
46821,0.7516
46822,0.7512
46823,0.7515
46824,0.7518
46825,0.7515
46826,0.7517
46827,0.7518
46828,0.7525
46829,0.7522
46830,0.7526
46831,0.7527
46832,0.753
46833,0.7521
46834,0.7515
46835,0.7519
46836,0.7517
46837,0.7521
46838,0.752
46839,0.7525
46840,0.7523
46841,0.7526
46842,0.7531
46843,0.7533
46844,0.7525
46845,0.752
46846,0.7519
46847,0.7522
46848,0.7525
46849,0.7527
46850,0.7525
46851,0.7521
46852,0.7521
46853,0.753
46854,0.7532
46855,0.7525
46856,0.7522
46857,0.7523
46858,0.752
46859,0.7514
46860,0.7514
46861,0.7511
46862,0.7509
46863,0.7509
46864,0.7507
46865,0.7512
46866,0.7523
46867,0.7526
46868,0.7526
46869,0.7521
46870,0.7521
46871,0.7525
46872,0.7523
46873,0.7525
46874,0.7528
46875,0.753
46876,0.753
46877,0.7527
46878,0.752
46879,0.7517
46880,0.7523
46881,0.7493
46882,0.7498
46883,0.7504
46884,0.7513
46885,0.7519
46886,0.7521
46887,0.7522
46888,0.7521
46889,0.752
46890,0.7523
46891,0.7521
46892,0.752
46893,0.7521
46894,0.7517
46895,0.7518
46896,0.7519
46897,0.7519
46898,0.7523
46899,0.7521
46900,0.7519
46901,0.752
46902,0.7518
46903,0.7515
46904,0.7515
46905,0.7517
46906,0.7518
46907,0.752
46908,0.7518
46909,0.7523
46910,0.7523
46911,0.7521
46912,0.7525
46913,0.7524
46914,0.7522
46915,0.7521
46916,0.7521
46917,0.7519
46918,0.7522
46919,0.753
46920,0.7523
46921,0.752
46922,0.7525
46923,0.7519
46924,0.7522
46925,0.7526
46926,0.7518
46927,0.7529
46928,0.7528
46929,0.7529
46930,0.7524
46931,0.7525
46932,0.7526
46933,0.7523
46934,0.7523
46935,0.7525
46936,0.7524
46937,0.7525
46938,0.7525
46939,0.7519
46940,0.7525
46941,0.7524
46942,0.7519
46943,0.7515
46944,0.7517
46945,0.7523
46946,0.7524
46947,0.7528
46948,0.7529
46949,0.7524
46950,0.7527
46951,0.7529
46952,0.7526
46953,0.7527
46954,0.7528
46955,0.7525
46956,0.7528
46957,0.752
46958,0.7521
46959,0.752
46960,0.7523
46961,0.7522
46962,0.7523
46963,0.7525
46964,0.7524
46965,0.7524
46966,0.7524
46967,0.7522
46968,0.7524
46969,0.7522
46970,0.7524
46971,0.7522
46972,0.7524
46973,0.7526
46974,0.7531
46975,0.7524
46976,0.7525
46977,0.7528
46978,0.7521
46979,0.7522
46980,0.7527
46981,0.7524
46982,0.7526
46983,0.7525
46984,0.7537
46985,0.7529
46986,0.7541
46987,0.7536
46988,0.7534
46989,0.7536
46990,0.7538
46991,0.7532
46992,0.7534
46993,0.7534
46994,0.7531
46995,0.753
46996,0.7531
46997,0.7533
46998,0.7531
46999,0.7533
47000,0.7532
47001,0.7536
47002,0.7535
47003,0.7534
47004,0.7531
47005,0.7532
47006,0.7522
47007,0.7525
47008,0.753
47009,0.7534
47010,0.7532
47011,0.7532
47012,0.7538
47013,0.753
47014,0.7534
47015,0.7531
47016,0.7529
47017,0.7532
47018,0.7533
47019,0.7529
47020,0.753
47021,0.7531
47022,0.753
47023,0.7524
47024,0.7527
47025,0.7533
47026,0.7529
47027,0.7535
47028,0.7535
47029,0.7537
47030,0.7541
47031,0.7518
47032,0.7518
47033,0.752
47034,0.7515
47035,0.7511
47036,0.7521
47037,0.7523
47038,0.7528
47039,0.7527
47040,0.7522
47041,0.7523
47042,0.7528
47043,0.7556
47044,0.7557
47045,0.7552
47046,0.7551
47047,0.7555
47048,0.7552
47049,0.7558
47050,0.7559
47051,0.7555
47052,0.756
47053,0.7558
47054,0.7558
47055,0.7559
47056,0.7558
47057,0.7562
47058,0.7555
47059,0.7564
47060,0.7561
47061,0.7561
47062,0.7559
47063,0.7557
47064,0.7555
47065,0.7553
47066,0.7551
47067,0.7554
47068,0.7553
47069,0.7555
47070,0.7556
47071,0.7557
47072,0.7558
47073,0.7555
47074,0.755
47075,0.7549
47076,0.7549
47077,0.7553
47078,0.7553
47079,0.7548
47080,0.7548
47081,0.7547
47082,0.7542
47083,0.7542
47084,0.7542
47085,0.7547
47086,0.7551
47087,0.755
47088,0.7512
47089,0.7514
47090,0.7515
47091,0.7519
47092,0.7522
47093,0.7522
47094,0.7529
47095,0.7525
47096,0.7529
47097,0.7534
47098,0.7535
47099,0.7533
47100,0.7535
47101,0.7526
47102,0.7531
47103,0.7528
47104,0.7532
47105,0.7532
47106,0.7536
47107,0.7525
47108,0.7528
47109,0.7531
47110,0.7532
47111,0.7532
47112,0.7534
47113,0.7532
47114,0.7531
47115,0.7531
47116,0.753
47117,0.7531
47118,0.7534
47119,0.7536
47120,0.7536
47121,0.7529
47122,0.7531
47123,0.7527
47124,0.7531
47125,0.7531
47126,0.7524
47127,0.753
47128,0.7537
47129,0.752
47130,0.7515
47131,0.7513
47132,0.7516
47133,0.752
47134,0.7524
47135,0.7523
47136,0.7519
47137,0.7519
47138,0.7529
47139,0.7532
47140,0.7532
47141,0.7527
47142,0.753
47143,0.7531
47144,0.7525
47145,0.7523
47146,0.7525
47147,0.7528
47148,0.7526
47149,0.7525
47150,0.7528
47151,0.753
47152,0.7529
47153,0.7536
47154,0.7539
47155,0.7536
47156,0.753
47157,0.7537
47158,0.7534
47159,0.7521
47160,0.7522
47161,0.752
47162,0.7527
47163,0.7525
47164,0.7494
47165,0.751
47166,0.7511
47167,0.7513
47168,0.7515
47169,0.7521
47170,0.7521
47171,0.7519
47172,0.7522
47173,0.7529
47174,0.7531
47175,0.7535
47176,0.7536
47177,0.7532
47178,0.7526
47179,0.753
47180,0.7529
47181,0.7521
47182,0.7526
47183,0.7527
47184,0.753
47185,0.7531
47186,0.7529
47187,0.7524
47188,0.7531
47189,0.7525
47190,0.7522
47191,0.7525
47192,0.753
47193,0.7534
47194,0.7539
47195,0.7541
47196,0.7531
47197,0.7534
47198,0.7538
47199,0.7538
47200,0.7539
47201,0.754
47202,0.7538
47203,0.7532
47204,0.7535
47205,0.7533
47206,0.7534
47207,0.7538
47208,0.7538
47209,0.7537
47210,0.7549
47211,0.7545
47212,0.7545
47213,0.754
47214,0.755
47215,0.7544
47216,0.7544
47217,0.7547
47218,0.7541
47219,0.754
47220,0.754
47221,0.7544
47222,0.754
47223,0.7539
47224,0.7544
47225,0.754
47226,0.7545
47227,0.7545
47228,0.7542
47229,0.7545
47230,0.7544
47231,0.7544
47232,0.7546
47233,0.7549
47234,0.7551
47235,0.7552
47236,0.7551
47237,0.7549
47238,0.7551
47239,0.7549
47240,0.7549
47241,0.7551
47242,0.7548
47243,0.7536
47244,0.7535
47245,0.7535
47246,0.7534
47247,0.7541
47248,0.754
47249,0.7534
47250,0.7537
47251,0.7532
47252,0.7528
47253,0.7529
47254,0.7536
47255,0.7541
47256,0.7544
47257,0.7544
47258,0.754
47259,0.7543
47260,0.7541
47261,0.7543
47262,0.7544
47263,0.7543
47264,0.7546
47265,0.7548
47266,0.7544
47267,0.7546
47268,0.7536
47269,0.7538
47270,0.7539
47271,0.7541
47272,0.7538
47273,0.7544
47274,0.7548
47275,0.7543
47276,0.7542
47277,0.7539
47278,0.7543
47279,0.7539
47280,0.755
47281,0.7548
47282,0.7556
47283,0.7553
47284,0.7547
47285,0.7542
47286,0.7541
47287,0.754
47288,0.7535
47289,0.7533
47290,0.7543
47291,0.7543
47292,0.7548
47293,0.7547
47294,0.7541
47295,0.7502
47296,0.7495
47297,0.7506
47298,0.7511
47299,0.7513
47300,0.7514
47301,0.7512
47302,0.7514
47303,0.7517
47304,0.7525
47305,0.7521
47306,0.7524
47307,0.7521
47308,0.753
47309,0.7534
47310,0.7534
47311,0.7535
47312,0.7529
47313,0.7529
47314,0.7529
47315,0.753
47316,0.7528
47317,0.7532
47318,0.7537
47319,0.7509
47320,0.7517
47321,0.7523
47322,0.7577
47323,0.7574
47324,0.758
47325,0.7592
47326,0.7599
47327,0.7607
47328,0.7603
47329,0.7602
47330,0.761
47331,0.761
47332,0.7598
47333,0.76
47334,0.7597
47335,0.7599
47336,0.7602
47337,0.7595
47338,0.759
47339,0.7593
47340,0.7594
47341,0.7599
47342,0.7603
47343,0.7603
47344,0.7611
47345,0.76
47346,0.7603
47347,0.7603
47348,0.7593
47349,0.7588
47350,0.7588
47351,0.759
47352,0.7593
47353,0.759
47354,0.7591
47355,0.7598
47356,0.7595
47357,0.7592
47358,0.7595
47359,0.7589
47360,0.7588
47361,0.7588
47362,0.7592
47363,0.7587
47364,0.7584
47365,0.7586
47366,0.7595
47367,0.76
47368,0.7599
47369,0.7594
47370,0.7598
47371,0.7601
47372,0.7602
47373,0.7578
47374,0.7576
47375,0.758
47376,0.7585
47377,0.7611
47378,0.7615
47379,0.762
47380,0.762
47381,0.7621
47382,0.7623
47383,0.7623
47384,0.7624
47385,0.7621
47386,0.7622
47387,0.7619
47388,0.7617
47389,0.7616
47390,0.762
47391,0.7619
47392,0.7617
47393,0.7618
47394,0.762
47395,0.7622
47396,0.7624
47397,0.7625
47398,0.7624
47399,0.7626
47400,0.762
47401,0.7619
47402,0.762
47403,0.7617
47404,0.7623
47405,0.7624
47406,0.7626
47407,0.7624
47408,0.7629
47409,0.762
47410,0.7623
47411,0.7626
47412,0.7625
47413,0.7624
47414,0.7621
47415,0.7623
47416,0.7624
47417,0.7626
47418,0.7628
47419,0.7624
47420,0.7624
47421,0.7629
47422,0.7629
47423,0.7628
47424,0.7625
47425,0.7627
47426,0.763
47427,0.7624
47428,0.7623
47429,0.7622
47430,0.7622
47431,0.7623
47432,0.7622
47433,0.7624
47434,0.7622
47435,0.7622
47436,0.7616
47437,0.7619
47438,0.7619
47439,0.7617
47440,0.7622
47441,0.762
47442,0.7622
47443,0.7626
47444,0.7628
47445,0.7626
47446,0.7627
47447,0.7628
47448,0.762
47449,0.7618
47450,0.7621
47451,0.763
47452,0.7628
47453,0.7623
47454,0.7619
47455,0.7618
47456,0.7613
47457,0.7618
47458,0.7616
47459,0.7619
47460,0.7616
47461,0.7616
47462,0.7621
47463,0.7617
47464,0.7611
47465,0.7613
47466,0.7619
47467,0.7613
47468,0.7617
47469,0.7613
47470,0.7617
47471,0.7617
47472,0.7612
47473,0.761
47474,0.7611
47475,0.761
47476,0.7605
47477,0.7604
47478,0.7608
47479,0.7609
47480,0.7609
47481,0.7616
47482,0.7616
47483,0.7616
47484,0.7618
47485,0.7619
47486,0.7619
47487,0.7617
47488,0.7612
47489,0.7615
47490,0.7613
47491,0.7609
47492,0.761
47493,0.7608
47494,0.7615
47495,0.7616
47496,0.7617
47497,0.7609
47498,0.761
47499,0.761
47500,0.761
47501,0.7612
47502,0.761
47503,0.76
47504,0.7585
47505,0.7588
47506,0.7592
47507,0.7595
47508,0.7595
47509,0.7595
47510,0.76
47511,0.7605
47512,0.7608
47513,0.7608
47514,0.7607
47515,0.7603
47516,0.7606
47517,0.7604
47518,0.7606
47519,0.761
47520,0.7603
47521,0.7605
47522,0.7613
47523,0.7611
47524,0.7595
47525,0.7595
47526,0.7604
47527,0.761
47528,0.7607
47529,0.76
47530,0.7603
47531,0.7602
47532,0.7609
47533,0.7608
47534,0.7484
47535,0.768
47536,0.7676
47537,0.7673
47538,0.7671
47539,0.7668
47540,0.7677
47541,0.7677
47542,0.7679
47543,0.7678
47544,0.7672
47545,0.7669
47546,0.767
47547,0.7671
47548,0.7674
47549,0.7671
47550,0.7671
47551,0.7665
47552,0.7673
47553,0.7676
47554,0.7672
47555,0.7666
47556,0.7669
47557,0.7667
47558,0.767
47559,0.767
47560,0.7673
47561,0.7667
47562,0.7666
47563,0.7662
47564,0.7667
47565,0.7669
47566,0.767
47567,0.7668
47568,0.7672
47569,0.7663
47570,0.7662
47571,0.7664
47572,0.7659
47573,0.7654
47574,0.7653
47575,0.7654
47576,0.7657
47577,0.7653
47578,0.7651
47579,0.7654
47580,0.7654
47581,0.7652
47582,0.7654
47583,0.7653
47584,0.7653
47585,0.7653
47586,0.766
47587,0.7659
47588,0.7657
47589,0.7657
47590,0.7658
47591,0.7665
47592,0.7664
47593,0.7667
47594,0.7648
47595,0.7639
47596,0.764
47597,0.7636
47598,0.7642
47599,0.7635
47600,0.7642
47601,0.7588
47602,0.7595
47603,0.7593
47604,0.7599
47605,0.758
47606,0.7585
47607,0.758
47608,0.7583
47609,0.7642
47610,0.7612
47611,0.762
47612,0.7625
47613,0.7578
47614,0.7581
47615,0.7585
47616,0.7592
47617,0.7596
47618,0.7592
47619,0.7599
47620,0.76
47621,0.7607
47622,0.7605
47623,0.7603
47624,0.7603
47625,0.7604
47626,0.7605
47627,0.7604
47628,0.7618
47629,0.762
47630,0.7616
47631,0.7618
47632,0.762
47633,0.7621
47634,0.7624
47635,0.7625
47636,0.7628
47637,0.7625
47638,0.7624
47639,0.7632
47640,0.7636
47641,0.764
47642,0.7637
47643,0.764
47644,0.7635
47645,0.7629
47646,0.7634
47647,0.7626
47648,0.7636
47649,0.7629
47650,0.764
47651,0.7624
47652,0.7624
47653,0.7626
47654,0.7623
47655,0.7626
47656,0.7627
47657,0.7519
47658,0.753
47659,0.7543
47660,0.7546
47661,0.7552
47662,0.7546
47663,0.7556
47664,0.7554
47665,0.7557
47666,0.7559
47667,0.7565
47668,0.7565
47669,0.7562
47670,0.7563
47671,0.7566
47672,0.7567
47673,0.7572
47674,0.7576
47675,0.7561
47676,0.7568
47677,0.7581
47678,0.758
47679,0.7579
47680,0.7587
47681,0.7585
47682,0.7584
47683,0.7591
47684,0.7592
47685,0.7599
47686,0.7601
47687,0.7542
47688,0.7554
47689,0.7556
47690,0.7456
47691,0.7457
47692,0.7547
47693,0.7546
47694,0.7553
47695,0.7566
47696,0.7567
47697,0.7568
47698,0.7576
47699,0.7585
47700,0.7584
47701,0.7586
47702,0.7587
47703,0.759
47704,0.7588
47705,0.7585
47706,0.7589
47707,0.7585
47708,0.7589
47709,0.7593
47710,0.7586
47711,0.7582
47712,0.7585
47713,0.7585
47714,0.7589
47715,0.7592
47716,0.7601
47717,0.7593
47718,0.7599
47719,0.7605
47720,0.7609
47721,0.7613
47722,0.7616
47723,0.7625
47724,0.762
47725,0.7603
47726,0.7599
47727,0.7597
47728,0.7612
47729,0.761
47730,0.7611
47731,0.7601
47732,0.759
47733,0.7595
47734,0.7597
47735,0.7604
47736,0.7607
47737,0.7613
47738,0.7609
47739,0.7601
47740,0.761
47741,0.7613
47742,0.7614
47743,0.7613
47744,0.7616
47745,0.7611
47746,0.7614
47747,0.7612
47748,0.7619
47749,0.762
47750,0.7616
47751,0.7615
47752,0.7617
47753,0.7616
47754,0.7624
47755,0.7628
47756,0.7617
47757,0.7626
47758,0.7628
47759,0.7618
47760,0.7623
47761,0.7633
47762,0.7578
47763,0.7585
47764,0.7601
47765,0.7601
47766,0.761
47767,0.7605
47768,0.7603
47769,0.7596
47770,0.7609
47771,0.7605
47772,0.7602
47773,0.7606
47774,0.7598
47775,0.7602
47776,0.7605
47777,0.7615
47778,0.7619
47779,0.7622
47780,0.7621
47781,0.7624
47782,0.7616
47783,0.7607
47784,0.7612
47785,0.7614
47786,0.7619
47787,0.7617
47788,0.7619
47789,0.7625
47790,0.7616
47791,0.7622
47792,0.7626
47793,0.7614
47794,0.7617
47795,0.7615
47796,0.7617
47797,0.7618
47798,0.762
47799,0.7613
47800,0.7617
47801,0.7616
47802,0.7627
47803,0.763
47804,0.7616
47805,0.7615
47806,0.7617
47807,0.7619
47808,0.7617
47809,0.7616
47810,0.762
47811,0.7629
47812,0.7627
47813,0.7634
47814,0.7637
47815,0.7632
47816,0.7626
47817,0.7615
47818,0.7622
47819,0.7622
47820,0.7616
47821,0.762
47822,0.762
47823,0.7632
47824,0.7631
47825,0.7614
47826,0.7614
47827,0.7615
47828,0.7617
47829,0.7621
47830,0.7623
47831,0.7627
47832,0.7619
47833,0.7615
47834,0.7627
47835,0.7627
47836,0.7631
47837,0.7628
47838,0.7619
47839,0.7627
47840,0.7626
47841,0.7625
47842,0.763
47843,0.7628
47844,0.7629
47845,0.762
47846,0.7622
47847,0.7618
47848,0.7621
47849,0.7621
47850,0.7627
47851,0.7623
47852,0.7616
47853,0.761
47854,0.7618
47855,0.7617
47856,0.7614
47857,0.7615
47858,0.7621
47859,0.7635
47860,0.7637
47861,0.7643
47862,0.7651
47863,0.7641
47864,0.7621
47865,0.7631
47866,0.7636
47867,0.764
47868,0.7638
47869,0.7634
47870,0.7637
47871,0.7632
47872,0.7637
47873,0.764
47874,0.7641
47875,0.7643
47876,0.7645
47877,0.7645
47878,0.7646
47879,0.764
47880,0.7647
47881,0.7639
47882,0.7638
47883,0.7635
47884,0.7636
47885,0.7636
47886,0.76
47887,0.7602
47888,0.7598
47889,0.7603
47890,0.7595
47891,0.76
47892,0.7603
47893,0.7606
47894,0.76
47895,0.7609
47896,0.7609
47897,0.7612
47898,0.7617
47899,0.7619
47900,0.7626
47901,0.7615
47902,0.7625
47903,0.7626
47904,0.7623
47905,0.7626
47906,0.7628
47907,0.7622
47908,0.7626
47909,0.7622
47910,0.7608
47911,0.7608
47912,0.7611
47913,0.7612
47914,0.7611
47915,0.7607
47916,0.7575
47917,0.7582
47918,0.7624
47919,0.7627
47920,0.7626
47921,0.7626
47922,0.7625
47923,0.763
47924,0.7623
47925,0.7624
47926,0.762
47927,0.762
47928,0.7614
47929,0.7615
47930,0.7623
47931,0.763
47932,0.7631
47933,0.763
47934,0.7633
47935,0.7633
47936,0.7633
47937,0.7629
47938,0.7622
47939,0.7628
47940,0.7638
47941,0.7645
47942,0.7637
47943,0.7639
47944,0.7642
47945,0.7634
47946,0.7629
47947,0.7623
47948,0.762
47949,0.7627
47950,0.7632
47951,0.7638
47952,0.7639
47953,0.7636
47954,0.7645
47955,0.7645
47956,0.7644
47957,0.7641
47958,0.7648
47959,0.7644
47960,0.7642
47961,0.7642
47962,0.7638
47963,0.7619
47964,0.7618
47965,0.7623
47966,0.7628
47967,0.7634
47968,0.7635
47969,0.7628
47970,0.7627
47971,0.7629
47972,0.7625
47973,0.7625
47974,0.7629
47975,0.7628
47976,0.7631
47977,0.7632
47978,0.7633
47979,0.763
47980,0.7631
47981,0.7627
47982,0.7627
47983,0.7617
47984,0.7624
47985,0.7621
47986,0.7629
47987,0.7638
47988,0.7632
47989,0.763
47990,0.7628
47991,0.7632
47992,0.7638
47993,0.7636
47994,0.764
47995,0.764
47996,0.7632
47997,0.7633
47998,0.7628
47999,0.7633
48000,0.7622
48001,0.7627
48002,0.7624
48003,0.7631
48004,0.7631
48005,0.7629
48006,0.7632
48007,0.7629
48008,0.7634
48009,0.7633
48010,0.7632
48011,0.7634
48012,0.7631
48013,0.7628
48014,0.7633
48015,0.7634
48016,0.7633
48017,0.7639
48018,0.764
48019,0.7634
48020,0.7637
48021,0.7636
48022,0.7634
48023,0.7632
48024,0.7629
48025,0.7629
48026,0.7631
48027,0.7627
48028,0.7629
48029,0.7633
48030,0.7631
48031,0.7633
48032,0.7632
48033,0.7636
48034,0.7629
48035,0.7628
48036,0.764
48037,0.7638
48038,0.7642
48039,0.7642
48040,0.7642
48041,0.764
48042,0.7636
48043,0.763
48044,0.7633
48045,0.7628
48046,0.763
48047,0.7634
48048,0.7634
48049,0.764
48050,0.7635
48051,0.7633
48052,0.763
48053,0.7638
48054,0.7636
48055,0.7638
48056,0.764
48057,0.7639
48058,0.7639
48059,0.7632
48060,0.7631
48061,0.7638
48062,0.7637
48063,0.7638
48064,0.7633
48065,0.7635
48066,0.7635
48067,0.7636
48068,0.7636
48069,0.7631
48070,0.7632
48071,0.7622
48072,0.7626
48073,0.7624
48074,0.7627
48075,0.7629
48076,0.7629
48077,0.7628
48078,0.7625
48079,0.7621
48080,0.7621
48081,0.7624
48082,0.7626
48083,0.7633
48084,0.7625
48085,0.7626
48086,0.7626
48087,0.7631
48088,0.7634
48089,0.7628
48090,0.7632
48091,0.7632
48092,0.7637
48093,0.7633
48094,0.7632
48095,0.7628
48096,0.7616
48097,0.7618
48098,0.7626
48099,0.7631
48100,0.7627
48101,0.7621
48102,0.7625
48103,0.7625
48104,0.7621
48105,0.7624
48106,0.7625
48107,0.7621
48108,0.7628
48109,0.7624
48110,0.7624
48111,0.7625
48112,0.7629
48113,0.7628
48114,0.7628
48115,0.7625
48116,0.7618
48117,0.7632
48118,0.7626
48119,0.7621
48120,0.762
48121,0.7626
48122,0.763
48123,0.7631
48124,0.7634
48125,0.7631
48126,0.7627
48127,0.7627
48128,0.7626
48129,0.7623
48130,0.7629
48131,0.7633
48132,0.7626
48133,0.7625
48134,0.762
48135,0.762
48136,0.7622
48137,0.7627
48138,0.7625
48139,0.763
48140,0.7632
48141,0.7631
48142,0.7628
48143,0.7629
48144,0.7618
48145,0.7619
48146,0.7626
48147,0.7612
48148,0.7615
48149,0.7614
48150,0.7613
48151,0.7621
48152,0.7621
48153,0.7615
48154,0.7613
48155,0.7618
48156,0.762
48157,0.7613
48158,0.7613
48159,0.7618
48160,0.762
48161,0.7624
48162,0.7613
48163,0.7619
48164,0.7616
48165,0.7626
48166,0.762
48167,0.7625
48168,0.7622
48169,0.7618
48170,0.7629
48171,0.7638
48172,0.7629
48173,0.7636
48174,0.7631
48175,0.7637
48176,0.7638
48177,0.7636
48178,0.7632
48179,0.7639
48180,0.7636
48181,0.7637
48182,0.7633
48183,0.7626
48184,0.7628
48185,0.7611
48186,0.7615
48187,0.7613
48188,0.7614
48189,0.761
48190,0.7614
48191,0.7616
48192,0.7617
48193,0.7619
48194,0.7621
48195,0.7619
48196,0.7624
48197,0.7628
48198,0.7616
48199,0.7624
48200,0.7624
48201,0.7623
48202,0.7628
48203,0.7628
48204,0.7615
48205,0.7607
48206,0.7616
48207,0.7621
48208,0.762
48209,0.7622
48210,0.7624
48211,0.7625
48212,0.7623
48213,0.7622
48214,0.7622
48215,0.762
48216,0.7617
48217,0.7613
48218,0.7613
48219,0.7616
48220,0.7614
48221,0.7622
48222,0.7623
48223,0.7615
48224,0.7615
48225,0.7623
48226,0.7621
48227,0.7617
48228,0.7616
48229,0.7615
48230,0.7622
48231,0.7619
48232,0.7624
48233,0.7625
48234,0.7623
48235,0.7623
48236,0.7623
48237,0.7623
48238,0.762
48239,0.7615
48240,0.7611
48241,0.762
48242,0.7621
48243,0.7615
48244,0.7619
48245,0.7617
48246,0.7615
48247,0.7618
48248,0.7619
48249,0.7619
48250,0.7614
48251,0.7612
48252,0.7618
48253,0.7613
48254,0.7619
48255,0.7623
48256,0.7613
48257,0.7636
48258,0.7631
48259,0.7627
48260,0.7635
48261,0.7632
48262,0.7634
48263,0.7635
48264,0.7635
48265,0.7633
48266,0.7634
48267,0.7631
48268,0.7632
48269,0.7632
48270,0.7639
48271,0.7641
48272,0.7636
48273,0.7632
48274,0.7635
48275,0.7634
48276,0.7633
48277,0.7631
48278,0.7634
48279,0.763
48280,0.7628
48281,0.7629
48282,0.763
48283,0.7624
48284,0.7627
48285,0.7629
48286,0.7637
48287,0.7634
48288,0.7629
48289,0.7631
48290,0.7632
48291,0.7629
48292,0.7628
48293,0.7627
48294,0.7627
48295,0.7625
48296,0.7628
48297,0.7624
48298,0.7627
48299,0.7631
48300,0.7628
48301,0.7626
48302,0.762
48303,0.7618
48304,0.7622
48305,0.7618
48306,0.7617
48307,0.7617
48308,0.762
48309,0.7626
48310,0.7625
48311,0.7621
48312,0.7622
48313,0.7622
48314,0.7619
48315,0.7626
48316,0.7624
48317,0.7616
48318,0.7622
48319,0.7625
48320,0.7622
48321,0.7612
48322,0.7615
48323,0.761
48324,0.761
48325,0.7613
48326,0.7611
48327,0.7611
48328,0.7608
48329,0.7605
48330,0.7609
48331,0.7609
48332,0.7614
48333,0.7613
48334,0.7614
48335,0.7615
48336,0.761
48337,0.7616
48338,0.7619
48339,0.762
48340,0.7619
48341,0.7619
48342,0.7625
48343,0.7621
48344,0.7618
48345,0.7618
48346,0.7624
48347,0.762
48348,0.761
48349,0.7613
48350,0.761
48351,0.7615
48352,0.7616
48353,0.7613
48354,0.7614
48355,0.7616
48356,0.7612
48357,0.7618
48358,0.7623
48359,0.7618
48360,0.7626
48361,0.7628
48362,0.7624
48363,0.7627
48364,0.7627
48365,0.7626
48366,0.7622
48367,0.7625
48368,0.7624
48369,0.7625
48370,0.7618
48371,0.7627
48372,0.7622
48373,0.763
48374,0.7623
48375,0.7621
48376,0.7622
48377,0.7618
48378,0.7618
48379,0.7617
48380,0.7616
48381,0.7623
48382,0.7621
48383,0.7616
48384,0.7614
48385,0.7616
48386,0.7619
48387,0.7625
48388,0.7622
48389,0.7621
48390,0.7615
48391,0.7611
48392,0.7609
48393,0.7614
48394,0.7614
48395,0.7617
48396,0.762
48397,0.7621
48398,0.7616
48399,0.7564
48400,0.7568
48401,0.7577
48402,0.7582
48403,0.7581
48404,0.7586
48405,0.7594
48406,0.7598
48407,0.7602
48408,0.7599
48409,0.7595
48410,0.7595
48411,0.7603
48412,0.7603
48413,0.7602
48414,0.7601
48415,0.7603
48416,0.7603
48417,0.7605
48418,0.7597
48419,0.76
48420,0.7599
48421,0.7599
48422,0.759
48423,0.7598
48424,0.7606
48425,0.7599
48426,0.7595
48427,0.7601
48428,0.7605
48429,0.7603
48430,0.7603
48431,0.7602
48432,0.761
48433,0.7615
48434,0.7604
48435,0.7604
48436,0.7618
48437,0.7617
48438,0.7615
48439,0.7607
48440,0.7615
48441,0.7562
48442,0.7556
48443,0.7553
48444,0.762
48445,0.7629
48446,0.7619
48447,0.763
48448,0.7623
48449,0.7617
48450,0.7633
48451,0.7649
48452,0.7649
48453,0.7659
48454,0.7663
48455,0.7658
48456,0.767
48457,0.7663
48458,0.7671
48459,0.7668
48460,0.7665
48461,0.7662
48462,0.766
48463,0.7665
48464,0.7662
48465,0.7654
48466,0.7663
48467,0.7659
48468,0.7664
48469,0.766
48470,0.7659
48471,0.7659
48472,0.7663
48473,0.7664
48474,0.7658
48475,0.7664
48476,0.7671
48477,0.7667
48478,0.767
48479,0.767
48480,0.7664
48481,0.765
48482,0.7646
48483,0.7641
48484,0.7648
48485,0.7655
48486,0.7658
48487,0.7658
48488,0.7654
48489,0.7651
48490,0.7654
48491,0.7656
48492,0.7655
48493,0.7654
48494,0.7652
48495,0.7656
48496,0.7651
48497,0.7639
48498,0.7637
48499,0.7649
48500,0.7654
48501,0.7648
48502,0.7647
48503,0.7643
48504,0.7651
48505,0.7643
48506,0.7639
48507,0.7638
48508,0.7641
48509,0.7646
48510,0.7657
48511,0.7645
48512,0.7651
48513,0.7643
48514,0.7645
48515,0.7639
48516,0.7639
48517,0.764
48518,0.7639
48519,0.765
48520,0.7641
48521,0.764
48522,0.7637
48523,0.763
48524,0.7639
48525,0.7636
48526,0.7643
48527,0.7641
48528,0.7637
48529,0.7629
48530,0.7633
48531,0.7627
48532,0.7623
48533,0.7622
48534,0.7623
48535,0.7634
48536,0.764
48537,0.7641
48538,0.7641
48539,0.7623
48540,0.7635
48541,0.7637
48542,0.764
48543,0.764
48544,0.7647
48545,0.7646
48546,0.7642
48547,0.7637
48548,0.7636
48549,0.7635
48550,0.7636
48551,0.7637
48552,0.7645
48553,0.7642
48554,0.7641
48555,0.7631
48556,0.7629
48557,0.7626
48558,0.763
48559,0.7626
48560,0.7632
48561,0.7635
48562,0.7633
48563,0.7634
48564,0.7626
48565,0.7632
48566,0.7635
48567,0.7634
48568,0.7635
48569,0.7635
48570,0.7633
48571,0.7633
48572,0.7638
48573,0.7637
48574,0.7641
48575,0.7631
48576,0.7627
48577,0.7639
48578,0.7635
48579,0.7637
48580,0.7636
48581,0.7634
48582,0.7646
48583,0.7649
48584,0.7647
48585,0.7639
48586,0.7626
48587,0.7632
48588,0.7635
48589,0.7633
48590,0.7629
48591,0.7627
48592,0.7633
48593,0.7632
48594,0.7623
48595,0.7624
48596,0.7623
48597,0.7622
48598,0.7631
48599,0.7628
48600,0.7626
48601,0.7634
48602,0.7634
48603,0.7632
48604,0.7635
48605,0.7631
48606,0.7627
48607,0.7626
48608,0.7633
48609,0.7637
48610,0.7638
48611,0.7636
48612,0.7632
48613,0.7642
48614,0.7638
48615,0.7636
48616,0.7644
48617,0.7632
48618,0.7633
48619,0.7626
48620,0.7624
48621,0.7626
48622,0.7635
48623,0.7639
48624,0.7636
48625,0.7637
48626,0.7635
48627,0.7636
48628,0.764
48629,0.7642
48630,0.7641
48631,0.764
48632,0.7644
48633,0.764
48634,0.764
48635,0.7644
48636,0.7644
48637,0.764
48638,0.7635
48639,0.7632
48640,0.7636
48641,0.7638
48642,0.7638
48643,0.7634
48644,0.7633
48645,0.7628
48646,0.763
48647,0.7634
48648,0.7636
48649,0.7636
48650,0.7636
48651,0.7635
48652,0.7631
48653,0.7634
48654,0.7631
48655,0.7624
48656,0.7624
48657,0.7623
48658,0.7625
48659,0.7636
48660,0.7634
48661,0.7631
48662,0.7637
48663,0.7627
48664,0.7633
48665,0.7636
48666,0.7633
48667,0.7637
48668,0.7642
48669,0.7641
48670,0.7648
48671,0.7647
48672,0.7635
48673,0.7632
48674,0.7637
48675,0.7635
48676,0.7627
48677,0.7628
48678,0.7624
48679,0.7619
48680,0.7616
48681,0.7623
48682,0.7614
48683,0.7619
48684,0.7632
48685,0.7634
48686,0.7626
48687,0.7625
48688,0.7626
48689,0.7619
48690,0.7621
48691,0.7617
48692,0.7619
48693,0.762
48694,0.7617
48695,0.7623
48696,0.7633
48697,0.7622
48698,0.7625
48699,0.7625
48700,0.7624
48701,0.7621
48702,0.7626
48703,0.7629
48704,0.763
48705,0.7623
48706,0.7622
48707,0.763
48708,0.7625
48709,0.7629
48710,0.7626
48711,0.7634
48712,0.7633
48713,0.7635
48714,0.7633
48715,0.7632
48716,0.7637
48717,0.763
48718,0.7629
48719,0.763
48720,0.7629
48721,0.7631
48722,0.764
48723,0.7583
48724,0.7586
48725,0.7556
48726,0.7563
48727,0.7567
48728,0.7569
48729,0.7584
48730,0.7582
48731,0.7573
48732,0.7576
48733,0.7578
48734,0.7582
48735,0.7584
48736,0.7589
48737,0.7587
48738,0.7588
48739,0.7583
48740,0.7585
48741,0.758
48742,0.7627
48743,0.7627
48744,0.763
48745,0.7606
48746,0.7608
48747,0.7611
48748,0.7616
48749,0.7615
48750,0.7612
48751,0.7625
48752,0.7622
48753,0.7622
48754,0.76
48755,0.7599
48756,0.7604
48757,0.7609
48758,0.7597
48759,0.7612
48760,0.7611
48761,0.7613
48762,0.7606
48763,0.7603
48764,0.7609
48765,0.7613
48766,0.7606
48767,0.7605
48768,0.762
48769,0.7618
48770,0.7615
48771,0.7612
48772,0.7621
48773,0.7617
48774,0.7611
48775,0.7615
48776,0.7617
48777,0.7619
48778,0.7613
48779,0.7616
48780,0.7616
48781,0.7623
48782,0.762
48783,0.7617
48784,0.7614
48785,0.761
48786,0.7615
48787,0.7611
48788,0.7618
48789,0.7618
48790,0.7616
48791,0.7618
48792,0.7618
48793,0.7618
48794,0.762
48795,0.7616
48796,0.7617
48797,0.7615
48798,0.762
48799,0.7622
48800,0.7627
48801,0.763
48802,0.7628
48803,0.7633
48804,0.7627
48805,0.7623
48806,0.7624
48807,0.7624
48808,0.7623
48809,0.7618
48810,0.7626
48811,0.7621
48812,0.7613
48813,0.7622
48814,0.7632
48815,0.7623
48816,0.763
48817,0.7623
48818,0.7602
48819,0.7601
48820,0.7612
48821,0.7605
48822,0.7604
48823,0.7596
48824,0.7601
48825,0.7606
48826,0.7611
48827,0.7615
48828,0.7615
48829,0.7612
48830,0.7616
48831,0.7616
48832,0.7624
48833,0.7628
48834,0.762
48835,0.761
48836,0.7609
48837,0.7614
48838,0.7604
48839,0.7602
48840,0.7598
48841,0.7601
48842,0.7596
48843,0.7596
48844,0.7605
48845,0.7608
48846,0.7604
48847,0.7612
48848,0.7612
48849,0.7611
48850,0.7608
48851,0.7599
48852,0.7603
48853,0.761
48854,0.7605
48855,0.7607
48856,0.7616
48857,0.7618
48858,0.7628
48859,0.7616
48860,0.7611
48861,0.7618
48862,0.7614
48863,0.7614
48864,0.7609
48865,0.7608
48866,0.7597
48867,0.7603
48868,0.761
48869,0.7602
48870,0.7601
48871,0.7596
48872,0.76
48873,0.7604
48874,0.7602
48875,0.76
48876,0.7604
48877,0.761
48878,0.7611
48879,0.7608
48880,0.7609
48881,0.7606
48882,0.7614
48883,0.7607
48884,0.761
48885,0.7617
48886,0.7615
48887,0.7614
48888,0.7608
48889,0.7616
48890,0.761
48891,0.7622
48892,0.7616
48893,0.7602
48894,0.7602
48895,0.7603
48896,0.7605
48897,0.7603
48898,0.7606
48899,0.7599
48900,0.7587
48901,0.7591
48902,0.759
48903,0.7592
48904,0.7597
48905,0.7611
48906,0.7614
48907,0.761
48908,0.761
48909,0.7612
48910,0.7606
48911,0.7609
48912,0.7609
48913,0.7612
48914,0.7597
48915,0.76
48916,0.7596
48917,0.7585
48918,0.7588
48919,0.7586
48920,0.7594
48921,0.761
48922,0.7608
48923,0.7605
48924,0.7614
48925,0.7621
48926,0.755
48927,0.765
48928,0.7645
48929,0.7647
48930,0.763
48931,0.7605
48932,0.7607
48933,0.7609
48934,0.7609
48935,0.7618
48936,0.7611
48937,0.7611
48938,0.7619
48939,0.7618
48940,0.762
48941,0.7606
48942,0.761
48943,0.7608
48944,0.7567
48945,0.7491
48946,0.7491
48947,0.7496
48948,0.7509
48949,0.751
48950,0.751
48951,0.7511
48952,0.7518
48953,0.7521
48954,0.7523
48955,0.7529
48956,0.7528
48957,0.7534
48958,0.7528
48959,0.7526
48960,0.7521
48961,0.7517
48962,0.7518
48963,0.7526
48964,0.753
48965,0.7533
48966,0.7542
48967,0.7541
48968,0.7546
48969,0.7543
48970,0.7549
48971,0.7555
48972,0.7551
48973,0.7539
48974,0.7551
48975,0.7557
48976,0.7557
48977,0.7565
48978,0.7571
48979,0.7575
48980,0.7582
48981,0.7584
48982,0.7587
48983,0.7596
48984,0.7594
48985,0.7597
48986,0.7603
48987,0.761
48988,0.7612
48989,0.7614
48990,0.7612
48991,0.7618
48992,0.7616
48993,0.7619
48994,0.762
48995,0.7622
48996,0.7617
48997,0.7605
48998,0.7605
48999,0.7605
49000,0.7604
49001,0.7606
49002,0.7611
49003,0.7611
49004,0.7613
49005,0.7616
49006,0.761
49007,0.7608
49008,0.7628
49009,0.7631
49010,0.7638
49011,0.7626
49012,0.7621
49013,0.7628
49014,0.7631
49015,0.7626
49016,0.7632
49017,0.7635
49018,0.7625
49019,0.7554
49020,0.755
49021,0.7553
49022,0.7568
49023,0.7557
49024,0.7557
49025,0.7566
49026,0.7566
49027,0.757
49028,0.7566
49029,0.7577
49030,0.7587
49031,0.758
49032,0.7581
49033,0.7577
49034,0.7581
49035,0.7591
49036,0.7594
49037,0.7593
49038,0.7589
49039,0.7596
49040,0.759
49041,0.7591
49042,0.7597
49043,0.7601
49044,0.761
49045,0.7613
49046,0.762
49047,0.7617
49048,0.7571
49049,0.7564
49050,0.7574
49051,0.7581
49052,0.7586
49053,0.7594
49054,0.7585
49055,0.7595
49056,0.7597
49057,0.7595
49058,0.7594
49059,0.7597
49060,0.759
49061,0.7589
49062,0.7595
49063,0.7595
49064,0.7604
49065,0.7605
49066,0.7603
49067,0.7597
49068,0.7598
49069,0.7597
49070,0.7601
49071,0.7601
49072,0.7598
49073,0.7592
49074,0.7595
49075,0.7597
49076,0.7599
49077,0.76
49078,0.7601
49079,0.7609
49080,0.7607
49081,0.7613
49082,0.7604
49083,0.7608
49084,0.761
49085,0.7612
49086,0.7604
49087,0.7618
49088,0.762
49089,0.7613
49090,0.7611
49091,0.7596
49092,0.7597
49093,0.7608
49094,0.7598
49095,0.7609
49096,0.7609
49097,0.7608
49098,0.7605
49099,0.7608
49100,0.7603
49101,0.7615
49102,0.7606
49103,0.7616
49104,0.762
49105,0.7624
49106,0.7612
49107,0.7615
49108,0.7623
49109,0.7622
49110,0.7621
49111,0.7622
49112,0.7622
49113,0.762
49114,0.7623
49115,0.7626
49116,0.7628
49117,0.7633
49118,0.7627
49119,0.763
49120,0.7619
49121,0.7612
49122,0.7617
49123,0.7616
49124,0.7617
49125,0.7618
49126,0.7609
49127,0.761
49128,0.7616
49129,0.7615
49130,0.7612
49131,0.7617
49132,0.7613
49133,0.7619
49134,0.7623
49135,0.7624
49136,0.7621
49137,0.7578
49138,0.7578
49139,0.7579
49140,0.7585
49141,0.7593
49142,0.7592
49143,0.759
49144,0.7601
49145,0.7597
49146,0.76
49147,0.7611
49148,0.7614
49149,0.7613
49150,0.761
49151,0.7609
49152,0.7608
49153,0.7613
49154,0.7602
49155,0.7604
49156,0.7607
49157,0.7611
49158,0.7621
49159,0.7624
49160,0.7621
49161,0.762
49162,0.7609
49163,0.7613
49164,0.7615
49165,0.7611
49166,0.7618
49167,0.7621
49168,0.7619
49169,0.7614
49170,0.761
49171,0.7611
49172,0.7615
49173,0.762
49174,0.7624
49175,0.7623
49176,0.7625
49177,0.7613
49178,0.7614
49179,0.7604
49180,0.7605
49181,0.7606
49182,0.7605
49183,0.7606
49184,0.7604
49185,0.761
49186,0.7613
49187,0.7615
49188,0.7611
49189,0.7613
49190,0.7605
49191,0.761
49192,0.7606
49193,0.7609
49194,0.7613
49195,0.7618
49196,0.7616
49197,0.7608
49198,0.7603
49199,0.7604
49200,0.7606
49201,0.7605
49202,0.7586
49203,0.7592
49204,0.7589
49205,0.7599
49206,0.7599
49207,0.7604
49208,0.7606
49209,0.7611
49210,0.7615
49211,0.7604
49212,0.7605
49213,0.7607
49214,0.7607
49215,0.761
49216,0.7603
49217,0.7602
49218,0.7608
49219,0.7608
49220,0.7605
49221,0.7609
49222,0.7612
49223,0.7611
49224,0.7607
49225,0.7603
49226,0.7599
49227,0.7593
49228,0.7601
49229,0.7608
49230,0.7607
49231,0.7613
49232,0.7613
49233,0.7611
49234,0.7607
49235,0.7606
49236,0.7612
49237,0.761
49238,0.7607
49239,0.7609
49240,0.7611
49241,0.761
49242,0.7601
49243,0.7602
49244,0.7605
49245,0.7604
49246,0.7604
49247,0.7552
49248,0.7558
49249,0.7566
49250,0.7563
49251,0.7564
49252,0.7566
49253,0.7561
49254,0.7573
49255,0.7575
49256,0.758
49257,0.7582
49258,0.7588
49259,0.7591
49260,0.7588
49261,0.7589
49262,0.7586
49263,0.7593
49264,0.7599
49265,0.7591
49266,0.7589
49267,0.76
49268,0.7595
49269,0.7595
49270,0.7602
49271,0.7601
49272,0.7598
49273,0.7605
49274,0.7605
49275,0.7603
49276,0.7605
49277,0.7599
49278,0.7598
49279,0.7603
49280,0.7609
49281,0.7612
49282,0.7615
49283,0.7611
49284,0.7609
49285,0.7605
49286,0.7594
49287,0.7606
49288,0.7603
49289,0.7598
49290,0.7605
49291,0.7608
49292,0.7605
49293,0.7605
49294,0.7606
49295,0.7601
49296,0.7604
49297,0.7606
49298,0.7605
49299,0.7608
49300,0.7606
49301,0.7611
49302,0.7613
49303,0.7616
49304,0.7615
49305,0.7613
49306,0.7611
49307,0.7612
49308,0.7605
49309,0.7609
49310,0.7606
49311,0.761
49312,0.7603
49313,0.7603
49314,0.7597
49315,0.7601
49316,0.7595
49317,0.7606
49318,0.7608
49319,0.7605
49320,0.7608
49321,0.7604
49322,0.7602
49323,0.7599
49324,0.7604
49325,0.76
49326,0.7602
49327,0.7604
49328,0.7607
49329,0.7615
49330,0.7615
49331,0.7614
49332,0.7611
49333,0.7607
49334,0.7607
49335,0.7611
49336,0.7606
49337,0.7606
49338,0.7613
49339,0.7609
49340,0.7609
49341,0.7609
49342,0.7613
49343,0.762
49344,0.7558
49345,0.756
49346,0.7572
49347,0.7562
49348,0.7573
49349,0.7578
49350,0.7579
49351,0.7576
49352,0.7581
49353,0.7585
49354,0.758
49355,0.7588
49356,0.7591
49357,0.7592
49358,0.7589
49359,0.7593
49360,0.7591
49361,0.7587
49362,0.7594
49363,0.7596
49364,0.7592
49365,0.7592
49366,0.7598
49367,0.7594
49368,0.7592
49369,0.7597
49370,0.7592
49371,0.7598
49372,0.7587
49373,0.7593
49374,0.7595
49375,0.7593
49376,0.7586
49377,0.7592
49378,0.7593
49379,0.7591
49380,0.7599
49381,0.7604
49382,0.7605
49383,0.7606
49384,0.7603
49385,0.7595
49386,0.7594
49387,0.7601
49388,0.7602
49389,0.7607
49390,0.7603
49391,0.7596
49392,0.7599
49393,0.7592
49394,0.7603
49395,0.7605
49396,0.7602
49397,0.7607
49398,0.7611
49399,0.7605
49400,0.7611
49401,0.7608
49402,0.7608
49403,0.7604
49404,0.7608
49405,0.7609
49406,0.7607
49407,0.7607
49408,0.7607
49409,0.7602
49410,0.7597
49411,0.7601
49412,0.7606
49413,0.7602
49414,0.7602
49415,0.7597
49416,0.7604
49417,0.7608
49418,0.7608
49419,0.7607
49420,0.7606
49421,0.7611
49422,0.7613
49423,0.7603
49424,0.7606
49425,0.7617
49426,0.7617
49427,0.762
49428,0.7615
49429,0.7612
49430,0.7614
49431,0.7603
49432,0.7604
49433,0.7611
49434,0.7602
49435,0.7606
49436,0.7606
49437,0.7595
49438,0.7602
49439,0.7602
49440,0.7598
49441,0.7601
49442,0.7606
49443,0.7609
49444,0.7611
49445,0.7611
49446,0.76
49447,0.7599
49448,0.7592
49449,0.7596
49450,0.759
49451,0.7597
49452,0.7602
49453,0.7603
49454,0.7602
49455,0.7605
49456,0.7604
49457,0.7599
49458,0.76
49459,0.7605
49460,0.7608
49461,0.7608
49462,0.7604
49463,0.7603
49464,0.7602
49465,0.7602
49466,0.7602
49467,0.7605
49468,0.7605
49469,0.7607
49470,0.7605
49471,0.7608
49472,0.761
49473,0.7605
49474,0.7605
49475,0.761
49476,0.7605
49477,0.7604
49478,0.7613
49479,0.7618
49480,0.7606
49481,0.7606
49482,0.761
49483,0.7607
49484,0.7607
49485,0.7608
49486,0.758
49487,0.7587
49488,0.758
49489,0.7579
49490,0.7586
49491,0.7595
49492,0.7601
49493,0.7608
49494,0.7607
49495,0.7609
49496,0.7609
49497,0.7608
49498,0.7606
49499,0.76
49500,0.7602
49501,0.7601
49502,0.7604
49503,0.7602
49504,0.7608
49505,0.7594
49506,0.7601
49507,0.7596
49508,0.7601
49509,0.7599
49510,0.76
49511,0.7597
49512,0.7602
49513,0.7598
49514,0.7598
49515,0.7599
49516,0.7599
49517,0.7601
49518,0.7607
49519,0.7603
49520,0.7603
49521,0.7607
49522,0.7609
49523,0.7613
49524,0.7615
49525,0.7617
49526,0.761
49527,0.7601
49528,0.7597
49529,0.7592
49530,0.7596
49531,0.7595
49532,0.7594
49533,0.7596
49534,0.7604
49535,0.7606
49536,0.7604
49537,0.7609
49538,0.7603
49539,0.7607
49540,0.761
49541,0.7613
49542,0.7554
49543,0.7561
49544,0.7561
49545,0.7568
49546,0.7572
49547,0.7587
49548,0.7594
49549,0.7594
49550,0.7602
49551,0.7604
49552,0.7603
49553,0.7608
49554,0.7608
49555,0.7606
49556,0.7606
49557,0.7602
49558,0.7602
49559,0.7606
49560,0.761
49561,0.7606
49562,0.7609
49563,0.7575
49564,0.7579
49565,0.7584
49566,0.7505
49567,0.7507
49568,0.7515
49569,0.7508
49570,0.7524
49571,0.7522
49572,0.7522
49573,0.7531
49574,0.7529
49575,0.7534
49576,0.753
49577,0.7533
49578,0.7539
49579,0.7544
49580,0.7545
49581,0.755
49582,0.7551
49583,0.7554
49584,0.7556
49585,0.7561
49586,0.7559
49587,0.7563
49588,0.7567
49589,0.7562
49590,0.7565
49591,0.7567
49592,0.7573
49593,0.7584
49594,0.7585
49595,0.759
49596,0.7588
49597,0.7593
49598,0.7593
49599,0.759
49600,0.7592
49601,0.7585
49602,0.7588
49603,0.7594
49604,0.7598
49605,0.7601
49606,0.7602
49607,0.759
49608,0.7598
49609,0.7594
49610,0.7597
49611,0.76
49612,0.7599
49613,0.7605
49614,0.7605
49615,0.7596
49616,0.7606
49617,0.7605
49618,0.7586
49619,0.7581
49620,0.7583
49621,0.7581
49622,0.7581
49623,0.7592
49624,0.7592
49625,0.7587
49626,0.7594
49627,0.7594
49628,0.7596
49629,0.756
49630,0.7555
49631,0.7562
49632,0.7564
49633,0.757
49634,0.7578
49635,0.7578
49636,0.758
49637,0.7581
49638,0.758
49639,0.7587
49640,0.7583
49641,0.7592
49642,0.7593
49643,0.7594
49644,0.7593
49645,0.76
49646,0.7601
49647,0.7601
49648,0.76
49649,0.7599
49650,0.7601
49651,0.7599
49652,0.7591
49653,0.7599
49654,0.7603
49655,0.7594
49656,0.7596
49657,0.7602
49658,0.7596
49659,0.7586
49660,0.7591
49661,0.7594
49662,0.7588
49663,0.7591
49664,0.7586
49665,0.759
49666,0.759
49667,0.759
49668,0.7584
49669,0.7584
49670,0.7585
49671,0.7586
49672,0.7595
49673,0.7596
49674,0.7599
49675,0.7589
49676,0.759
49677,0.7586
49678,0.7581
49679,0.7585
49680,0.7595
49681,0.7597
49682,0.7595
49683,0.76
49684,0.7597
49685,0.7594
49686,0.7587
49687,0.759
49688,0.7595
49689,0.7595
49690,0.7597
49691,0.7602
49692,0.7603
49693,0.7594
49694,0.7595
49695,0.7598
49696,0.7596
49697,0.7592
49698,0.7597
49699,0.7591
49700,0.7587
49701,0.7597
49702,0.7599
49703,0.7592
49704,0.7592
49705,0.7598
49706,0.7599
49707,0.7602
49708,0.7562
49709,0.7568
49710,0.7572
49711,0.7572
49712,0.7575
49713,0.7577
49714,0.7575
49715,0.7584
49716,0.7587
49717,0.7591
49718,0.7587
49719,0.7582
49720,0.7581
49721,0.7582
49722,0.7587
49723,0.7592
49724,0.7583
49725,0.758
49726,0.7581
49727,0.7585
49728,0.7587
49729,0.7592
49730,0.7596
49731,0.7599
49732,0.7602
49733,0.7602
49734,0.7595
49735,0.759
49736,0.7594
49737,0.76
49738,0.7596
49739,0.7596
49740,0.7595
49741,0.7596
49742,0.7596
49743,0.7594
49744,0.7581
49745,0.7578
49746,0.7585
49747,0.7586
49748,0.7584
49749,0.7559
49750,0.756
49751,0.7552
49752,0.7559
49753,0.7564
49754,0.7579
49755,0.7577
49756,0.7584
49757,0.7587
49758,0.7594
49759,0.7589
49760,0.7587
49761,0.7585
49762,0.7591
49763,0.7587
49764,0.7582
49765,0.7582
49766,0.7587
49767,0.7576
49768,0.7572
49769,0.7572
49770,0.7579
49771,0.758
49772,0.755
49773,0.7556
49774,0.7558
49775,0.7564
49776,0.7554
49777,0.7557
49778,0.7554
49779,0.756
49780,0.7566
49781,0.7574
49782,0.7569
49783,0.7572
49784,0.7577
49785,0.7578
49786,0.7597
49787,0.7598
49788,0.7579
49789,0.7581
49790,0.7579
49791,0.759
49792,0.7588
49793,0.7589
49794,0.7592
49795,0.7583
49796,0.7582
49797,0.7594
49798,0.7588
49799,0.7599
49800,0.7594
49801,0.7584
49802,0.7583
49803,0.7584
49804,0.7592
49805,0.7594
49806,0.7588
49807,0.7587
49808,0.759
49809,0.7587
49810,0.7587
49811,0.7591
49812,0.7586
49813,0.7592
49814,0.7598
49815,0.7598
49816,0.7598
49817,0.76
49818,0.76
49819,0.7599
49820,0.7594
49821,0.7586
49822,0.759
49823,0.759
49824,0.759
49825,0.7592
49826,0.7595
49827,0.7596
49828,0.7603
49829,0.7603
49830,0.7607
49831,0.7607
49832,0.7604
49833,0.76
49834,0.7597
49835,0.7598
49836,0.7597
49837,0.7599
49838,0.7598
49839,0.7599
49840,0.7597
49841,0.76
49842,0.7604
49843,0.7602
49844,0.7605
49845,0.757
49846,0.7574
49847,0.7578
49848,0.7575
49849,0.7586
49850,0.7587
49851,0.7592
49852,0.7589
49853,0.759
49854,0.7593
49855,0.7586
49856,0.7589
49857,0.7588
49858,0.7584
49859,0.7599
49860,0.76
49861,0.7601
49862,0.7595
49863,0.7609
49864,0.7613
49865,0.7613
49866,0.7602
49867,0.7608
49868,0.7608
49869,0.7611
49870,0.7602
49871,0.7593
49872,0.7592
49873,0.7607
49874,0.76
49875,0.7599
49876,0.7603
49877,0.761
49878,0.7611
49879,0.7608
49880,0.7612
49881,0.7606
49882,0.7597
49883,0.7592
49884,0.7602
49885,0.7605
49886,0.7608
49887,0.7604
49888,0.7604
49889,0.76
49890,0.7604
49891,0.7603
49892,0.7601
49893,0.7605
49894,0.7615
49895,0.7641
49896,0.7627
49897,0.7638
49898,0.7641
49899,0.7632
49900,0.7636
49901,0.7628
49902,0.763
49903,0.7638
49904,0.7641
49905,0.7636
49906,0.7637
49907,0.7634
49908,0.7639
49909,0.764
49910,0.7638
49911,0.7627
49912,0.7628
49913,0.7637
49914,0.7641
49915,0.7641
49916,0.7643
49917,0.7638
49918,0.7643
49919,0.7642
49920,0.7635
49921,0.7634
49922,0.7633
49923,0.7625
49924,0.7622
49925,0.7623
49926,0.7624
49927,0.7623
49928,0.7624
49929,0.7623
49930,0.7628
49931,0.7631
49932,0.7623
49933,0.7623
49934,0.7624
49935,0.7624
49936,0.762
49937,0.7621
49938,0.7597
49939,0.7596
49940,0.7598
49941,0.7583
49942,0.7586
49943,0.758
49944,0.7586
49945,0.7586
49946,0.7585
49947,0.7588
49948,0.7586
49949,0.7587
49950,0.7585
49951,0.7588
49952,0.7587
49953,0.7592
49954,0.7597
49955,0.7599
49956,0.76
49957,0.7598
49958,0.7595
49959,0.7592
49960,0.7588
49961,0.7594
49962,0.7599
49963,0.7604
49964,0.7603
49965,0.7609
49966,0.7582
49967,0.7587
49968,0.7591
49969,0.7591
49970,0.7595
49971,0.76
49972,0.7595
49973,0.7593
49974,0.7596
49975,0.7593
49976,0.7591
49977,0.7606
49978,0.7606
49979,0.7608
49980,0.7606
49981,0.761
49982,0.761
49983,0.7607
49984,0.7601
49985,0.7602
49986,0.7595
49987,0.7597
49988,0.7604
49989,0.76
49990,0.7604
49991,0.7593
49992,0.7599
49993,0.7596
49994,0.7592
49995,0.7603
49996,0.7605
49997,0.7604
49998,0.7604
49999,0.7597
50000,0.7602
50001,0.7603
50002,0.7609
50003,0.7607
50004,0.7607
50005,0.7597
50006,0.7597
50007,0.7596
50008,0.7596
50009,0.7599
50010,0.7595
50011,0.7599
50012,0.7592
50013,0.7599
50014,0.7605
50015,0.7601
50016,0.7601
50017,0.76
50018,0.7606
50019,0.7605
50020,0.7609
50021,0.761
50022,0.7618
50023,0.7605
50024,0.7601
50025,0.7592
50026,0.7608
50027,0.761
50028,0.7602
50029,0.7602
50030,0.761
50031,0.7612
50032,0.761
50033,0.7618
50034,0.7611
50035,0.7617
50036,0.7609
50037,0.7593
50038,0.759
50039,0.7602
50040,0.7602
50041,0.76
50042,0.76
50043,0.7596
50044,0.7596
50045,0.76
50046,0.7597
50047,0.7597
50048,0.7604
50049,0.7601
50050,0.7602
50051,0.7602
50052,0.7598
50053,0.76
50054,0.7605
50055,0.7608
50056,0.7604
50057,0.7608
50058,0.7608
50059,0.7607
50060,0.7611
50061,0.7603
50062,0.7599
50063,0.7605
50064,0.7612
50065,0.7604
50066,0.7609
50067,0.7605
50068,0.7586
50069,0.7585
50070,0.7594
50071,0.76
50072,0.7601
50073,0.76
50074,0.7603
50075,0.7601
50076,0.7605
50077,0.7607
50078,0.7603
50079,0.7614
50080,0.7608
50081,0.7594
50082,0.76
50083,0.7591
50084,0.7602
50085,0.76
50086,0.7607
50087,0.7608
50088,0.761
50089,0.7607
50090,0.7606
50091,0.7606
50092,0.7605
50093,0.7606
50094,0.7608
50095,0.7602
50096,0.7598
50097,0.76
50098,0.7604
50099,0.7605
50100,0.7605
50101,0.7606
50102,0.7602
50103,0.7597
50104,0.7594
50105,0.759
50106,0.7594
50107,0.7599
50108,0.7604
50109,0.7609
50110,0.76
50111,0.7599
50112,0.7605
50113,0.7602
50114,0.7604
50115,0.7612
50116,0.76
50117,0.7603
50118,0.7596
50119,0.7601
50120,0.7607
50121,0.76
50122,0.7595
50123,0.7602
50124,0.7597
50125,0.7604
50126,0.7609
50127,0.7595
50128,0.7595
50129,0.7602
50130,0.7602
50131,0.7605
50132,0.7607
50133,0.7601
50134,0.7602
50135,0.761
50136,0.7607
50137,0.7599
50138,0.7601
50139,0.7599
50140,0.7601
50141,0.7605
50142,0.7602
50143,0.7602
50144,0.7601
50145,0.7597
50146,0.7599
50147,0.76
50148,0.7599
50149,0.76
50150,0.7598
50151,0.7602
50152,0.7602
50153,0.7607
50154,0.7607
50155,0.7605
50156,0.7603
50157,0.7597
50158,0.7597
50159,0.7602
50160,0.7603
50161,0.7598
50162,0.76
50163,0.761
50164,0.7598
50165,0.7597
50166,0.7598
50167,0.7608
50168,0.7606
50169,0.7599
50170,0.7598
50171,0.761
50172,0.7609
50173,0.7611
50174,0.7522
50175,0.7526
50176,0.7533
50177,0.7542
50178,0.7539
50179,0.7542
50180,0.754
50181,0.7541
50182,0.754
50183,0.7545
50184,0.7542
50185,0.7547
50186,0.7549
50187,0.7549
50188,0.7554
50189,0.7549
50190,0.7555
50191,0.756
50192,0.7554
50193,0.7561
50194,0.7564
50195,0.7566
50196,0.7571
50197,0.7576
50198,0.7581
50199,0.7578
50200,0.7585
50201,0.7587
50202,0.7589
50203,0.7586
50204,0.7589
50205,0.7593
50206,0.7542
50207,0.7543
50208,0.754
50209,0.7543
50210,0.7545
50211,0.754
50212,0.7541
50213,0.7591
50214,0.7543
50215,0.7546
50216,0.7556
50217,0.7566
50218,0.7566
50219,0.7572
50220,0.7578
50221,0.7583
50222,0.7582
50223,0.7581
50224,0.7586
50225,0.7587
50226,0.759
50227,0.7592
50228,0.759
50229,0.7592
50230,0.7589
50231,0.7576
50232,0.758
50233,0.7585
50234,0.7584
50235,0.7595
50236,0.7589
50237,0.7597
50238,0.76
50239,0.7598
50240,0.7605
50241,0.7599
50242,0.76
50243,0.7595
50244,0.7593
50245,0.7592
50246,0.7591
50247,0.7596
50248,0.7593
50249,0.7589
50250,0.7593
50251,0.7598
50252,0.7549
50253,0.7551
50254,0.7561
50255,0.7553
50256,0.7555
50257,0.7552
50258,0.7557
50259,0.7572
50260,0.7574
50261,0.7569
50262,0.758
50263,0.7571
50264,0.7565
50265,0.7572
50266,0.7574
50267,0.7573
50268,0.7578
50269,0.7573
50270,0.7574
50271,0.7575
50272,0.7578
50273,0.7582
50274,0.7579
50275,0.7584
50276,0.7576
50277,0.7576
50278,0.7583
50279,0.7591
50280,0.7586
50281,0.7589
50282,0.7585
50283,0.7589
50284,0.7585
50285,0.7583
50286,0.7568
50287,0.7577
50288,0.7581
50289,0.7584
50290,0.7584
50291,0.7582
50292,0.7583
50293,0.7585
50294,0.7585
50295,0.7589
50296,0.7595
50297,0.7589
50298,0.7583
50299,0.7587
50300,0.7587
50301,0.757
50302,0.757
50303,0.7572
50304,0.7578
50305,0.7586
50306,0.7585
50307,0.7597
50308,0.7591
50309,0.7599
50310,0.7602
50311,0.7606
50312,0.7599
50313,0.7598
50314,0.7601
50315,0.7592
50316,0.7598
50317,0.7588
50318,0.7585
50319,0.758
50320,0.7579
50321,0.7582
50322,0.7583
50323,0.7586
50324,0.7588
50325,0.7587
50326,0.7586
50327,0.759
50328,0.7589
50329,0.7585
50330,0.7601
50331,0.7594
50332,0.76
50333,0.7599
50334,0.7597
50335,0.7602
50336,0.7605
50337,0.7606
50338,0.7604
50339,0.7595
50340,0.7604
50341,0.7597
50342,0.7601
50343,0.7603
50344,0.7605
50345,0.7576
50346,0.7588
50347,0.7594
50348,0.76
50349,0.7604
50350,0.7601
50351,0.7601
50352,0.7597
50353,0.7598
50354,0.7599
50355,0.7596
50356,0.7599
50357,0.761
50358,0.7604
50359,0.7597
50360,0.7594
50361,0.7597
50362,0.7595
50363,0.7597
50364,0.7601
50365,0.76
50366,0.7594
50367,0.7604
50368,0.7599
50369,0.7601
50370,0.7606
50371,0.7603
50372,0.7605
50373,0.7587
50374,0.7589
50375,0.7589
50376,0.759
50377,0.7591
50378,0.7592
50379,0.7594
50380,0.7594
50381,0.7596
50382,0.7599
50383,0.7599
50384,0.7611
50385,0.7612
50386,0.7604
50387,0.7608
50388,0.7603
50389,0.7608
50390,0.7607
50391,0.7605
50392,0.7606
50393,0.761
50394,0.7602
50395,0.7603
50396,0.7606
50397,0.7598
50398,0.7607
50399,0.761
50400,0.7613
50401,0.7612
50402,0.7611
50403,0.7602
50404,0.761
50405,0.7606
50406,0.7598
50407,0.7601
50408,0.7609
50409,0.7607
50410,0.7609
50411,0.7609
50412,0.76
50413,0.7608
50414,0.76
50415,0.76
50416,0.7599
50417,0.76
50418,0.7602
50419,0.7597
50420,0.7596
50421,0.7596
50422,0.7602
50423,0.76
50424,0.7604
50425,0.7604
50426,0.7605
50427,0.7596
50428,0.7608
50429,0.7605
50430,0.7606
50431,0.7604
50432,0.7609
50433,0.7605
50434,0.7601
50435,0.7602
50436,0.7606
50437,0.7603
50438,0.7605
50439,0.7605
50440,0.7611
50441,0.7611
50442,0.7614
50443,0.7612
50444,0.7608
50445,0.7613
50446,0.7612
50447,0.7612
50448,0.76
50449,0.7601
50450,0.761
50451,0.7602
50452,0.7603
50453,0.76
50454,0.7605
50455,0.761
50456,0.7608
50457,0.7583
50458,0.7585
50459,0.7596
50460,0.76
50461,0.7597
50462,0.7598
50463,0.76
50464,0.764
50465,0.7638
50466,0.7636
50467,0.7636
50468,0.7632
50469,0.7628
50470,0.7629
50471,0.7629
50472,0.7628
50473,0.7629
50474,0.7633
50475,0.7629
50476,0.7635
50477,0.7631
50478,0.7631
50479,0.7634
50480,0.7621
50481,0.7625
50482,0.7629
50483,0.7627
50484,0.7626
50485,0.7622
50486,0.7625
50487,0.7632
50488,0.7633
50489,0.7632
50490,0.7633
50491,0.7626
50492,0.7621
50493,0.7627
50494,0.7628
50495,0.7631
50496,0.7628
50497,0.7629
50498,0.7628
50499,0.7625
50500,0.7624
50501,0.7622
50502,0.7623
50503,0.762
50504,0.7619
50505,0.7613
50506,0.7619
50507,0.7604
50508,0.7594
50509,0.7604
50510,0.7605
50511,0.7608
50512,0.7605
50513,0.759
50514,0.7598
50515,0.7603
50516,0.7605
50517,0.7597
50518,0.7596
50519,0.7601
50520,0.7602
50521,0.7598
50522,0.7615
50523,0.7616
50524,0.7617
50525,0.7617
50526,0.7609
50527,0.7579
50528,0.7585
50529,0.7597
50530,0.76
50531,0.7604
50532,0.7607
50533,0.7602
50534,0.7602
50535,0.7601
50536,0.7603
50537,0.7605
50538,0.7603
50539,0.7604
50540,0.7601
50541,0.7605
50542,0.7607
50543,0.7611
50544,0.7604
50545,0.7604
50546,0.7609
50547,0.761
50548,0.7607
50549,0.7613
50550,0.7599
50551,0.7609
50552,0.7605
50553,0.7614
50554,0.7618
50555,0.7612
50556,0.761
50557,0.7619
50558,0.7612
50559,0.7611
50560,0.7611
50561,0.7607
50562,0.761
50563,0.7612
50564,0.7612
50565,0.7612
50566,0.761
50567,0.761
50568,0.7617
50569,0.7619
50570,0.7612
50571,0.7615
50572,0.7618
50573,0.7617
50574,0.7613
50575,0.7614
50576,0.7614
50577,0.7618
50578,0.7608
50579,0.7607
50580,0.7614
50581,0.7612
50582,0.761
50583,0.7611
50584,0.761
50585,0.7613
50586,0.7615
50587,0.7613
50588,0.7614
50589,0.7612
50590,0.7613
50591,0.7614
50592,0.7617
50593,0.7614
50594,0.7611
50595,0.761
50596,0.761
50597,0.7612
50598,0.7613
50599,0.7615
50600,0.7611
50601,0.7611
50602,0.761
50603,0.7616
50604,0.761
50605,0.7612
50606,0.7608
50607,0.7601
50608,0.7607
50609,0.7606
50610,0.7611
50611,0.7605
50612,0.7605
50613,0.7608
50614,0.7607
50615,0.7612
50616,0.7603
50617,0.76
50618,0.7604
50619,0.7604
50620,0.7603
50621,0.7609
50622,0.7604
50623,0.7607
50624,0.7603
50625,0.7607
50626,0.7604
50627,0.7607
50628,0.7596
50629,0.7597
50630,0.7605
50631,0.7597
50632,0.7603
50633,0.7599
50634,0.7604
50635,0.7603
50636,0.7599
50637,0.7604
50638,0.7604
50639,0.761
50640,0.7604
50641,0.7604
50642,0.7607
50643,0.762
50644,0.7619
50645,0.7612
50646,0.7614
50647,0.7612
50648,0.7609
50649,0.7608
50650,0.7607
50651,0.7608
50652,0.7605
50653,0.7611
50654,0.7609
50655,0.7608
50656,0.7608
50657,0.7601
50658,0.7604
50659,0.7607
50660,0.7607
50661,0.7608
50662,0.7606
50663,0.761
50664,0.7608
50665,0.7606
50666,0.7605
50667,0.7602
50668,0.7602
50669,0.7609
50670,0.7608
50671,0.7611
50672,0.7618
50673,0.7619
50674,0.7607
50675,0.7608
50676,0.7607
50677,0.7608
50678,0.7612
50679,0.761
50680,0.7613
50681,0.7609
50682,0.7609
50683,0.761
50684,0.7608
50685,0.7611
50686,0.7613
50687,0.7612
50688,0.7612
50689,0.761
50690,0.7616
50691,0.7609
50692,0.7615
50693,0.761
50694,0.7609
50695,0.7608
50696,0.7612
50697,0.7618
50698,0.7616
50699,0.7619
50700,0.7615
50701,0.7613
50702,0.7612
50703,0.7614
50704,0.762
50705,0.7621
50706,0.762
50707,0.7625
50708,0.7616
50709,0.7607
50710,0.7606
50711,0.7611
50712,0.7607
50713,0.7609
50714,0.761
50715,0.7611
50716,0.7614
50717,0.7615
50718,0.7618
50719,0.7618
50720,0.7619
50721,0.7619
50722,0.7617
50723,0.7621
50724,0.7624
50725,0.7623
50726,0.7561
50727,0.7562
50728,0.7563
50729,0.7566
50730,0.7568
50731,0.7581
50732,0.7576
50733,0.7581
50734,0.7588
50735,0.7588
50736,0.7596
50737,0.7598
50738,0.7596
50739,0.7598
50740,0.7596
50741,0.7595
50742,0.7596
50743,0.7597
50744,0.7597
50745,0.7601
50746,0.7606
50747,0.7603
50748,0.7608
50749,0.7604
50750,0.7607
50751,0.7609
50752,0.7611
50753,0.7617
50754,0.7613
50755,0.7609
50756,0.7617
50757,0.7591
50758,0.7595
50759,0.7593
50760,0.7597
50761,0.7599
50762,0.7605
50763,0.7605
50764,0.7608
50765,0.76
50766,0.7601
50767,0.7608
50768,0.7609
50769,0.761
50770,0.7609
50771,0.7611
50772,0.7613
50773,0.7613
50774,0.7612
50775,0.7609
50776,0.7608
50777,0.7606
50778,0.7608
50779,0.7611
50780,0.761
50781,0.7611
50782,0.761
50783,0.7614
50784,0.7615
50785,0.7612
50786,0.7615
50787,0.7608
50788,0.76
50789,0.7591
50790,0.7598
50791,0.7596
50792,0.7599
50793,0.7583
50794,0.7598
50795,0.7599
50796,0.7596
50797,0.7608
50798,0.7605
50799,0.761
50800,0.7604
50801,0.7613
50802,0.7611
50803,0.7606
50804,0.7611
50805,0.7613
50806,0.7609
50807,0.7609
50808,0.7601
50809,0.7605
50810,0.7609
50811,0.7618
50812,0.761
50813,0.7615
50814,0.7611
50815,0.7607
50816,0.7611
50817,0.7603
50818,0.7594
50819,0.7598
50820,0.7602
50821,0.7604
50822,0.7604
50823,0.7608
50824,0.7595
50825,0.7599
50826,0.7596
50827,0.7604
50828,0.7604
50829,0.7604
50830,0.761
50831,0.7621
50832,0.7613
50833,0.7613
50834,0.7614
50835,0.7612
50836,0.7611
50837,0.761
50838,0.761
50839,0.7612
50840,0.7616
50841,0.7609
50842,0.7611
50843,0.7612
50844,0.7607
50845,0.7613
50846,0.7611
50847,0.7611
50848,0.7605
50849,0.7612
50850,0.7613
50851,0.7617
50852,0.7614
50853,0.7606
50854,0.7607
50855,0.7609
50856,0.7615
50857,0.7609
50858,0.7609
50859,0.7614
50860,0.7606
50861,0.7609
50862,0.7609
50863,0.7603
50864,0.7606
50865,0.7612
50866,0.7611
50867,0.7605
50868,0.7601
50869,0.7606
50870,0.7609
50871,0.7606
50872,0.7607
50873,0.761
50874,0.7608
50875,0.7611
50876,0.7614
50877,0.7609
50878,0.7593
50879,0.7601
50880,0.7604
50881,0.7603
50882,0.7599
50883,0.7604
50884,0.7602
50885,0.7602
50886,0.761
50887,0.7597
50888,0.7596
50889,0.7597
50890,0.7598
50891,0.7594
50892,0.7591
50893,0.7589
50894,0.7596
50895,0.7595
50896,0.7602
50897,0.7599
50898,0.7602
50899,0.7604
50900,0.7608
50901,0.7607
50902,0.7606
50903,0.7602
50904,0.7597
50905,0.7598
50906,0.7596
50907,0.7603
50908,0.7607
50909,0.7604
50910,0.7599
50911,0.76
50912,0.7602
50913,0.7609
50914,0.7605
50915,0.7606
50916,0.7601
50917,0.76
50918,0.7596
50919,0.76
50920,0.7594
50921,0.76
50922,0.759
50923,0.7597
50924,0.7596
50925,0.7598
50926,0.7599
50927,0.7598
50928,0.7601
50929,0.7597
50930,0.7598
50931,0.7603
50932,0.7601
50933,0.7599
50934,0.7602
50935,0.7602
50936,0.7603
50937,0.7602
50938,0.7596
50939,0.76
50940,0.7596
50941,0.7598
50942,0.7597
50943,0.7598
50944,0.7601
50945,0.7602
50946,0.7606
50947,0.7601
50948,0.7604
50949,0.7605
50950,0.7603
50951,0.7598
50952,0.7604
50953,0.7605
50954,0.7602
50955,0.7602
50956,0.7605
50957,0.7605
50958,0.7607
50959,0.7608
50960,0.7597
50961,0.7591
50962,0.7589
50963,0.759
50964,0.7591
50965,0.7597
50966,0.7593
50967,0.7594
50968,0.7595
50969,0.7593
50970,0.7597
50971,0.7597
50972,0.7595
50973,0.7592
50974,0.7591
50975,0.7596
50976,0.7597
50977,0.76
50978,0.7594
50979,0.7604
50980,0.7602
50981,0.7599
50982,0.7596
50983,0.7602
50984,0.76
50985,0.7602
50986,0.7601
50987,0.7595
50988,0.7599
50989,0.7601
50990,0.7599
50991,0.76
50992,0.7603
50993,0.76
50994,0.7592
50995,0.7599
50996,0.7603
50997,0.76
50998,0.7601
50999,0.7601
51000,0.7585
51001,0.7591
51002,0.7592
51003,0.7595
51004,0.7596
51005,0.7601
51006,0.7597
51007,0.7595
51008,0.7599
51009,0.7598
51010,0.7584
51011,0.7593
51012,0.7597
51013,0.7595
51014,0.7591
51015,0.7592
51016,0.7584
51017,0.7587
51018,0.7598
51019,0.7598
51020,0.7592
51021,0.7594
51022,0.759
51023,0.7589
51024,0.7594
51025,0.7591
51026,0.7597
51027,0.76
51028,0.7596
51029,0.7594
51030,0.7597
51031,0.759
51032,0.7589
51033,0.7583
51034,0.759
51035,0.7588
51036,0.759
51037,0.7588
51038,0.7596
51039,0.7593
51040,0.7594
51041,0.7595
51042,0.7595
51043,0.76
51044,0.7602
51045,0.7601
51046,0.7596
51047,0.7598
51048,0.7596
51049,0.7593
51050,0.7594
51051,0.7595
51052,0.7591
51053,0.7594
51054,0.7591
51055,0.7584
51056,0.7588
51057,0.7589
51058,0.7596
51059,0.7601
51060,0.7576
51061,0.7571
51062,0.7564
51063,0.7557
51064,0.754
51065,0.7545
51066,0.7544
51067,0.7538
51068,0.7533
51069,0.7525
51070,0.7527
51071,0.7529
51072,0.7527
51073,0.7524
51074,0.7521
51075,0.7523
51076,0.752
51077,0.7528
51078,0.7528
51079,0.7525
51080,0.7526
51081,0.7532
51082,0.753
51083,0.7537
51084,0.7536
51085,0.7536
51086,0.7534
51087,0.7543
51088,0.7541
51089,0.7533
51090,0.7535
51091,0.7549
51092,0.7547
51093,0.7544
51094,0.7541
51095,0.7547
51096,0.754
51097,0.7543
51098,0.7531
51099,0.7537
51100,0.7533
51101,0.7536
51102,0.7535
51103,0.7536
51104,0.7538
51105,0.7537
51106,0.7531
51107,0.7535
51108,0.752
51109,0.7515
51110,0.7522
51111,0.7529
51112,0.7527
51113,0.7533
51114,0.7526
51115,0.7532
51116,0.7535
51117,0.7532
51118,0.752
51119,0.7523
51120,0.7534
51121,0.7533
51122,0.7533
51123,0.7533
51124,0.754
51125,0.7541
51126,0.7544
51127,0.7537
51128,0.753
51129,0.7529
51130,0.7528
51131,0.7528
51132,0.7525
51133,0.7525
51134,0.7529
51135,0.7525
51136,0.7529
51137,0.7529
51138,0.7533
51139,0.7537
51140,0.7535
51141,0.7532
51142,0.7535
51143,0.7509
51144,0.7517
51145,0.752
51146,0.7529
51147,0.7528
51148,0.7528
51149,0.7532
51150,0.7531
51151,0.7538
51152,0.7536
51153,0.7537
51154,0.7541
51155,0.7544
51156,0.7542
51157,0.7539
51158,0.7539
51159,0.7541
51160,0.7542
51161,0.754
51162,0.7539
51163,0.7509
51164,0.7507
51165,0.7508
51166,0.7515
51167,0.7523
51168,0.7519
51169,0.7518
51170,0.753
51171,0.7535
51172,0.7533
51173,0.7531
51174,0.7535
51175,0.7541
51176,0.7546
51177,0.7541
51178,0.7536
51179,0.7538
51180,0.7544
51181,0.7545
51182,0.7542
51183,0.754
51184,0.7534
51185,0.7537
51186,0.7529
51187,0.7529
51188,0.7532
51189,0.7526
51190,0.7527
51191,0.7529
51192,0.7526
51193,0.7532
51194,0.7532
51195,0.7534
51196,0.7532
51197,0.7527
51198,0.753
51199,0.7533
51200,0.7526
51201,0.7534
51202,0.7531
51203,0.7537
51204,0.7526
51205,0.753
51206,0.7532
51207,0.7524
51208,0.7531
51209,0.7532
51210,0.7537
51211,0.754
51212,0.753
51213,0.7533
51214,0.754
51215,0.754
51216,0.754
51217,0.7541
51218,0.7543
51219,0.7547
51220,0.7542
51221,0.7541
51222,0.7541
51223,0.7481
51224,0.7485
51225,0.7485
51226,0.75
51227,0.75
51228,0.7506
51229,0.7504
51230,0.7508
51231,0.7507
51232,0.7506
51233,0.7512
51234,0.7509
51235,0.7512
51236,0.7523
51237,0.7523
51238,0.7521
51239,0.7528
51240,0.7529
51241,0.753
51242,0.7517
51243,0.7526
51244,0.7525
51245,0.7534
51246,0.753
51247,0.7536
51248,0.7534
51249,0.754
51250,0.7543
51251,0.7532
51252,0.7534
51253,0.7528
51254,0.7526
51255,0.7519
51256,0.7523
51257,0.7542
51258,0.7542
51259,0.7546
51260,0.7545
51261,0.7542
51262,0.7539
51263,0.7536
51264,0.7546
51265,0.7539
51266,0.7536
51267,0.7532
51268,0.7532
51269,0.7541
51270,0.7538
51271,0.7536
51272,0.7529
51273,0.7538
51274,0.754
51275,0.7543
51276,0.754
51277,0.7535
51278,0.754
51279,0.7546
51280,0.7547
51281,0.7549
51282,0.7537
51283,0.7523
51284,0.7527
51285,0.7527
51286,0.7509
51287,0.7517
51288,0.7519
51289,0.7518
51290,0.7524
51291,0.752
51292,0.7531
51293,0.7535
51294,0.7546
51295,0.7505
51296,0.7511
51297,0.7516
51298,0.7528
51299,0.7529
51300,0.753
51301,0.7535
51302,0.7532
51303,0.7534
51304,0.7531
51305,0.7535
51306,0.7539
51307,0.7532
51308,0.7538
51309,0.7535
51310,0.7535
51311,0.7537
51312,0.7544
51313,0.7542
51314,0.7544
51315,0.7549
51316,0.7517
51317,0.7514
51318,0.7522
51319,0.753
51320,0.7532
51321,0.7531
51322,0.7528
51323,0.753
51324,0.7531
51325,0.7531
51326,0.753
51327,0.7532
51328,0.753
51329,0.7533
51330,0.7534
51331,0.7538
51332,0.7544
51333,0.7537
51334,0.7537
51335,0.754
51336,0.7538
51337,0.753
51338,0.7537
51339,0.7534
51340,0.7538
51341,0.7536
51342,0.7549
51343,0.7547
51344,0.7544
51345,0.7548
51346,0.7542
51347,0.7535
51348,0.7533
51349,0.7544
51350,0.7533
51351,0.7528
51352,0.7541
51353,0.7533
51354,0.7534
51355,0.7534
51356,0.7534
51357,0.7529
51358,0.7533
51359,0.7539
51360,0.7543
51361,0.7542
51362,0.7538
51363,0.7539
51364,0.7546
51365,0.7542
51366,0.7534
51367,0.7538
51368,0.754
51369,0.7538
51370,0.7535
51371,0.7532
51372,0.7536
51373,0.754
51374,0.7541
51375,0.7538
51376,0.7539
51377,0.7541
51378,0.7538
51379,0.7541
51380,0.7537
51381,0.7544
51382,0.7543
51383,0.7534
51384,0.7531
51385,0.7528
51386,0.753
51387,0.7536
51388,0.7537
51389,0.7539
51390,0.7538
51391,0.7536
51392,0.7535
51393,0.7542
51394,0.7542
51395,0.7545
51396,0.7549
51397,0.7547
51398,0.7546
51399,0.7547
51400,0.7549
51401,0.7535
51402,0.7539
51403,0.7544
51404,0.7526
51405,0.7526
51406,0.7534
51407,0.7534
51408,0.7533
51409,0.7532
51410,0.7536
51411,0.7532
51412,0.7535
51413,0.7537
51414,0.7538
51415,0.7541
51416,0.7543
51417,0.7543
51418,0.7542
51419,0.7547
51420,0.7532
51421,0.7539
51422,0.7536
51423,0.7546
51424,0.7543
51425,0.7543
51426,0.7546
51427,0.7543
51428,0.7545
51429,0.7541
51430,0.755
51431,0.7548
51432,0.7549
51433,0.755
51434,0.7551
51435,0.7549
51436,0.7545
51437,0.7538
51438,0.7542
51439,0.7551
51440,0.7535
51441,0.7534
51442,0.7536
51443,0.7535
51444,0.754
51445,0.7545
51446,0.7541
51447,0.7542
51448,0.754
51449,0.7544
51450,0.7546
51451,0.7543
51452,0.7546
51453,0.7535
51454,0.754
51455,0.7531
51456,0.7535
51457,0.7531
51458,0.7535
51459,0.7533
51460,0.7533
51461,0.7532
51462,0.7534
51463,0.753
51464,0.7522
51465,0.7522
51466,0.7531
51467,0.7529
51468,0.754
51469,0.7541
51470,0.7533
51471,0.7533
51472,0.7542
51473,0.7537
51474,0.7539
51475,0.7538
51476,0.7539
51477,0.7543
51478,0.7543
51479,0.7542
51480,0.754
51481,0.7545
51482,0.7542
51483,0.7539
51484,0.753
51485,0.753
51486,0.7533
51487,0.7526
51488,0.753
51489,0.7535
51490,0.7536
51491,0.7538
51492,0.7541
51493,0.7531
51494,0.7504
51495,0.7501
51496,0.7514
51497,0.7515
51498,0.7519
51499,0.7521
51500,0.7523
51501,0.7533
51502,0.7533
51503,0.7533
51504,0.7523
51505,0.7532
51506,0.7532
51507,0.7535
51508,0.7532
51509,0.7541
51510,0.7542
51511,0.7537
51512,0.7538
51513,0.7536
51514,0.7533
51515,0.7535
51516,0.7533
51517,0.7534
51518,0.7528
51519,0.7525
51520,0.7535
51521,0.753
51522,0.7532
51523,0.7533
51524,0.7536
51525,0.7538
51526,0.7535
51527,0.7538
51528,0.7532
51529,0.7532
51530,0.7529
51531,0.7542
51532,0.7538
51533,0.7536
51534,0.7549
51535,0.7545
51536,0.7545
51537,0.755
51538,0.7536
51539,0.7538
51540,0.7537
51541,0.7538
51542,0.7596
51543,0.7595
51544,0.7597
51545,0.7592
51546,0.7592
51547,0.7585
51548,0.7586
51549,0.7568
51550,0.7571
51551,0.7581
51552,0.7572
51553,0.7569
51554,0.7567
51555,0.757
51556,0.7566
51557,0.7571
51558,0.7567
51559,0.7571
51560,0.7571
51561,0.7575
51562,0.7573
51563,0.7571
51564,0.757
51565,0.757
51566,0.7566
51567,0.7569
51568,0.7555
51569,0.7563
51570,0.7557
51571,0.7555
51572,0.7573
51573,0.7569
51574,0.7568
51575,0.756
51576,0.7563
51577,0.7559
51578,0.756
51579,0.7566
51580,0.757
51581,0.7565
51582,0.7534
51583,0.7531
51584,0.7534
51585,0.7544
51586,0.7549
51587,0.7561
51588,0.7566
51589,0.7574
51590,0.7579
51591,0.7582
51592,0.7581
51593,0.7563
51594,0.7558
51595,0.7562
51596,0.7559
51597,0.7555
51598,0.757
51599,0.7567
51600,0.7569
51601,0.7573
51602,0.7571
51603,0.7578
51604,0.7581
51605,0.7577
51606,0.7579
51607,0.7575
51608,0.7571
51609,0.7566
51610,0.7572
51611,0.7569
51612,0.7569
51613,0.7574
51614,0.7556
51615,0.7551
51616,0.7549
51617,0.7559
51618,0.7563
51619,0.7564
51620,0.7568
51621,0.757
51622,0.7551
51623,0.7552
51624,0.756
51625,0.7566
51626,0.7565
51627,0.7566
51628,0.7569
51629,0.7566
51630,0.7563
51631,0.7567
51632,0.7567
51633,0.7573
51634,0.7573
51635,0.7572
51636,0.7569
51637,0.7573
51638,0.7569
51639,0.7567
51640,0.757
51641,0.7572
51642,0.758
51643,0.7579
51644,0.7576
51645,0.7581
51646,0.7574
51647,0.7575
51648,0.7571
51649,0.757
51650,0.7568
51651,0.7567
51652,0.7573
51653,0.7568
51654,0.7575
51655,0.7574
51656,0.7572
51657,0.7572
51658,0.7577
51659,0.7569
51660,0.7573
51661,0.757
51662,0.7569
51663,0.7564
51664,0.7562
51665,0.756
51666,0.7556
51667,0.756
51668,0.7558
51669,0.755
51670,0.755
51671,0.7566
51672,0.7562
51673,0.7564
51674,0.7563
51675,0.7568
51676,0.7561
51677,0.7562
51678,0.7557
51679,0.7563
51680,0.756
51681,0.7559
51682,0.7566
51683,0.7565
51684,0.7567
51685,0.7569
51686,0.7562
51687,0.757
51688,0.7572
51689,0.757
51690,0.7569
51691,0.7568
51692,0.7569
51693,0.7568
51694,0.7559
51695,0.7568
51696,0.7561
51697,0.757
51698,0.7567
51699,0.7567
51700,0.7563
51701,0.756
51702,0.7567
51703,0.7563
51704,0.7562
51705,0.7566
51706,0.7566
51707,0.7559
51708,0.7557
51709,0.7562
51710,0.7566
51711,0.7534
51712,0.7538
51713,0.7576
51714,0.7571
51715,0.7569
51716,0.7576
51717,0.7569
51718,0.7574
51719,0.7573
51720,0.7575
51721,0.7576
51722,0.7574
51723,0.7566
51724,0.7572
51725,0.7575
51726,0.7569
51727,0.7569
51728,0.7572
51729,0.7571
51730,0.7564
51731,0.7572
51732,0.7571
51733,0.756
51734,0.7559
51735,0.7555
51736,0.7551
51737,0.7558
51738,0.7555
51739,0.7557
51740,0.7556
51741,0.7556
51742,0.7553
51743,0.7553
51744,0.7558
51745,0.7563
51746,0.7567
51747,0.7568
51748,0.7567
51749,0.7571
51750,0.7565
51751,0.7561
51752,0.7567
51753,0.7568
51754,0.7571
51755,0.7571
51756,0.757
51757,0.7571
51758,0.7568
51759,0.7574
51760,0.7575
51761,0.7568
51762,0.7569
51763,0.7574
51764,0.7571
51765,0.7575
51766,0.7581
51767,0.7571
51768,0.7566
51769,0.7571
51770,0.7569
51771,0.7572
51772,0.7567
51773,0.7567
51774,0.7567
51775,0.7567
51776,0.7569
51777,0.7576
51778,0.757
51779,0.7577
51780,0.7572
51781,0.7569
51782,0.7572
51783,0.7578
51784,0.7575
51785,0.7574
51786,0.7583
51787,0.7571
51788,0.7572
51789,0.7568
51790,0.7572
51791,0.7576
51792,0.7576
51793,0.7563
51794,0.7567
51795,0.757
51796,0.7575
51797,0.7575
51798,0.7571
51799,0.7579
51800,0.7586
51801,0.758
51802,0.7585
51803,0.7574
51804,0.7579
51805,0.755
51806,0.7555
51807,0.7558
51808,0.7569
51809,0.7562
51810,0.7566
51811,0.7563
51812,0.7566
51813,0.7568
51814,0.7564
51815,0.7565
51816,0.7575
51817,0.7569
51818,0.757
51819,0.7574
51820,0.7571
51821,0.7567
51822,0.7566
51823,0.7571
51824,0.757
51825,0.7569
51826,0.7568
51827,0.7576
51828,0.7579
51829,0.7578
51830,0.7571
51831,0.7565
51832,0.7562
51833,0.7564
51834,0.7557
51835,0.7567
51836,0.7569
51837,0.7572
51838,0.7572
51839,0.7577
51840,0.757
51841,0.7572
51842,0.7569
51843,0.7572
51844,0.7565
51845,0.7571
51846,0.7567
51847,0.7574
51848,0.7575
51849,0.758
51850,0.758
51851,0.758
51852,0.7571
51853,0.7574
51854,0.7616
51855,0.757
51856,0.7575
51857,0.7571
51858,0.7574
51859,0.7471
51860,0.7472
51861,0.7623
51862,0.7552
51863,0.7558
51864,0.7546
51865,0.7559
51866,0.756
51867,0.7559
51868,0.7573
51869,0.7573
51870,0.7574
51871,0.7578
51872,0.7587
51873,0.7587
51874,0.7585
51875,0.7582
51876,0.7574
51877,0.7585
51878,0.7586
51879,0.7586
51880,0.7586
51881,0.7585
51882,0.7588
51883,0.758
51884,0.7588
51885,0.7589
51886,0.7585
51887,0.7584
51888,0.7577
51889,0.7581
51890,0.7587
51891,0.7592
51892,0.7587
51893,0.7587
51894,0.7583
51895,0.7588
51896,0.7586
51897,0.7576
51898,0.7578
51899,0.758
51900,0.7586
51901,0.7588
51902,0.7595
51903,0.7583
51904,0.7586
51905,0.7594
51906,0.7593
51907,0.759
51908,0.7595
51909,0.7597
51910,0.7592
51911,0.7595
51912,0.7591
51913,0.7601
51914,0.7595
51915,0.7591
51916,0.7594
51917,0.7592
51918,0.7593
51919,0.7594
51920,0.76
51921,0.7598
51922,0.7601
51923,0.76
51924,0.7568
51925,0.757
51926,0.7571
51927,0.7575
51928,0.7582
51929,0.7578
51930,0.7589
51931,0.7585
51932,0.7583
51933,0.7582
51934,0.7578
51935,0.7587
51936,0.7586
51937,0.7588
51938,0.7591
51939,0.7588
51940,0.7591
51941,0.7595
51942,0.7603
51943,0.76
51944,0.7591
51945,0.76
51946,0.7604
51947,0.7594
51948,0.7604
51949,0.7594
51950,0.7597
51951,0.7597
51952,0.7595
51953,0.7598
51954,0.7603
51955,0.76
51956,0.7603
51957,0.7605
51958,0.7604
51959,0.7602
51960,0.76
51961,0.7594
51962,0.7599
51963,0.7604
51964,0.7607
51965,0.7607
51966,0.7605
51967,0.7598
51968,0.7598
51969,0.7595
51970,0.76
51971,0.7601
51972,0.7599
51973,0.7603
51974,0.7599
51975,0.759
51976,0.7595
51977,0.759
51978,0.7588
51979,0.7588
51980,0.7587
51981,0.7585
51982,0.7598
51983,0.7581
51984,0.7588
51985,0.7595
51986,0.7594
51987,0.7596
51988,0.7595
51989,0.759
51990,0.759
51991,0.7595
51992,0.7592
51993,0.7595
51994,0.759
51995,0.7577
51996,0.7586
51997,0.7586
51998,0.759
51999,0.7587
52000,0.7591
52001,0.7589
52002,0.7595
52003,0.7594
52004,0.7595
52005,0.7594
52006,0.7595
52007,0.7595
52008,0.7593
52009,0.7593
52010,0.7597
52011,0.7596
52012,0.7594
52013,0.7594
52014,0.7595
52015,0.7586
52016,0.7591
52017,0.7588
52018,0.7591
52019,0.7562
52020,0.7565
52021,0.7577
52022,0.7575
52023,0.7582
52024,0.7591
52025,0.7596
52026,0.7584
52027,0.759
52028,0.7593
52029,0.7591
52030,0.7592
52031,0.7595
52032,0.7599
52033,0.7592
52034,0.7593
52035,0.7597
52036,0.7594
52037,0.759
52038,0.7588
52039,0.7594
52040,0.7596
52041,0.7597
52042,0.7598
52043,0.7599
52044,0.7598
52045,0.7601
52046,0.7597
52047,0.7603
52048,0.7602
52049,0.7597
52050,0.7598
52051,0.7595
52052,0.7595
52053,0.7594
52054,0.7598
52055,0.7598
52056,0.7595
52057,0.7602
52058,0.7599
52059,0.7602
52060,0.7605
52061,0.7603
52062,0.7614
52063,0.7613
52064,0.7606
52065,0.7602
52066,0.7601
52067,0.76
52068,0.7602
52069,0.7596
52070,0.7595
52071,0.7593
52072,0.7592
52073,0.759
52074,0.7592
52075,0.7598
52076,0.7598
52077,0.7601
52078,0.7592
52079,0.7598
52080,0.7597
52081,0.7593
52082,0.7589
52083,0.759
52084,0.7594
52085,0.7593
52086,0.7593
52087,0.7599
52088,0.7603
52089,0.7599
52090,0.7599
52091,0.7594
52092,0.7598
52093,0.7597
52094,0.7595
52095,0.7596
52096,0.7595
52097,0.7597
52098,0.7593
52099,0.7591
52100,0.7591
52101,0.7593
52102,0.7587
52103,0.7581
52104,0.7591
52105,0.7582
52106,0.7587
52107,0.7592
52108,0.7592
52109,0.7588
52110,0.7587
52111,0.7587
52112,0.7591
52113,0.7592
52114,0.7594
52115,0.7588
52116,0.7586
52117,0.7588
52118,0.7588
52119,0.7582
52120,0.7583
52121,0.7585
52122,0.7589
52123,0.7591
52124,0.7599
52125,0.7591
52126,0.7588
52127,0.7584
52128,0.7588
52129,0.7586
52130,0.7592
52131,0.7589
52132,0.7591
52133,0.7596
52134,0.7593
52135,0.7593
52136,0.7601
52137,0.7595
52138,0.7592
52139,0.7592
52140,0.759
52141,0.7591
52142,0.7598
52143,0.7596
52144,0.7592
52145,0.7594
52146,0.7591
52147,0.7591
52148,0.7594
52149,0.7596
52150,0.7585
52151,0.7588
52152,0.7589
52153,0.7593
52154,0.7595
52155,0.7604
52156,0.7605
52157,0.759
52158,0.7587
52159,0.7584
52160,0.7588
52161,0.7583
52162,0.7578
52163,0.7575
52164,0.7582
52165,0.7585
52166,0.7588
52167,0.7591
52168,0.7594
52169,0.7588
52170,0.7586
52171,0.7588
52172,0.7588
52173,0.7588
52174,0.7591
52175,0.7591
52176,0.7587
52177,0.7594
52178,0.7597
52179,0.7596
52180,0.7596
52181,0.759
52182,0.7591
52183,0.7589
52184,0.7591
52185,0.7598
52186,0.7602
52187,0.7605
52188,0.7601
52189,0.7596
52190,0.7597
52191,0.7595
52192,0.7595
52193,0.7596
52194,0.7597
52195,0.7601
52196,0.7599
52197,0.7594
52198,0.7593
52199,0.7593
52200,0.7589
52201,0.7588
52202,0.7591
52203,0.7589
52204,0.7582
52205,0.7587
52206,0.7579
52207,0.7581
52208,0.758
52209,0.7583
52210,0.7585
52211,0.7585
52212,0.7588
52213,0.7591
52214,0.7584
52215,0.759
52216,0.7589
52217,0.7588
52218,0.7592
52219,0.7592
52220,0.7595
52221,0.7588
52222,0.7588
52223,0.7556
52224,0.7558
52225,0.7563
52226,0.7562
52227,0.7565
52228,0.7567
52229,0.757
52230,0.7577
52231,0.7574
52232,0.758
52233,0.7582
52234,0.759
52235,0.7587
52236,0.7591
52237,0.7584
52238,0.7579
52239,0.7587
52240,0.7589
52241,0.7594
52242,0.7595
52243,0.7596
52244,0.7589
52245,0.7588
52246,0.7586
52247,0.7588
52248,0.7584
52249,0.7585
52250,0.7593
52251,0.7591
52252,0.7595
52253,0.7597
52254,0.7598
52255,0.7597
52256,0.7594
52257,0.7596
52258,0.7598
52259,0.7596
52260,0.7599
52261,0.7598
52262,0.7598
52263,0.7594
52264,0.7595
52265,0.7597
52266,0.7594
52267,0.7595
52268,0.7595
52269,0.7599
52270,0.7604
52271,0.7594
52272,0.76
52273,0.7596
52274,0.7598
52275,0.7596
52276,0.7597
52277,0.7597
52278,0.7595
52279,0.7599
52280,0.7598
52281,0.7601
52282,0.7601
52283,0.7605
52284,0.76
52285,0.7603
52286,0.7599
52287,0.7597
52288,0.7596
52289,0.7599
52290,0.76
52291,0.7601
52292,0.7582
52293,0.7589
52294,0.76
52295,0.7599
52296,0.7596
52297,0.759
52298,0.7589
52299,0.759
52300,0.759
52301,0.7592
52302,0.7597
52303,0.7595
52304,0.7593
52305,0.7596
52306,0.76
52307,0.7597
52308,0.7455
52309,0.7557
52310,0.7555
52311,0.7562
52312,0.7564
52313,0.7565
52314,0.757
52315,0.7577
52316,0.7578
52317,0.7576
52318,0.7572
52319,0.7574
52320,0.7574
52321,0.7579
52322,0.7587
52323,0.7583
52324,0.7587
52325,0.7587
52326,0.7584
52327,0.7585
52328,0.7591
52329,0.7587
52330,0.7588
52331,0.7593
52332,0.7598
52333,0.7584
52334,0.7584
52335,0.7588
52336,0.7588
52337,0.7594
52338,0.759
52339,0.759
52340,0.7592
52341,0.7592
52342,0.7594
52343,0.7594
52344,0.7588
52345,0.7588
52346,0.7579
52347,0.7583
52348,0.7588
52349,0.7593
52350,0.7593
52351,0.7593
52352,0.7593
52353,0.7595
52354,0.7589
52355,0.7592
52356,0.7591
52357,0.7591
52358,0.7596
52359,0.7592
52360,0.76
52361,0.7603
52362,0.7601
52363,0.7601
52364,0.7605
52365,0.7603
52366,0.7604
52367,0.7603
52368,0.7592
52369,0.7597
52370,0.7594
52371,0.7592
52372,0.7592
52373,0.7597
52374,0.7535
52375,0.7535
52376,0.7549
52377,0.7548
52378,0.7554
52379,0.7557
52380,0.7557
52381,0.7559
52382,0.7556
52383,0.7563
52384,0.7565
52385,0.7567
52386,0.7572
52387,0.7575
52388,0.7578
52389,0.7578
52390,0.7574
52391,0.7577
52392,0.7573
52393,0.7578
52394,0.7577
52395,0.7576
52396,0.7583
52397,0.758
52398,0.7581
52399,0.7585
52400,0.7583
52401,0.7588
52402,0.7586
52403,0.7589
52404,0.7578
52405,0.7584
52406,0.7586
52407,0.7592
52408,0.7597
52409,0.7583
52410,0.7575
52411,0.7581
52412,0.7581
52413,0.758
52414,0.7585
52415,0.7587
52416,0.7584
52417,0.7591
52418,0.759
52419,0.7583
52420,0.7592
52421,0.7589
52422,0.7595
52423,0.7597
52424,0.7595
52425,0.7598
52426,0.7596
52427,0.7579
52428,0.7577
52429,0.7581
52430,0.7593
52431,0.7594
52432,0.7596
52433,0.7597
52434,0.759
52435,0.7589
52436,0.7557
52437,0.7561
52438,0.7573
52439,0.7579
52440,0.7579
52441,0.7578
52442,0.7579
52443,0.7583
52444,0.7587
52445,0.7586
52446,0.7588
52447,0.7593
52448,0.7591
52449,0.7589
52450,0.7589
52451,0.7587
52452,0.7586
52453,0.7592
52454,0.759
52455,0.7594
52456,0.7585
52457,0.7585
52458,0.7588
52459,0.759
52460,0.7592
52461,0.7593
52462,0.7596
52463,0.7593
52464,0.7594
52465,0.7593
52466,0.7591
52467,0.7594
52468,0.7594
52469,0.7597
52470,0.7594
52471,0.7595
52472,0.7595
52473,0.7592
52474,0.7594
52475,0.7596
52476,0.7545
52477,0.7552
52478,0.7551
52479,0.7557
52480,0.7562
52481,0.7559
52482,0.7563
52483,0.7566
52484,0.7572
52485,0.7571
52486,0.7566
52487,0.7575
52488,0.7574
52489,0.7573
52490,0.7578
52491,0.7579
52492,0.7576
52493,0.7575
52494,0.7577
52495,0.7579
52496,0.758
52497,0.7579
52498,0.7581
52499,0.758
52500,0.7581
52501,0.7583
52502,0.7584
52503,0.7587
52504,0.7583
52505,0.7581
52506,0.7582
52507,0.7581
52508,0.7581
52509,0.7582
52510,0.7577
52511,0.7577
52512,0.7574
52513,0.7574
52514,0.7581
52515,0.7577
52516,0.7579
52517,0.7579
52518,0.7584
52519,0.757
52520,0.757
52521,0.757
52522,0.7574
52523,0.7577
52524,0.7578
52525,0.7574
52526,0.7572
52527,0.7571
52528,0.7575
52529,0.7587
52530,0.7583
52531,0.7583
52532,0.7586
52533,0.759
52534,0.7582
52535,0.7585
52536,0.7588
52537,0.7589
52538,0.7583
52539,0.7579
52540,0.758
52541,0.7582
52542,0.7582
52543,0.7585
52544,0.7582
52545,0.7585
52546,0.7586
52547,0.759
52548,0.7591
52549,0.7588
52550,0.7588
52551,0.7582
52552,0.7583
52553,0.7587
52554,0.7584
52555,0.7587
52556,0.7588
52557,0.7582
52558,0.7586
52559,0.7587
52560,0.7591
52561,0.7592
52562,0.7584
52563,0.7585
52564,0.7586
52565,0.7569
52566,0.7585
52567,0.7586
52568,0.7589
52569,0.7578
52570,0.7579
52571,0.7584
52572,0.7573
52573,0.7572
52574,0.7581
52575,0.7581
52576,0.758
52577,0.7579
52578,0.7573
52579,0.7581
52580,0.7589
52581,0.7586
52582,0.7584
52583,0.7587
52584,0.759
52585,0.759
52586,0.7589
52587,0.7593
52588,0.7593
52589,0.7585
52590,0.7583
52591,0.7585
52592,0.7586
52593,0.7585
52594,0.759
52595,0.7585
52596,0.7582
52597,0.7583
52598,0.758
52599,0.7586
52600,0.7583
52601,0.7595
52602,0.7596
52603,0.7591
52604,0.7593
52605,0.7591
52606,0.7586
52607,0.758
52608,0.7581
52609,0.7579
52610,0.7575
52611,0.7565
52612,0.7569
52613,0.7566
52614,0.7572
52615,0.7568
52616,0.7578
52617,0.7578
52618,0.7579
52619,0.7576
52620,0.7578
52621,0.7583
52622,0.7582
52623,0.7582
52624,0.7586
52625,0.7573
52626,0.7576
52627,0.7571
52628,0.7576
52629,0.7576
52630,0.758
52631,0.7581
52632,0.7579
52633,0.758
52634,0.7579
52635,0.7581
52636,0.7579
52637,0.7579
52638,0.7582
52639,0.7582
52640,0.7583
52641,0.7583
52642,0.7585
52643,0.7578
52644,0.7579
52645,0.7583
52646,0.7579
52647,0.7577
52648,0.7578
52649,0.7576
52650,0.7581
52651,0.758
52652,0.7578
52653,0.7583
52654,0.7579
52655,0.7582
52656,0.7586
52657,0.7585
52658,0.7589
52659,0.7582
52660,0.7583
52661,0.758
52662,0.7582
52663,0.7582
52664,0.7585
52665,0.7583
52666,0.7584
52667,0.7578
52668,0.7574
52669,0.7584
52670,0.758
52671,0.7584
52672,0.7578
52673,0.758
52674,0.7583
52675,0.7586
52676,0.758
52677,0.7586
52678,0.7583
52679,0.758
52680,0.7586
52681,0.7585
52682,0.7583
52683,0.7585
52684,0.7586
52685,0.7582
52686,0.7583
52687,0.7585
52688,0.7586
52689,0.7582
52690,0.7586
52691,0.7583
52692,0.7583
52693,0.7586
52694,0.7584
52695,0.7582
52696,0.7583
52697,0.7584
52698,0.7583
52699,0.7578
52700,0.7576
52701,0.7577
52702,0.7584
52703,0.7568
52704,0.7572
52705,0.7577
52706,0.7578
52707,0.7578
52708,0.7578
52709,0.7583
52710,0.7584
52711,0.7581
52712,0.7581
52713,0.7588
52714,0.7586
52715,0.7586
52716,0.7585
52717,0.7591
52718,0.7588
52719,0.7588
52720,0.7592
52721,0.759
52722,0.7589
52723,0.759
52724,0.759
52725,0.7587
52726,0.7588
52727,0.7589
52728,0.7586
52729,0.7582
52730,0.7576
52731,0.7571
52732,0.7577
52733,0.7579
52734,0.7568
52735,0.7575
52736,0.7575
52737,0.7577
52738,0.7577
52739,0.7575
52740,0.7579
52741,0.7577
52742,0.7568
52743,0.7569
52744,0.7575
52745,0.7579
52746,0.7573
52747,0.7574
52748,0.7571
52749,0.7572
52750,0.757
52751,0.7574
52752,0.7576
52753,0.7577
52754,0.7578
52755,0.7581
52756,0.7579
52757,0.7577
52758,0.7574
52759,0.7577
52760,0.758
52761,0.7578
52762,0.7576
52763,0.7577
52764,0.7579
52765,0.758
52766,0.7577
52767,0.7576
52768,0.7581
52769,0.7579
52770,0.7582
52771,0.7578
52772,0.7576
52773,0.7579
52774,0.7577
52775,0.7574
52776,0.7576
52777,0.7573
52778,0.7573
52779,0.7577
52780,0.7579
52781,0.7574
52782,0.7577
52783,0.7578
52784,0.7572
52785,0.7571
52786,0.7575
52787,0.7579
52788,0.7576
52789,0.7579
52790,0.7581
52791,0.7576
52792,0.7586
52793,0.7585
52794,0.7581
52795,0.7578
52796,0.7584
52797,0.7572
52798,0.7574
52799,0.7575
52800,0.7576
52801,0.7573
52802,0.7574
52803,0.7575
52804,0.7584
52805,0.758
52806,0.7583
52807,0.7588
52808,0.7581
52809,0.7585
52810,0.7582
52811,0.7581
52812,0.7579
52813,0.7582
52814,0.7583
52815,0.7582
52816,0.7584
52817,0.7584
52818,0.7583
52819,0.7581
52820,0.7582
52821,0.7583
52822,0.758
52823,0.7582
52824,0.758
52825,0.7584
52826,0.7586
52827,0.7579
52828,0.7581
52829,0.7579
52830,0.7574
52831,0.7579
52832,0.7579
52833,0.7577
52834,0.7584
52835,0.758
52836,0.7581
52837,0.7584
52838,0.7582
52839,0.7585
52840,0.7575
52841,0.7562
52842,0.7562
52843,0.7562
52844,0.7564
52845,0.7561
52846,0.7564
52847,0.7558
52848,0.7552
52849,0.7561
52850,0.7566
52851,0.7561
52852,0.7565
52853,0.7567
52854,0.7573
52855,0.7574
52856,0.7575
52857,0.7583
52858,0.7576
52859,0.7572
52860,0.757
52861,0.7574
52862,0.7573
52863,0.7577
52864,0.7576
52865,0.7579
52866,0.758
52867,0.7579
52868,0.7579
52869,0.7579
52870,0.7575
52871,0.7578
52872,0.7578
52873,0.7579
52874,0.7578
52875,0.7581
52876,0.7585
52877,0.7589
52878,0.756
52879,0.7558
52880,0.7559
52881,0.7554
52882,0.7558
52883,0.7562
52884,0.7564
52885,0.7571
52886,0.757
52887,0.7572
52888,0.7569
52889,0.757
52890,0.7572
52891,0.757
52892,0.7573
52893,0.758
52894,0.7584
52895,0.7582
52896,0.7581
52897,0.7578
52898,0.758
52899,0.7576
52900,0.7578
52901,0.7575
52902,0.7577
52903,0.7576
52904,0.7577
52905,0.7577
52906,0.7579
52907,0.7576
52908,0.7574
52909,0.7574
52910,0.7575
52911,0.7575
52912,0.757
52913,0.7574
52914,0.7576
52915,0.757
52916,0.7572
52917,0.7577
52918,0.7575
52919,0.757
52920,0.7571
52921,0.7577
52922,0.7579
52923,0.7577
52924,0.7579
52925,0.7576
52926,0.758
52927,0.7566
52928,0.7571
52929,0.7577
52930,0.7581
52931,0.7577
52932,0.7577
52933,0.7577
52934,0.7577
52935,0.7577
52936,0.758
52937,0.7578
52938,0.7572
52939,0.757
52940,0.7563
52941,0.7562
52942,0.7561
52943,0.7569
52944,0.7572
52945,0.7575
52946,0.7571
52947,0.7569
52948,0.7572
52949,0.7569
52950,0.7566
52951,0.7566
52952,0.7564
52953,0.7559
52954,0.7561
52955,0.756
52956,0.7564
52957,0.7562
52958,0.7566
52959,0.7566
52960,0.7563
52961,0.7567
52962,0.7561
52963,0.7566
52964,0.7573
52965,0.7571
52966,0.7571
52967,0.757
52968,0.7567
52969,0.7566
52970,0.7568
52971,0.7562
52972,0.7569
52973,0.7573
52974,0.757
52975,0.7575
52976,0.7576
52977,0.7575
52978,0.7574
52979,0.7574
52980,0.7475
52981,0.7486
52982,0.7486
52983,0.7488
52984,0.7493
52985,0.7493
52986,0.7497
52987,0.7497
52988,0.7493
52989,0.7593
52990,0.759
52991,0.7589
52992,0.759
52993,0.7594
52994,0.76
52995,0.7598
52996,0.7598
52997,0.7601
52998,0.7608
52999,0.7491
53000,0.75
53001,0.7508
53002,0.7516
53003,0.7516
53004,0.752
53005,0.7535
53006,0.7527
53007,0.7538
53008,0.7532
53009,0.7534
53010,0.7535
53011,0.7531
53012,0.753
53013,0.7535
53014,0.7536
53015,0.7536
53016,0.7532
53017,0.7535
53018,0.753
53019,0.7538
53020,0.7537
53021,0.7539
53022,0.7544
53023,0.7545
53024,0.754
53025,0.7541
53026,0.7541
53027,0.7545
53028,0.755
53029,0.7556
53030,0.7563
53031,0.7556
53032,0.7555
53033,0.7551
53034,0.7561
53035,0.7563
53036,0.7565
53037,0.7569
53038,0.7569
53039,0.7568
53040,0.7569
53041,0.7571
53042,0.7573
53043,0.7572
53044,0.7563
53045,0.7564
53046,0.757
53047,0.7568
53048,0.7572
53049,0.7567
53050,0.7575
53051,0.7574
53052,0.7576
53053,0.7584
53054,0.7582
53055,0.7582
53056,0.7584
53057,0.757
53058,0.7582
53059,0.7579
53060,0.7587
53061,0.7584
53062,0.7577
53063,0.7576
53064,0.7576
53065,0.758
53066,0.7549
53067,0.7553
53068,0.7554
53069,0.7554
53070,0.7556
53071,0.7562
53072,0.7558
53073,0.7563
53074,0.7566
53075,0.7568
53076,0.7576
53077,0.7577
53078,0.7578
53079,0.7577
53080,0.7573
53081,0.7578
53082,0.7576
53083,0.7583
53084,0.7586
53085,0.7588
53086,0.7586
53087,0.7585
53088,0.7588
53089,0.7586
53090,0.7588
53091,0.7587
53092,0.7584
53093,0.7585
53094,0.7586
53095,0.7592
53096,0.7587
53097,0.7588
53098,0.7586
53099,0.7585
53100,0.7586
53101,0.7587
53102,0.7585
53103,0.7582
53104,0.7581
53105,0.7583
53106,0.7581
53107,0.7585
53108,0.7587
53109,0.7586
53110,0.7584
53111,0.7585
53112,0.7591
53113,0.7585
53114,0.7527
53115,0.7523
53116,0.7524
53117,0.753
53118,0.7536
53119,0.754
53120,0.755
53121,0.7549
53122,0.7544
53123,0.7543
53124,0.7548
53125,0.755
53126,0.7553
53127,0.7552
53128,0.755
53129,0.7553
53130,0.755
53131,0.7552
53132,0.7555
53133,0.7552
53134,0.7555
53135,0.756
53136,0.7554
53137,0.7558
53138,0.7554
53139,0.7557
53140,0.7556
53141,0.7554
53142,0.7551
53143,0.7549
53144,0.7544
53145,0.7548
53146,0.7543
53147,0.7543
53148,0.7547
53149,0.7545
53150,0.7548
53151,0.7549
53152,0.7552
53153,0.7556
53154,0.7558
53155,0.7555
53156,0.7558
53157,0.7557
53158,0.7553
53159,0.756
53160,0.7568
53161,0.757
53162,0.757
53163,0.7579
53164,0.7576
53165,0.7578
53166,0.7583
53167,0.7581
53168,0.7579
53169,0.7578
53170,0.7575
53171,0.7576
53172,0.7552
53173,0.7559
53174,0.7562
53175,0.7559
53176,0.7561
53177,0.7564
53178,0.7563
53179,0.7569
53180,0.7571
53181,0.7568
53182,0.7566
53183,0.7568
53184,0.7572
53185,0.7571
53186,0.7569
53187,0.7575
53188,0.7581
53189,0.7577
53190,0.7575
53191,0.758
53192,0.7581
53193,0.7581
53194,0.7586
53195,0.7569
53196,0.7575
53197,0.7572
53198,0.7577
53199,0.7572
53200,0.7575
53201,0.758
53202,0.7572
53203,0.757
53204,0.7572
53205,0.7572
53206,0.7575
53207,0.7577
53208,0.7574
53209,0.7571
53210,0.7568
53211,0.7569
53212,0.7576
53213,0.7577
53214,0.7575
53215,0.7571
53216,0.7576
53217,0.7581
53218,0.7578
53219,0.7562
53220,0.7564
53221,0.7566
53222,0.7572
53223,0.7577
53224,0.7579
53225,0.7571
53226,0.7578
53227,0.7569
53228,0.7567
53229,0.7559
53230,0.7567
53231,0.7577
53232,0.7571
53233,0.7573
53234,0.7573
53235,0.7574
53236,0.7576
53237,0.7578
53238,0.7577
53239,0.758
53240,0.7573
53241,0.758
53242,0.7582
53243,0.7579
53244,0.7582
53245,0.7582
53246,0.758
53247,0.7579
53248,0.7585
53249,0.7576
53250,0.7573
53251,0.7576
53252,0.7578
53253,0.7573
53254,0.7579
53255,0.7579
53256,0.7583
53257,0.7576
53258,0.7577
53259,0.7608
53260,0.761
53261,0.7611
53262,0.7613
53263,0.7602
53264,0.7602
53265,0.7599
53266,0.7596
53267,0.7597
53268,0.7602
53269,0.76
53270,0.7602
53271,0.7609
53272,0.7614
53273,0.7613
53274,0.7613
53275,0.7605
53276,0.7609
53277,0.7605
53278,0.7608
53279,0.7606
53280,0.76
53281,0.7593
53282,0.7599
53283,0.7577
53284,0.7581
53285,0.7572
53286,0.7584
53287,0.7582
53288,0.7588
53289,0.7589
53290,0.7582
53291,0.7581
53292,0.7589
53293,0.7596
53294,0.7602
53295,0.7577
53296,0.7578
53297,0.7566
53298,0.757
53299,0.7572
53300,0.7576
53301,0.7579
53302,0.7585
53303,0.7581
53304,0.7582
53305,0.7587
53306,0.759
53307,0.7592
53308,0.7584
53309,0.7582
53310,0.7586
53311,0.7585
53312,0.7587
53313,0.7589
53314,0.7588
53315,0.7579
53316,0.758
53317,0.7585
53318,0.7587
53319,0.7593
53320,0.7595
53321,0.7582
53322,0.7586
53323,0.7587
53324,0.7589
53325,0.7591
53326,0.7599
53327,0.7601
53328,0.7599
53329,0.7589
53330,0.7589
53331,0.7585
53332,0.7564
53333,0.7565
53334,0.7575
53335,0.7571
53336,0.7575
53337,0.7575
53338,0.7579
53339,0.7578
53340,0.7575
53341,0.7579
53342,0.7574
53343,0.7576
53344,0.7574
53345,0.7572
53346,0.7571
53347,0.7575
53348,0.7575
53349,0.7574
53350,0.7572
53351,0.7573
53352,0.7576
53353,0.7571
53354,0.7577
53355,0.7576
53356,0.758
53357,0.7578
53358,0.7573
53359,0.7575
53360,0.7581
53361,0.758
53362,0.7578
53363,0.7582
53364,0.7584
53365,0.7584
53366,0.758
53367,0.7586
53368,0.7592
53369,0.7593
53370,0.7595
53371,0.7588
53372,0.7588
53373,0.759
53374,0.7593
53375,0.7593
53376,0.757
53377,0.7571
53378,0.7574
53379,0.7575
53380,0.7576
53381,0.7577
53382,0.757
53383,0.7571
53384,0.7577
53385,0.7579
53386,0.7579
53387,0.7581
53388,0.7581
53389,0.7579
53390,0.7571
53391,0.7572
53392,0.7575
53393,0.7577
53394,0.7577
53395,0.7578
53396,0.7585
53397,0.7583
53398,0.7583
53399,0.7584
53400,0.7585
53401,0.7582
53402,0.7586
53403,0.7585
53404,0.7576
53405,0.7579
53406,0.7582
53407,0.7581
53408,0.7581
53409,0.7572
53410,0.7581
53411,0.757
53412,0.7577
53413,0.7583
53414,0.7576
53415,0.7581
53416,0.7579
53417,0.7583
53418,0.7582
53419,0.7579
53420,0.7583
53421,0.7578
53422,0.757
53423,0.7574
53424,0.7576
53425,0.7578
53426,0.7581
53427,0.7585
53428,0.7587
53429,0.7584
53430,0.7587
53431,0.7592
53432,0.7592
53433,0.7594
53434,0.7593
53435,0.7595
53436,0.7588
53437,0.7586
53438,0.7591
53439,0.7589
53440,0.7589
53441,0.7581
53442,0.7579
53443,0.7591
53444,0.759
53445,0.7587
53446,0.7592
53447,0.759
53448,0.7591
53449,0.7585
53450,0.7591
53451,0.7586
53452,0.7591
53453,0.7593
53454,0.7592
53455,0.7595
53456,0.7591
53457,0.7588
53458,0.7583
53459,0.7586
53460,0.7589
53461,0.7588
53462,0.7592
53463,0.7589
53464,0.7591
53465,0.7594
53466,0.7588
53467,0.7589
53468,0.7594
53469,0.7597
53470,0.7592
53471,0.7593
53472,0.7596
53473,0.7593
53474,0.7598
53475,0.759
53476,0.759
53477,0.7581
53478,0.7583
53479,0.758
53480,0.758
53481,0.7587
53482,0.7588
53483,0.7589
53484,0.7587
53485,0.7572
53486,0.7574
53487,0.7575
53488,0.7575
53489,0.7582
53490,0.7585
53491,0.7583
53492,0.758
53493,0.7583
53494,0.7576
53495,0.7578
53496,0.7583
53497,0.7587
53498,0.7585
53499,0.7585
53500,0.7588
53501,0.7588
53502,0.759
53503,0.7587
53504,0.7591
53505,0.7591
53506,0.7587
53507,0.7588
53508,0.7582
53509,0.7585
53510,0.758
53511,0.7577
53512,0.7584
53513,0.7585
53514,0.7588
53515,0.7575
53516,0.7585
53517,0.7587
53518,0.758
53519,0.7578
53520,0.7587
53521,0.759
53522,0.7587
53523,0.7589
53524,0.7589
53525,0.7589
53526,0.7589
53527,0.7586
53528,0.7588
53529,0.7587
53530,0.7583
53531,0.7592
53532,0.7586
53533,0.7594
53534,0.7589
53535,0.7591
53536,0.7577
53537,0.7576
53538,0.7579
53539,0.758
53540,0.7581
53541,0.7581
53542,0.7581
53543,0.7582
53544,0.7577
53545,0.7579
53546,0.7579
53547,0.7582
53548,0.7581
53549,0.7582
53550,0.7587
53551,0.7586
53552,0.7586
53553,0.7587
53554,0.7587
53555,0.759
53556,0.7586
53557,0.759
53558,0.759
53559,0.7587
53560,0.7588
53561,0.7583
53562,0.7588
53563,0.7592
53564,0.7581
53565,0.7587
53566,0.7586
53567,0.7578
53568,0.7581
53569,0.7588
53570,0.7591
53571,0.7579
53572,0.7572
53573,0.7576
53574,0.7577
53575,0.7576
53576,0.7578
53577,0.7579
53578,0.7581
53579,0.7587
53580,0.7586
53581,0.7584
53582,0.7588
53583,0.7586
53584,0.7585
53585,0.7581
53586,0.758
53587,0.7582
53588,0.7583
53589,0.7588
53590,0.7584
53591,0.7589
53592,0.7589
53593,0.7583
53594,0.7584
53595,0.759
53596,0.759
53597,0.7592
53598,0.7592
53599,0.7589
53600,0.7594
53601,0.7572
53602,0.7571
53603,0.7575
53604,0.7577
53605,0.7577
53606,0.7575
53607,0.7576
53608,0.7578
53609,0.7578
53610,0.7582
53611,0.7581
53612,0.7578
53613,0.7576
53614,0.758
53615,0.7578
53616,0.7571
53617,0.758
53618,0.7577
53619,0.758
53620,0.7583
53621,0.7589
53622,0.7578
53623,0.758
53624,0.7583
53625,0.7585
53626,0.7571
53627,0.7571
53628,0.7574
53629,0.757
53630,0.7567
53631,0.7569
53632,0.7575
53633,0.7566
53634,0.7565
53635,0.7564
53636,0.7575
53637,0.7565
53638,0.758
53639,0.7573
53640,0.757
53641,0.7576
53642,0.7571
53643,0.7573
53644,0.7575
53645,0.7571
53646,0.7575
53647,0.7573
53648,0.7579
53649,0.7579
53650,0.7573
53651,0.7569
53652,0.7576
53653,0.7576
53654,0.757
53655,0.7572
53656,0.7576
53657,0.7576
53658,0.758
53659,0.7579
53660,0.758
53661,0.7575
53662,0.7577
53663,0.758
53664,0.7578
53665,0.7579
53666,0.7583
53667,0.7581
53668,0.758
53669,0.758
53670,0.7577
53671,0.758
53672,0.7577
53673,0.7577
53674,0.7576
53675,0.7571
53676,0.7571
53677,0.7575
53678,0.7574
53679,0.7575
53680,0.7581
53681,0.7578
53682,0.7578
53683,0.758
53684,0.7584
53685,0.7584
53686,0.7584
53687,0.7581
53688,0.7586
53689,0.759
53690,0.7587
53691,0.7591
53692,0.7586
53693,0.7587
53694,0.7585
53695,0.7581
53696,0.7581
53697,0.7581
53698,0.7574
53699,0.7576
53700,0.7577
53701,0.7571
53702,0.7582
53703,0.7577
53704,0.7578
53705,0.7577
53706,0.7575
53707,0.7582
53708,0.7582
53709,0.7583
53710,0.7569
53711,0.7575
53712,0.7577
53713,0.7583
53714,0.7572
53715,0.7571
53716,0.7566
53717,0.7569
53718,0.7563
53719,0.7567
53720,0.7568
53721,0.757
53722,0.7564
53723,0.7565
53724,0.7569
53725,0.7565
53726,0.7573
53727,0.7576
53728,0.758
53729,0.7576
53730,0.7575
53731,0.7567
53732,0.7568
53733,0.757
53734,0.7572
53735,0.757
53736,0.7577
53737,0.757
53738,0.7573
53739,0.757
53740,0.7572
53741,0.7564
53742,0.7545
53743,0.7545
53744,0.7544
53745,0.7549
53746,0.7553
53747,0.7551
53748,0.7558
53749,0.7558
53750,0.7562
53751,0.756
53752,0.7558
53753,0.7565
53754,0.7554
53755,0.7554
53756,0.755
53757,0.7553
53758,0.756
53759,0.7571
53760,0.757
53761,0.756
53762,0.7562
53763,0.756
53764,0.7558
53765,0.7557
53766,0.7559
53767,0.7566
53768,0.7569
53769,0.7568
53770,0.7579
53771,0.7564
53772,0.7568
53773,0.7567
53774,0.7571
53775,0.7576
53776,0.7572
53777,0.7576
53778,0.7575
53779,0.757
53780,0.757
53781,0.7576
53782,0.7575
53783,0.7566
53784,0.7565
53785,0.7569
53786,0.7572
53787,0.7577
53788,0.7571
53789,0.7574
53790,0.757
53791,0.757
53792,0.7572
53793,0.7576
53794,0.7571
53795,0.7571
53796,0.757
53797,0.7573
53798,0.7573
53799,0.7579
53800,0.7575
53801,0.7574
53802,0.7563
53803,0.7569
53804,0.7565
53805,0.7566
53806,0.7573
53807,0.7567
53808,0.7569
53809,0.7568
53810,0.7571
53811,0.757
53812,0.7576
53813,0.7572
53814,0.7577
53815,0.7573
53816,0.7575
53817,0.758
53818,0.7573
53819,0.7578
53820,0.757
53821,0.7573
53822,0.7574
53823,0.7575
53824,0.7574
53825,0.7575
53826,0.7576
53827,0.7578
53828,0.7575
53829,0.7579
53830,0.7574
53831,0.7569
53832,0.7573
53833,0.7582
53834,0.7576
53835,0.7577
53836,0.757
53837,0.7564
53838,0.7569
53839,0.7568
53840,0.7565
53841,0.7566
53842,0.7571
53843,0.7567
53844,0.7558
53845,0.7562
53846,0.7566
53847,0.7565
53848,0.7568
53849,0.7567
53850,0.7567
53851,0.7571
53852,0.7563
53853,0.7563
53854,0.7561
53855,0.7564
53856,0.7561
53857,0.7557
53858,0.7562
53859,0.756
53860,0.7561
53861,0.7559
53862,0.7564
53863,0.7562
53864,0.7561
53865,0.7562
53866,0.7568
53867,0.7567
53868,0.7575
53869,0.7573
53870,0.7573
53871,0.7567
53872,0.757
53873,0.7568
53874,0.757
53875,0.7574
53876,0.7578
53877,0.7573
53878,0.7572
53879,0.7569
53880,0.757
53881,0.7581
53882,0.7578
53883,0.7578
53884,0.7572
53885,0.7564
53886,0.757
53887,0.7573
53888,0.7569
53889,0.7576
53890,0.757
53891,0.7575
53892,0.7579
53893,0.7576
53894,0.7582
53895,0.7579
53896,0.757
53897,0.7573
53898,0.7578
53899,0.758
53900,0.7575
53901,0.7585
53902,0.7587
53903,0.7583
53904,0.7579
53905,0.7577
53906,0.7574
53907,0.7573
53908,0.7571
53909,0.7572
53910,0.7573
53911,0.7579
53912,0.7586
53913,0.758
53914,0.7586
53915,0.7587
53916,0.7583
53917,0.7577
53918,0.7574
53919,0.7573
53920,0.7571
53921,0.7576
53922,0.7577
53923,0.758
53924,0.7585
53925,0.7572
53926,0.757
53927,0.7575
53928,0.757
53929,0.757
53930,0.7577
53931,0.7575
53932,0.7574
53933,0.7582
53934,0.7577
53935,0.7582
53936,0.7567
53937,0.7569
53938,0.7575
53939,0.7578
53940,0.7581
53941,0.7583
53942,0.7572
53943,0.7579
53944,0.7578
53945,0.7584
53946,0.7583
53947,0.7574
53948,0.7577
53949,0.7571
53950,0.7578
53951,0.7586
53952,0.7578
53953,0.7581
53954,0.758
53955,0.7583
53956,0.7584
53957,0.7584
53958,0.7581
53959,0.7583
53960,0.7587
53961,0.758
53962,0.7562
53963,0.7567
53964,0.7569
53965,0.757
53966,0.7568
53967,0.7569
53968,0.757
53969,0.7569
53970,0.7572
53971,0.7565
53972,0.7567
53973,0.7568
53974,0.7572
53975,0.7569
53976,0.7575
53977,0.7568
53978,0.757
53979,0.7588
53980,0.7585
53981,0.7582
53982,0.7581
53983,0.7582
53984,0.7582
53985,0.758
53986,0.7582
53987,0.7577
53988,0.7579
53989,0.7578
53990,0.758
53991,0.758
53992,0.7579
53993,0.758
53994,0.7579
53995,0.7584
53996,0.7582
53997,0.7585
53998,0.7585
53999,0.7571
54000,0.7573
54001,0.7574
54002,0.7574
54003,0.7576
54004,0.758
54005,0.758
54006,0.7574
54007,0.7575
54008,0.757
54009,0.757
54010,0.7562
54011,0.7567
54012,0.7571
54013,0.7574
54014,0.7576
54015,0.7579
54016,0.758
54017,0.7579
54018,0.7582
54019,0.758
54020,0.7576
54021,0.7568
54022,0.7574
54023,0.7568
54024,0.7569
54025,0.7573
54026,0.7569
54027,0.7572
54028,0.7569
54029,0.7566
54030,0.7563
54031,0.7564
54032,0.7567
54033,0.7573
54034,0.7567
54035,0.7565
54036,0.7572
54037,0.7568
54038,0.7563
54039,0.7574
54040,0.7576
54041,0.7579
54042,0.757
54043,0.7574
54044,0.7576
54045,0.7577
54046,0.7577
54047,0.7573
54048,0.7577
54049,0.7576
54050,0.7576
54051,0.7578
54052,0.757
54053,0.7569
54054,0.7573
54055,0.7573
54056,0.7573
54057,0.7571
54058,0.7571
54059,0.7571
54060,0.7569
54061,0.7575
54062,0.7574
54063,0.7573
54064,0.7576
54065,0.7572
54066,0.7569
54067,0.7572
54068,0.7573
54069,0.7573
54070,0.7575
54071,0.7574
54072,0.7571
54073,0.7573
54074,0.7572
54075,0.7579
54076,0.7576
54077,0.7573
54078,0.7577
54079,0.7575
54080,0.7578
54081,0.7574
54082,0.7577
54083,0.756
54084,0.7563
54085,0.7566
54086,0.7565
54087,0.7571
54088,0.7574
54089,0.7572
54090,0.7574
54091,0.757
54092,0.7573
54093,0.7565
54094,0.7569
54095,0.7571
54096,0.7571
54097,0.7573
54098,0.7572
54099,0.7571
54100,0.7573
54101,0.757
54102,0.757
54103,0.7571
54104,0.7574
54105,0.7575
54106,0.7572
54107,0.757
54108,0.7576
54109,0.7579
54110,0.7578
54111,0.7582
54112,0.7586
54113,0.759
54114,0.7583
54115,0.758
54116,0.7582
54117,0.7576
54118,0.7574
54119,0.7582
54120,0.7588
54121,0.7586
54122,0.7584
54123,0.7576
54124,0.7576
54125,0.758
54126,0.758
54127,0.758
54128,0.7584
54129,0.7583
54130,0.7585
54131,0.7583
54132,0.7573
54133,0.7569
54134,0.7567
54135,0.7568
54136,0.7574
54137,0.7582
54138,0.7564
54139,0.7566
54140,0.757
54141,0.7575
54142,0.758
54143,0.7581
54144,0.7578
54145,0.7579
54146,0.7574
54147,0.7574
54148,0.7578
54149,0.7581
54150,0.7571
54151,0.7571
54152,0.7575
54153,0.7577
54154,0.7571
54155,0.7576
54156,0.7576
54157,0.7581
54158,0.7579
54159,0.7571
54160,0.7574
54161,0.7575
54162,0.757
54163,0.7575
54164,0.7579
54165,0.7584
54166,0.7587
54167,0.7585
54168,0.758
54169,0.7575
54170,0.7575
54171,0.7576
54172,0.7579
54173,0.7581
54174,0.7576
54175,0.7581
54176,0.7582
54177,0.7582
54178,0.758
54179,0.7583
54180,0.7574
54181,0.7571
54182,0.7574
54183,0.7577
54184,0.758
54185,0.7578
54186,0.7578
54187,0.7579
54188,0.7577
54189,0.7575
54190,0.7569
54191,0.756
54192,0.7568
54193,0.7562
54194,0.7565
54195,0.757
54196,0.7569
54197,0.7569
54198,0.7573
54199,0.7576
54200,0.7579
54201,0.7579
54202,0.7579
54203,0.7587
54204,0.7585
54205,0.7583
54206,0.7583
54207,0.7578
54208,0.758
54209,0.758
54210,0.7585
54211,0.7581
54212,0.7585
54213,0.7586
54214,0.7584
54215,0.7586
54216,0.7593
54217,0.7587
54218,0.7582
54219,0.7581
54220,0.7581
54221,0.7583
54222,0.7584
54223,0.758
54224,0.7581
54225,0.7578
54226,0.7585
54227,0.7585
54228,0.7583
54229,0.7587
54230,0.7585
54231,0.7588
54232,0.7589
54233,0.759
54234,0.7585
54235,0.7593
54236,0.7593
54237,0.7598
54238,0.7598
54239,0.7599
54240,0.76
54241,0.7594
54242,0.7594
54243,0.759
54244,0.7592
54245,0.7594
54246,0.7592
54247,0.7586
54248,0.7585
54249,0.7586
54250,0.7591
54251,0.7588
54252,0.759
54253,0.7572
54254,0.7577
54255,0.7581
54256,0.7582
54257,0.758
54258,0.758
54259,0.7575
54260,0.7581
54261,0.7557
54262,0.7561
54263,0.7571
54264,0.7568
54265,0.7575
54266,0.7579
54267,0.7577
54268,0.7581
54269,0.7572
54270,0.7577
54271,0.7581
54272,0.7586
54273,0.7599
54274,0.7597
54275,0.7597
54276,0.7598
54277,0.7597
54278,0.7596
54279,0.7589
54280,0.759
54281,0.7588
54282,0.7588
54283,0.7585
54284,0.7585
54285,0.7588
54286,0.7589
54287,0.7588
54288,0.7588
54289,0.7588
54290,0.7588
54291,0.7591
54292,0.759
54293,0.7579
54294,0.7585
54295,0.7586
54296,0.7583
54297,0.759
54298,0.759
54299,0.7591
54300,0.7592
54301,0.7592
54302,0.7594
54303,0.7589
54304,0.7586
54305,0.7585
54306,0.7586
54307,0.759
54308,0.7584
54309,0.7595
54310,0.7588
54311,0.7582
54312,0.7587
54313,0.7589
54314,0.7586
54315,0.7587
54316,0.7586
54317,0.759
54318,0.7593
54319,0.7586
54320,0.7589
54321,0.7588
54322,0.7584
54323,0.7585
54324,0.7586
54325,0.759
54326,0.7593
54327,0.759
54328,0.7585
54329,0.7583
54330,0.7588
54331,0.759
54332,0.7586
54333,0.7588
54334,0.7589
54335,0.7586
54336,0.7588
54337,0.7586
54338,0.7588
54339,0.7588
54340,0.7592
54341,0.7592
54342,0.7593
54343,0.7593
54344,0.7597
54345,0.7594
54346,0.7594
54347,0.7585
54348,0.7587
54349,0.759
54350,0.759
54351,0.7584
54352,0.7587
54353,0.7592
54354,0.7595
54355,0.7588
54356,0.7589
54357,0.7593
54358,0.7588
54359,0.7588
54360,0.7587
54361,0.7582
54362,0.7585
54363,0.7592
54364,0.7614
54365,0.7619
54366,0.7621
54367,0.7625
54368,0.7623
54369,0.762
54370,0.7621
54371,0.7623
54372,0.7621
54373,0.7621
54374,0.7619
54375,0.7618
54376,0.7616
54377,0.7614
54378,0.7617
54379,0.7618
54380,0.7618
54381,0.7618
54382,0.7621
54383,0.7621
54384,0.7622
54385,0.7621
54386,0.7619
54387,0.7619
54388,0.7605
54389,0.761
54390,0.7614
54391,0.7608
54392,0.7616
54393,0.7614
54394,0.7616
54395,0.7612
54396,0.7603
54397,0.7608
54398,0.761
54399,0.7605
54400,0.7613
54401,0.7612
54402,0.7608
54403,0.7605
54404,0.7605
54405,0.7607
54406,0.7608
54407,0.7607
54408,0.7604
54409,0.7606
54410,0.7612
54411,0.7615
54412,0.7618
54413,0.7611
54414,0.7608
54415,0.7604
54416,0.7602
54417,0.7605
54418,0.7609
54419,0.7608
54420,0.7613
54421,0.761
54422,0.7607
54423,0.7606
54424,0.761
54425,0.7612
54426,0.762
54427,0.7618
54428,0.7612
54429,0.7602
54430,0.7606
54431,0.7607
54432,0.761
54433,0.7607
54434,0.7608
54435,0.7613
54436,0.761
54437,0.761
54438,0.7607
54439,0.7608
54440,0.7609
54441,0.761
54442,0.761
54443,0.7607
54444,0.7608
54445,0.7608
54446,0.7606
54447,0.7608
54448,0.7609
54449,0.7614
54450,0.7612
54451,0.761
54452,0.7613
54453,0.7613
54454,0.761
54455,0.7608
54456,0.7609
54457,0.7604
54458,0.7612
54459,0.7609
54460,0.7613
54461,0.7613
54462,0.7612
54463,0.7612
54464,0.7607
54465,0.7606
54466,0.7606
54467,0.7605
54468,0.7597
54469,0.7607
54470,0.7605
54471,0.7607
54472,0.7607
54473,0.7607
54474,0.7602
54475,0.7601
54476,0.7602
54477,0.7601
54478,0.7602
54479,0.7603
54480,0.7604
54481,0.7598
54482,0.759
54483,0.76
54484,0.7596
54485,0.76
54486,0.76
54487,0.76
54488,0.7596
54489,0.7595
54490,0.759
54491,0.7597
54492,0.7597
54493,0.7597
54494,0.7596
54495,0.7594
54496,0.7598
54497,0.7597
54498,0.7601
54499,0.7599
54500,0.7593
54501,0.7595
54502,0.7594
54503,0.7595
54504,0.7596
54505,0.7595
54506,0.759
54507,0.7593
54508,0.7597
54509,0.7595
54510,0.7592
54511,0.7596
54512,0.7596
54513,0.7597
54514,0.7596
54515,0.7597
54516,0.7594
54517,0.7595
54518,0.7599
54519,0.76
54520,0.7603
54521,0.7607
54522,0.7605
54523,0.7602
54524,0.7601
54525,0.7603
54526,0.7599
54527,0.7604
54528,0.7601
54529,0.7601
54530,0.76
54531,0.7597
54532,0.7597
54533,0.7596
54534,0.7597
54535,0.7597
54536,0.7597
54537,0.7596
54538,0.7592
54539,0.7593
54540,0.7557
54541,0.7571
54542,0.7569
54543,0.7566
54544,0.7567
54545,0.7577
54546,0.7578
54547,0.7579
54548,0.7582
54549,0.758
54550,0.7577
54551,0.758
54552,0.7578
54553,0.7579
54554,0.758
54555,0.7579
54556,0.7578
54557,0.7579
54558,0.7578
54559,0.7575
54560,0.758
54561,0.7579
54562,0.7586
54563,0.7583
54564,0.7584
54565,0.7583
54566,0.7579
54567,0.7589
54568,0.7592
54569,0.7586
54570,0.7583
54571,0.7584
54572,0.7584
54573,0.7582
54574,0.7585
54575,0.758
54576,0.7584
54577,0.7579
54578,0.7581
54579,0.7581
54580,0.7579
54581,0.7569
54582,0.7577
54583,0.7573
54584,0.757
54585,0.757
54586,0.7568
54587,0.7575
54588,0.7572
54589,0.7571
54590,0.7575
54591,0.7575
54592,0.7575
54593,0.7572
54594,0.7571
54595,0.7572
54596,0.7573
54597,0.757
54598,0.7566
54599,0.7573
54600,0.7582
54601,0.757
54602,0.7573
54603,0.7572
54604,0.7573
54605,0.7576
54606,0.7579
54607,0.7579
54608,0.7571
54609,0.7572
54610,0.758
54611,0.7587
54612,0.7584
54613,0.7584
54614,0.7583
54615,0.7583
54616,0.7586
54617,0.759
54618,0.7588
54619,0.7584
54620,0.7581
54621,0.7586
54622,0.7584
54623,0.7586
54624,0.7588
54625,0.759
54626,0.7589
54627,0.7579
54628,0.7578
54629,0.7574
54630,0.758
54631,0.7578
54632,0.7574
54633,0.7576
54634,0.7576
54635,0.758
54636,0.7583
54637,0.7586
54638,0.7583
54639,0.7585
54640,0.7585
54641,0.7583
54642,0.7582
54643,0.7585
54644,0.7586
54645,0.7574
54646,0.7577
54647,0.7577
54648,0.7578
54649,0.7584
54650,0.7584
54651,0.7582
54652,0.7574
54653,0.7575
54654,0.7571
54655,0.757
54656,0.7569
54657,0.7577
54658,0.7572
54659,0.7572
54660,0.7578
54661,0.7579
54662,0.7585
54663,0.758
54664,0.7583
54665,0.7582
54666,0.7585
54667,0.7582
54668,0.7589
54669,0.7586
54670,0.7584
54671,0.7585
54672,0.7589
54673,0.7585
54674,0.7586
54675,0.7586
54676,0.7583
54677,0.7585
54678,0.7581
54679,0.758
54680,0.7585
54681,0.7587
54682,0.7583
54683,0.7587
54684,0.759
54685,0.7576
54686,0.7575
54687,0.7572
54688,0.7563
54689,0.7568
54690,0.7575
54691,0.7573
54692,0.7576
54693,0.7576
54694,0.7578
54695,0.7584
54696,0.758
54697,0.7583
54698,0.7584
54699,0.7579
54700,0.7575
54701,0.7582
54702,0.7573
54703,0.7574
54704,0.7581
54705,0.7574
54706,0.7587
54707,0.7576
54708,0.7575
54709,0.7577
54710,0.758
54711,0.758
54712,0.7581
54713,0.7576
54714,0.7587
54715,0.7581
54716,0.7577
54717,0.7582
54718,0.7587
54719,0.7585
54720,0.7586
54721,0.758
54722,0.7574
54723,0.7573
54724,0.7571
54725,0.7567
54726,0.7572
54727,0.7572
54728,0.7572
54729,0.7571
54730,0.7578
54731,0.758
54732,0.7585
54733,0.7586
54734,0.7582
54735,0.7591
54736,0.7587
54737,0.7582
54738,0.7585
54739,0.7583
54740,0.7575
54741,0.7576
54742,0.7575
54743,0.758
54744,0.758
54745,0.7578
54746,0.7582
54747,0.7584
54748,0.7586
54749,0.7577
54750,0.7582
54751,0.7587
54752,0.7591
54753,0.7592
54754,0.7584
54755,0.759
54756,0.7589
54757,0.7592
54758,0.7592
54759,0.7591
54760,0.7579
54761,0.7576
54762,0.758
54763,0.7582
54764,0.7585
54765,0.7588
54766,0.7585
54767,0.7589
54768,0.7586
54769,0.7585
54770,0.7587
54771,0.7593
54772,0.759
54773,0.759
54774,0.7587
54775,0.759
54776,0.7593
54777,0.759
54778,0.7583
54779,0.7586
54780,0.7579
54781,0.7582
54782,0.7584
54783,0.7584
54784,0.7585
54785,0.7583
54786,0.7585
54787,0.7586
54788,0.7584
54789,0.7582
54790,0.758
54791,0.7587
54792,0.7585
54793,0.758
54794,0.7578
54795,0.7575
54796,0.7577
54797,0.7577
54798,0.7576
54799,0.7579
54800,0.7576
54801,0.7576
54802,0.7571
54803,0.7577
54804,0.7578
54805,0.7582
54806,0.7581
54807,0.7581
54808,0.7579
54809,0.7581
54810,0.7584
54811,0.7581
54812,0.7584
54813,0.7585
54814,0.7588
54815,0.7576
54816,0.7576
54817,0.7575
54818,0.758
54819,0.758
54820,0.7586
54821,0.759
54822,0.7587
54823,0.7587
54824,0.7593
54825,0.7588
54826,0.7588
54827,0.759
54828,0.7586
54829,0.7579
54830,0.7583
54831,0.7586
54832,0.7566
54833,0.7572
54834,0.7572
54835,0.7574
54836,0.7578
54837,0.7573
54838,0.7573
54839,0.7575
54840,0.758
54841,0.758
54842,0.758
54843,0.7585
54844,0.7586
54845,0.7585
54846,0.7576
54847,0.7583
54848,0.7583
54849,0.7581
54850,0.7585
54851,0.7585
54852,0.7569
54853,0.7577
54854,0.7577
54855,0.7577
54856,0.7572
54857,0.757
54858,0.7571
54859,0.7567
54860,0.7564
54861,0.7564
54862,0.7572
54863,0.7577
54864,0.7565
54865,0.757
54866,0.7579
54867,0.7578
54868,0.7577
54869,0.7572
54870,0.7576
54871,0.7576
54872,0.7582
54873,0.758
54874,0.7585
54875,0.7574
54876,0.7568
54877,0.7567
54878,0.7569
54879,0.7573
54880,0.758
54881,0.7576
54882,0.7581
54883,0.7581
54884,0.7583
54885,0.7585
54886,0.7582
54887,0.7584
54888,0.7583
54889,0.7575
54890,0.7573
54891,0.7573
54892,0.7569
54893,0.7572
54894,0.7561
54895,0.7582
54896,0.7587
54897,0.7589
54898,0.7588
54899,0.7584
54900,0.7586
54901,0.7585
54902,0.7578
54903,0.7579
54904,0.7575
54905,0.7582
54906,0.7575
54907,0.7569
54908,0.757
54909,0.7567
54910,0.7568
54911,0.7571
54912,0.7577
54913,0.7573
54914,0.7573
54915,0.7575
54916,0.7574
54917,0.7571
54918,0.7577
54919,0.7587
54920,0.7584
54921,0.7575
54922,0.7569
54923,0.7576
54924,0.7577
54925,0.756
54926,0.7579
54927,0.7577
54928,0.7572
54929,0.7585
54930,0.7582
54931,0.7582
54932,0.7583
54933,0.758
54934,0.7584
54935,0.7578
54936,0.7583
54937,0.7579
54938,0.7575
54939,0.7579
54940,0.7578
54941,0.7587
54942,0.7586
54943,0.7584
54944,0.7581
54945,0.7586
54946,0.7585
54947,0.7588
54948,0.7592
54949,0.759
54950,0.7582
54951,0.7561
54952,0.756
54953,0.7561
54954,0.756
54955,0.757
54956,0.757
54957,0.7571
54958,0.7572
54959,0.7571
54960,0.7572
54961,0.7576
54962,0.7584
54963,0.758
54964,0.7553
54965,0.7555
54966,0.7555
54967,0.7558
54968,0.756
54969,0.7558
54970,0.7558
54971,0.7553
54972,0.7553
54973,0.7551
54974,0.756
54975,0.7564
54976,0.7568
54977,0.7575
54978,0.7566
54979,0.7569
54980,0.7569
54981,0.757
54982,0.7575
54983,0.7575
54984,0.7575
54985,0.7577
54986,0.7571
54987,0.7572
54988,0.7574
54989,0.7572
54990,0.7574
54991,0.7569
54992,0.7571
54993,0.757
54994,0.757
54995,0.7577
54996,0.7575
54997,0.7567
54998,0.757
54999,0.7565
55000,0.7574
55001,0.7567
55002,0.7568
55003,0.7568
55004,0.7572
55005,0.7572
55006,0.7575
55007,0.7573
55008,0.7578
55009,0.7573
55010,0.7576
55011,0.757
55012,0.7575
55013,0.7578
55014,0.7578
55015,0.7579
55016,0.7577
55017,0.758
55018,0.7577
55019,0.7576
55020,0.7579
55021,0.758
55022,0.7584
55023,0.7585
55024,0.7584
55025,0.7586
55026,0.7587
55027,0.7592
55028,0.7585
55029,0.7586
55030,0.7587
55031,0.7589
55032,0.7588
55033,0.758
55034,0.7585
55035,0.7585
55036,0.7585
55037,0.7588
55038,0.7591
55039,0.7588
55040,0.7593
55041,0.7586
55042,0.7583
55043,0.7586
55044,0.7583
55045,0.7584
55046,0.7593
55047,0.7574
55048,0.7571
55049,0.7566
55050,0.7576
55051,0.758
55052,0.7577
55053,0.7583
55054,0.7586
55055,0.7586
55056,0.7582
55057,0.7586
55058,0.7583
55059,0.7588
55060,0.759
55061,0.759
55062,0.7586
55063,0.7584
55064,0.7586
55065,0.7587
55066,0.7586
55067,0.7587
55068,0.7585
55069,0.7587
55070,0.7586
55071,0.759
55072,0.7587
55073,0.7586
55074,0.7592
55075,0.7591
55076,0.7587
55077,0.7587
55078,0.7589
55079,0.759
55080,0.7587
55081,0.7587
55082,0.7588
55083,0.7589
55084,0.7589
55085,0.7592
55086,0.7591
55087,0.7591
55088,0.759
55089,0.7591
55090,0.7586
55091,0.7587
55092,0.7585
55093,0.7582
55094,0.7585
55095,0.7581
55096,0.7587
55097,0.7587
55098,0.7584
55099,0.7585
55100,0.7584
55101,0.7583
55102,0.7581
55103,0.7583
55104,0.7585
55105,0.7577
55106,0.758
55107,0.7577
55108,0.7581
55109,0.7582
55110,0.7584
55111,0.7584
55112,0.7582
55113,0.7584
55114,0.7582
55115,0.7581
55116,0.7586
55117,0.7578
55118,0.7581
55119,0.7582
55120,0.7581
55121,0.7582
55122,0.7581
55123,0.7576
55124,0.7574
55125,0.7574
55126,0.7578
55127,0.7573
55128,0.7578
55129,0.7579
55130,0.7576
55131,0.7574
55132,0.7576
55133,0.7573
55134,0.7574
55135,0.757
55136,0.7562
55137,0.7566
55138,0.7568
55139,0.757
55140,0.7569
55141,0.757
55142,0.7574
55143,0.7574
55144,0.7571
55145,0.757
55146,0.7576
55147,0.7573
55148,0.7572
55149,0.7569
55150,0.757
55151,0.7566
55152,0.7575
55153,0.7567
55154,0.7567
55155,0.7569
55156,0.7572
55157,0.7574
55158,0.7577
55159,0.7576
55160,0.7575
55161,0.7575
55162,0.757
55163,0.757
55164,0.7571
55165,0.7568
55166,0.7569
55167,0.7567
55168,0.7573
55169,0.7567
55170,0.7573
55171,0.7574
55172,0.7572
55173,0.7574
55174,0.7574
55175,0.7577
55176,0.7565
55177,0.7565
55178,0.757
55179,0.757
55180,0.7571
55181,0.7573
55182,0.7575
55183,0.7562
55184,0.7568
55185,0.7564
55186,0.756
55187,0.7566
55188,0.7568
55189,0.757
55190,0.7572
55191,0.7572
55192,0.7569
55193,0.7573
55194,0.758
55195,0.7577
55196,0.7509
55197,0.7511
55198,0.7518
55199,0.7519
55200,0.7519
55201,0.7516
55202,0.7522
55203,0.7527
55204,0.7525
55205,0.7519
55206,0.7522
55207,0.7522
55208,0.7529
55209,0.7537
55210,0.7541
55211,0.7536
55212,0.7539
55213,0.7542
55214,0.7545
55215,0.755
55216,0.7553
55217,0.7562
55218,0.7561
55219,0.7558
55220,0.757
55221,0.7555
55222,0.7557
55223,0.7551
55224,0.7553
55225,0.7554
55226,0.7553
55227,0.7556
55228,0.7552
55229,0.7553
55230,0.7555
55231,0.7559
55232,0.7556
55233,0.7555
55234,0.7551
55235,0.7557
55236,0.7554
55237,0.7553
55238,0.7553
55239,0.7562
55240,0.755
55241,0.755
55242,0.7554
55243,0.7553
55244,0.7554
55245,0.7549
55246,0.7547
55247,0.7548
55248,0.7547
55249,0.7552
55250,0.7558
55251,0.7552
55252,0.7552
55253,0.7552
55254,0.756
55255,0.7555
55256,0.7551
55257,0.756
55258,0.7555
55259,0.7562
55260,0.7556
55261,0.756
55262,0.7559
55263,0.7558
55264,0.7556
55265,0.7549
55266,0.7554
55267,0.7554
55268,0.7551
55269,0.7561
55270,0.7559
55271,0.7563
55272,0.7568
55273,0.7573
55274,0.7565
55275,0.7567
55276,0.7569
55277,0.7568
55278,0.7562
55279,0.7558
55280,0.7558
55281,0.7561
55282,0.7565
55283,0.7561
55284,0.7558
55285,0.7559
55286,0.756
55287,0.7564
55288,0.7568
55289,0.7572
55290,0.7571
55291,0.7574
55292,0.7556
55293,0.7557
55294,0.7555
55295,0.755
55296,0.7552
55297,0.755
55298,0.7548
55299,0.7549
55300,0.7552
55301,0.7557
55302,0.7566
55303,0.7559
55304,0.7554
55305,0.7559
55306,0.7557
55307,0.7554
55308,0.7557
55309,0.7557
55310,0.7555
55311,0.7556
55312,0.756
55313,0.7563
55314,0.7558
55315,0.7557
55316,0.7562
55317,0.7559
55318,0.7559
55319,0.7561
55320,0.7562
55321,0.7558
55322,0.7558
55323,0.7561
55324,0.7559
55325,0.7567
55326,0.7573
55327,0.7572
55328,0.7563
55329,0.7567
55330,0.7565
55331,0.7566
55332,0.7567
55333,0.7564
55334,0.7569
55335,0.757
55336,0.7566
55337,0.757
55338,0.7536
55339,0.7534
55340,0.7536
55341,0.7538
55342,0.7546
55343,0.7553
55344,0.7555
55345,0.755
55346,0.755
55347,0.7546
55348,0.7544
55349,0.7544
55350,0.7536
55351,0.754
55352,0.7546
55353,0.7549
55354,0.7547
55355,0.7547
55356,0.7548
55357,0.7555
55358,0.7552
55359,0.7556
55360,0.7553
55361,0.756
55362,0.7554
55363,0.7559
55364,0.7553
55365,0.7561
55366,0.7558
55367,0.7562
55368,0.7561
55369,0.7562
55370,0.7549
55371,0.755
55372,0.7551
55373,0.7558
55374,0.756
55375,0.7559
55376,0.7566
55377,0.7558
55378,0.7553
55379,0.7554
55380,0.7546
55381,0.7554
55382,0.7552
55383,0.7554
55384,0.7554
55385,0.7555
55386,0.7556
55387,0.7554
55388,0.756
55389,0.7563
55390,0.7565
55391,0.7564
55392,0.7567
55393,0.7564
55394,0.7568
55395,0.7565
55396,0.756
55397,0.7554
55398,0.7557
55399,0.7556
55400,0.7561
55401,0.7561
55402,0.7568
55403,0.7569
55404,0.7573
55405,0.7568
55406,0.7568
55407,0.7559
55408,0.7564
55409,0.7565
55410,0.7563
55411,0.7566
55412,0.7564
55413,0.7558
55414,0.7556
55415,0.7556
55416,0.7561
55417,0.7562
55418,0.7558
55419,0.7562
55420,0.7562
55421,0.7555
55422,0.7546
55423,0.7553
55424,0.7552
55425,0.7555
55426,0.7558
55427,0.7557
55428,0.7556
55429,0.7556
55430,0.7562
55431,0.7562
55432,0.7559
55433,0.756
55434,0.7567
55435,0.7563
55436,0.7565
55437,0.7559
55438,0.7557
55439,0.7561
55440,0.7554
55441,0.7551
55442,0.7555
55443,0.7558
55444,0.756
55445,0.7561
55446,0.7565
55447,0.7565
55448,0.7562
55449,0.7556
55450,0.7555
55451,0.7557
55452,0.7554
55453,0.7557
55454,0.756
55455,0.7561
55456,0.7565
55457,0.7566
55458,0.7565
55459,0.756
55460,0.7559
55461,0.756
55462,0.7561
55463,0.7559
55464,0.756
55465,0.7566
55466,0.757
55467,0.7567
55468,0.7563
55469,0.7566
55470,0.7568
55471,0.757
55472,0.7549
55473,0.7548
55474,0.755
55475,0.7553
55476,0.7557
55477,0.7558
55478,0.7563
55479,0.7566
55480,0.7563
55481,0.7562
55482,0.7558
55483,0.7566
55484,0.7565
55485,0.7561
55486,0.756
55487,0.756
55488,0.7562
55489,0.7561
55490,0.756
55491,0.7557
55492,0.7564
55493,0.7562
55494,0.7562
55495,0.7564
55496,0.7564
55497,0.7566
55498,0.756
55499,0.7559
55500,0.7553
55501,0.7559
55502,0.7558
55503,0.7557
55504,0.7555
55505,0.756
55506,0.7564
55507,0.7563
55508,0.7561
55509,0.7563
55510,0.7558
55511,0.756
55512,0.7563
55513,0.7563
55514,0.7565
55515,0.7571
55516,0.7566
55517,0.7565
55518,0.7558
55519,0.7566
55520,0.7561
55521,0.7559
55522,0.7559
55523,0.7562
55524,0.7559
55525,0.756
55526,0.7556
55527,0.7556
55528,0.7552
55529,0.7554
55530,0.7551
55531,0.7564
55532,0.7567
55533,0.7567
55534,0.7567
55535,0.7567
55536,0.757
55537,0.7563
55538,0.7561
55539,0.7555
55540,0.7558
55541,0.7556
55542,0.7557
55543,0.7556
55544,0.7556
55545,0.7558
55546,0.7553
55547,0.7556
55548,0.7558
55549,0.7562
55550,0.7561
55551,0.7562
55552,0.7566
55553,0.7568
55554,0.7563
55555,0.7563
55556,0.7564
55557,0.7567
55558,0.7568
55559,0.7564
55560,0.7568
55561,0.7567
55562,0.7564
55563,0.7568
55564,0.7564
55565,0.7563
55566,0.7555
55567,0.756
55568,0.7561
55569,0.7555
55570,0.7555
55571,0.756
55572,0.7559
55573,0.7555
55574,0.7551
55575,0.7556
55576,0.7558
55577,0.7554
55578,0.7552
55579,0.7555
55580,0.7552
55581,0.7551
55582,0.7551
55583,0.756
55584,0.7559
55585,0.7562
55586,0.7551
55587,0.7547
55588,0.7546
55589,0.7548
55590,0.7559
55591,0.7557
55592,0.7556
55593,0.7556
55594,0.7551
55595,0.756
55596,0.7556
55597,0.7558
55598,0.7559
55599,0.7558
55600,0.756
55601,0.7558
55602,0.7561
55603,0.7564
55604,0.7565
55605,0.7565
55606,0.7565
55607,0.756
55608,0.7559
55609,0.7563
55610,0.756
55611,0.7561
55612,0.7554
55613,0.7551
55614,0.7552
55615,0.7547
55616,0.7554
55617,0.7551
55618,0.756
55619,0.7553
55620,0.7551
55621,0.7547
55622,0.7547
55623,0.7548
55624,0.7553
55625,0.7549
55626,0.7549
55627,0.755
55628,0.7556
55629,0.7557
55630,0.7559
55631,0.7551
55632,0.755
55633,0.755
55634,0.7554
55635,0.7554
55636,0.7551
55637,0.755
55638,0.7554
55639,0.755
55640,0.7545
55641,0.7552
55642,0.7557
55643,0.7555
55644,0.7557
55645,0.7558
55646,0.7556
55647,0.7553
55648,0.7549
55649,0.7552
55650,0.7547
55651,0.755
55652,0.7552
55653,0.755
55654,0.7551
55655,0.7556
55656,0.7556
55657,0.7561
55658,0.7563
55659,0.7561
55660,0.7559
55661,0.7566
55662,0.756
55663,0.7557
55664,0.7558
55665,0.7556
55666,0.7545
55667,0.7544
55668,0.7544
55669,0.7543
55670,0.7544
55671,0.7544
55672,0.7545
55673,0.7546
55674,0.7545
55675,0.7546
55676,0.7548
55677,0.7544
55678,0.7547
55679,0.7545
55680,0.754
55681,0.7539
55682,0.7544
55683,0.7546
55684,0.7545
55685,0.7546
55686,0.7551
55687,0.7548
55688,0.7547
55689,0.7547
55690,0.7551
55691,0.7545
55692,0.7546
55693,0.7544
55694,0.7548
55695,0.7551
55696,0.7547
55697,0.755
55698,0.7545
55699,0.754
55700,0.7535
55701,0.7543
55702,0.754
55703,0.7547
55704,0.7547
55705,0.7544
55706,0.7543
55707,0.7547
55708,0.7546
55709,0.7554
55710,0.7555
55711,0.7552
55712,0.7549
55713,0.7549
55714,0.7551
55715,0.7554
55716,0.7552
55717,0.7547
55718,0.7531
55719,0.7533
55720,0.7534
55721,0.7537
55722,0.7538
55723,0.7541
55724,0.754
55725,0.7543
55726,0.7548
55727,0.7547
55728,0.7544
55729,0.7542
55730,0.7548
55731,0.7548
55732,0.7549
55733,0.7549
55734,0.7548
55735,0.7541
55736,0.7544
55737,0.7539
55738,0.7536
55739,0.754
55740,0.7542
55741,0.7538
55742,0.753
55743,0.7539
55744,0.7539
55745,0.7534
55746,0.7531
55747,0.7538
55748,0.7541
55749,0.7547
55750,0.7551
55751,0.7545
55752,0.7547
55753,0.7547
55754,0.7543
55755,0.7548
55756,0.755
55757,0.7548
55758,0.7555
55759,0.7562
55760,0.7558
55761,0.755
55762,0.7552
55763,0.755
55764,0.7547
55765,0.7545
55766,0.7548
55767,0.7551
55768,0.7549
55769,0.7549
55770,0.7543
55771,0.7544
55772,0.7546
55773,0.7544
55774,0.7544
55775,0.7549
55776,0.7542
55777,0.7547
55778,0.7551
55779,0.7557
55780,0.7555
55781,0.7551
55782,0.7552
55783,0.7553
55784,0.7557
55785,0.7554
55786,0.7537
55787,0.7508
55788,0.7508
55789,0.7515
55790,0.7513
55791,0.7525
55792,0.7524
55793,0.7528
55794,0.7539
55795,0.7546
55796,0.7548
55797,0.7543
55798,0.7546
55799,0.7547
55800,0.7531
55801,0.7528
55802,0.7527
55803,0.7535
55804,0.7536
55805,0.7536
55806,0.7538
55807,0.7538
55808,0.7545
55809,0.7545
55810,0.754
55811,0.755
55812,0.7541
55813,0.7537
55814,0.7524
55815,0.7532
55816,0.753
55817,0.7525
55818,0.7524
55819,0.7533
55820,0.7532
55821,0.7539
55822,0.7536
55823,0.7533
55824,0.754
55825,0.7538
55826,0.7526
55827,0.7543
55828,0.7544
55829,0.7543
55830,0.7533
55831,0.7536
55832,0.7533
55833,0.7536
55834,0.7533
55835,0.7533
55836,0.7527
55837,0.753
55838,0.7536
55839,0.7537
55840,0.7523
55841,0.7523
55842,0.7522
55843,0.7521
55844,0.7525
55845,0.7537
55846,0.7528
55847,0.7535
55848,0.7534
55849,0.7521
55850,0.7526
55851,0.7525
55852,0.7535
55853,0.7534
55854,0.7537
55855,0.7538
55856,0.7529
55857,0.753
55858,0.7526
55859,0.7536
55860,0.7535
55861,0.7534
55862,0.7539
55863,0.7537
55864,0.7543
55865,0.7529
55866,0.7529
55867,0.7527
55868,0.7528
55869,0.7528
55870,0.7528
55871,0.7529
55872,0.7535
55873,0.7532
55874,0.7536
55875,0.7537
55876,0.754
55877,0.754
55878,0.7536
55879,0.7536
55880,0.7543
55881,0.7546
55882,0.7549
55883,0.7545
55884,0.755
55885,0.755
55886,0.7552
55887,0.7544
55888,0.7547
55889,0.7535
55890,0.7531
55891,0.7537
55892,0.7539
55893,0.7542
55894,0.7542
55895,0.7535
55896,0.754
55897,0.7536
55898,0.7545
55899,0.7542
55900,0.7535
55901,0.7544
55902,0.7538
55903,0.7539
55904,0.7538
55905,0.7538
55906,0.7531
55907,0.7527
55908,0.7532
55909,0.754
55910,0.7546
55911,0.7546
55912,0.7545
55913,0.7541
55914,0.755
55915,0.7544
55916,0.7544
55917,0.7544
55918,0.7534
55919,0.7535
55920,0.7531
55921,0.7537
55922,0.7535
55923,0.7538
55924,0.7527
55925,0.7538
55926,0.7541
55927,0.7538
55928,0.7536
55929,0.7539
55930,0.7545
55931,0.7541
55932,0.7542
55933,0.7539
55934,0.7538
55935,0.7536
55936,0.7536
55937,0.7533
55938,0.7524
55939,0.753
55940,0.7534
55941,0.7539
55942,0.7536
55943,0.7524
55944,0.7527
55945,0.7532
55946,0.7532
55947,0.7537
55948,0.7541
55949,0.754
55950,0.7546
55951,0.7546
55952,0.754
55953,0.754
55954,0.754
55955,0.7522
55956,0.7529
55957,0.753
55958,0.7533
55959,0.7531
55960,0.7534
55961,0.7551
55962,0.7549
55963,0.754
55964,0.7534
55965,0.7539
55966,0.7531
55967,0.7522
55968,0.7523
55969,0.7528
55970,0.753
55971,0.753
55972,0.7536
55973,0.7537
55974,0.7539
55975,0.7528
55976,0.7535
55977,0.7542
55978,0.7541
55979,0.7541
55980,0.7541
55981,0.754
55982,0.7537
55983,0.7538
55984,0.754
55985,0.7535
55986,0.7534
55987,0.7546
55988,0.7549
55989,0.7542
55990,0.7548
55991,0.7543
55992,0.7525
55993,0.7538
55994,0.7542
55995,0.753
55996,0.7523
55997,0.753
55998,0.7529
55999,0.7537
56000,0.7541
56001,0.7539
56002,0.7539
56003,0.7522
56004,0.7523
56005,0.7522
56006,0.7526
56007,0.7528
56008,0.7541
56009,0.7536
56010,0.7538
56011,0.7542
56012,0.7544
56013,0.7544
56014,0.7539
56015,0.7537
56016,0.7541
56017,0.7542
56018,0.7541
56019,0.754
56020,0.754
56021,0.7544
56022,0.7541
56023,0.7535
56024,0.7539
56025,0.7538
56026,0.7537
56027,0.7539
56028,0.7538
56029,0.754
56030,0.7542
56031,0.7538
56032,0.7538
56033,0.7536
56034,0.7538
56035,0.7536
56036,0.7541
56037,0.7541
56038,0.7549
56039,0.7544
56040,0.7537
56041,0.7539
56042,0.7538
56043,0.7529
56044,0.7522
56045,0.7526
56046,0.7533
56047,0.7531
56048,0.7532
56049,0.7535
56050,0.7531
56051,0.7536
56052,0.7536
56053,0.7538
56054,0.7536
56055,0.7539
56056,0.754
56057,0.7538
56058,0.7535
56059,0.7534
56060,0.7538
56061,0.7537
56062,0.7536
56063,0.7534
56064,0.7541
56065,0.7544
56066,0.7545
56067,0.7547
56068,0.7548
56069,0.7534
56070,0.7538
56071,0.7538
56072,0.7538
56073,0.7546
56074,0.7548
56075,0.7542
56076,0.7547
56077,0.7532
56078,0.7527
56079,0.7526
56080,0.7523
56081,0.7535
56082,0.754
56083,0.7543
56084,0.7534
56085,0.7535
56086,0.7533
56087,0.7532
56088,0.7528
56089,0.7534
56090,0.7525
56091,0.7524
56092,0.7529
56093,0.753
56094,0.7529
56095,0.7531
56096,0.7528
56097,0.7529
56098,0.7539
56099,0.7525
56100,0.7522
56101,0.753
56102,0.7529
56103,0.7531
56104,0.7531
56105,0.7524
56106,0.7527
56107,0.7528
56108,0.753
56109,0.7526
56110,0.753
56111,0.7524
56112,0.7527
56113,0.7528
56114,0.7536
56115,0.7527
56116,0.7529
56117,0.753
56118,0.7526
56119,0.7538
56120,0.7538
56121,0.7539
56122,0.7535
56123,0.7535
56124,0.7537
56125,0.7529
56126,0.7529
56127,0.7534
56128,0.7524
56129,0.7525
56130,0.7527
56131,0.7527
56132,0.7526
56133,0.7531
56134,0.7528
56135,0.7537
56136,0.7535
56137,0.754
56138,0.7541
56139,0.7543
56140,0.7536
56141,0.7527
56142,0.7523
56143,0.753
56144,0.7534
56145,0.7537
56146,0.754
56147,0.7537
56148,0.7539
56149,0.7533
56150,0.7534
56151,0.754
56152,0.7538
56153,0.7536
56154,0.753
56155,0.7526
56156,0.7524
56157,0.7529
56158,0.7514
56159,0.751
56160,0.7515
56161,0.7517
56162,0.7522
56163,0.7514
56164,0.7507
56165,0.7512
56166,0.7515
56167,0.7526
56168,0.7525
56169,0.7531
56170,0.753
56171,0.7533
56172,0.7532
56173,0.7537
56174,0.7558
56175,0.7556
56176,0.7557
56177,0.7553
56178,0.7555
56179,0.7551
56180,0.7558
56181,0.7551
56182,0.755
56183,0.755
56184,0.7553
56185,0.7554
56186,0.7558
56187,0.7557
56188,0.7552
56189,0.756
56190,0.7564
56191,0.7561
56192,0.7562
56193,0.7564
56194,0.7564
56195,0.7566
56196,0.7568
56197,0.7562
56198,0.7562
56199,0.7564
56200,0.7565
56201,0.7569
56202,0.757
56203,0.7566
56204,0.7569
56205,0.7568
56206,0.7568
56207,0.7564
56208,0.7563
56209,0.7564
56210,0.7561
56211,0.7559
56212,0.7558
56213,0.7555
56214,0.7558
56215,0.7559
56216,0.7552
56217,0.7551
56218,0.7552
56219,0.7551
56220,0.756
56221,0.7567
56222,0.7566
56223,0.7564
56224,0.7562
56225,0.7559
56226,0.7561
56227,0.7569
56228,0.7569
56229,0.7567
56230,0.7561
56231,0.7555
56232,0.7533
56233,0.7534
56234,0.7529
56235,0.7532
56236,0.7536
56237,0.7546
56238,0.7548
56239,0.7541
56240,0.7546
56241,0.7539
56242,0.7538
56243,0.7528
56244,0.7529
56245,0.7526
56246,0.7533
56247,0.7543
56248,0.7541
56249,0.754
56250,0.7539
56251,0.7538
56252,0.7543
56253,0.7543
56254,0.7527
56255,0.7519
56256,0.7526
56257,0.7525
56258,0.7522
56259,0.7529
56260,0.7533
56261,0.754
56262,0.7541
56263,0.7542
56264,0.7531
56265,0.7537
56266,0.7536
56267,0.7543
56268,0.7546
56269,0.7543
56270,0.7536
56271,0.7539
56272,0.7538
56273,0.7535
56274,0.7537
56275,0.7542
56276,0.7542
56277,0.7547
56278,0.7542
56279,0.7547
56280,0.7542
56281,0.7537
56282,0.7538
56283,0.7545
56284,0.7539
56285,0.754
56286,0.7527
56287,0.7535
56288,0.753
56289,0.753
56290,0.7542
56291,0.7535
56292,0.7535
56293,0.7535
56294,0.7545
56295,0.7548
56296,0.7552
56297,0.755
56298,0.7548
56299,0.754
56300,0.7544
56301,0.7551
56302,0.7539
56303,0.7544
56304,0.7548
56305,0.7549
56306,0.7546
56307,0.7535
56308,0.7541
56309,0.7537
56310,0.7535
56311,0.7539
56312,0.754
56313,0.7542
56314,0.7548
56315,0.7549
56316,0.7549
56317,0.7548
56318,0.7547
56319,0.7544
56320,0.7547
56321,0.7543
56322,0.7545
56323,0.7547
56324,0.7547
56325,0.755
56326,0.7557
56327,0.7549
56328,0.755
56329,0.7545
56330,0.7543
56331,0.7544
56332,0.7545
56333,0.7544
56334,0.7539
56335,0.7544
56336,0.7547
56337,0.7543
56338,0.7543
56339,0.7545
56340,0.7549
56341,0.7549
56342,0.7549
56343,0.7553
56344,0.7553
56345,0.7556
56346,0.7555
56347,0.7548
56348,0.7545
56349,0.7549
56350,0.7539
56351,0.7541
56352,0.7546
56353,0.7539
56354,0.7538
56355,0.754
56356,0.7543
56357,0.7547
56358,0.7548
56359,0.7548
56360,0.7545
56361,0.7547
56362,0.7552
56363,0.7554
56364,0.7559
56365,0.7554
56366,0.7544
56367,0.7546
56368,0.7546
56369,0.7543
56370,0.754
56371,0.754
56372,0.7543
56373,0.7535
56374,0.7536
56375,0.7538
56376,0.7536
56377,0.7542
56378,0.7543
56379,0.7537
56380,0.7532
56381,0.7528
56382,0.7532
56383,0.7534
56384,0.7528
56385,0.7539
56386,0.7536
56387,0.7535
56388,0.7533
56389,0.7529
56390,0.7533
56391,0.7532
56392,0.7534
56393,0.7534
56394,0.7537
56395,0.7537
56396,0.7538
56397,0.7538
56398,0.7539
56399,0.7536
56400,0.7541
56401,0.7547
56402,0.7541
56403,0.7541
56404,0.7545
56405,0.7547
56406,0.7541
56407,0.7543
56408,0.7538
56409,0.7549
56410,0.7545
56411,0.7547
56412,0.7543
56413,0.7552
56414,0.7549
56415,0.7544
56416,0.7545
56417,0.7543
56418,0.7548
56419,0.7545
56420,0.7556
56421,0.7551
56422,0.7551
56423,0.7551
56424,0.7556
56425,0.7547
56426,0.7545
56427,0.7548
56428,0.755
56429,0.7545
56430,0.755
56431,0.7547
56432,0.7545
56433,0.7547
56434,0.7545
56435,0.7544
56436,0.7547
56437,0.7546
56438,0.7547
56439,0.7541
56440,0.7549
56441,0.7549
56442,0.7546
56443,0.7548
56444,0.7551
56445,0.7547
56446,0.7547
56447,0.7546
56448,0.7538
56449,0.754
56450,0.7538
56451,0.7539
56452,0.7543
56453,0.7546
56454,0.7545
56455,0.7544
56456,0.7544
56457,0.7543
56458,0.755
56459,0.7554
56460,0.7552
56461,0.7558
56462,0.7559
56463,0.7559
56464,0.7555
56465,0.7558
56466,0.755
56467,0.7552
56468,0.7561
56469,0.7562
56470,0.7558
56471,0.7555
56472,0.7554
56473,0.7551
56474,0.7561
56475,0.7553
56476,0.7551
56477,0.7551
56478,0.7564
56479,0.7564
56480,0.7566
56481,0.7562
56482,0.7559
56483,0.7563
56484,0.7559
56485,0.7557
56486,0.7561
56487,0.7561
56488,0.7558
56489,0.7563
56490,0.7564
56491,0.7559
56492,0.7559
56493,0.7557
56494,0.756
56495,0.7562
56496,0.7564
56497,0.7565
56498,0.7562
56499,0.7562
56500,0.7566
56501,0.7564
56502,0.7562
56503,0.7563
56504,0.7564
56505,0.7566
56506,0.7547
56507,0.7542
56508,0.7555
56509,0.7555
56510,0.7556
56511,0.7559
56512,0.7556
56513,0.7555
56514,0.7554
56515,0.7553
56516,0.7554
56517,0.756
56518,0.756
56519,0.7559
56520,0.7557
56521,0.7559
56522,0.7553
56523,0.7551
56524,0.7556
56525,0.7558
56526,0.7544
56527,0.7543
56528,0.7549
56529,0.755
56530,0.7549
56531,0.755
56532,0.7545
56533,0.7554
56534,0.7554
56535,0.7557
56536,0.7558
56537,0.7551
56538,0.7546
56539,0.7548
56540,0.7553
56541,0.7549
56542,0.7549
56543,0.7561
56544,0.756
56545,0.7561
56546,0.7558
56547,0.7559
56548,0.7558
56549,0.7557
56550,0.7559
56551,0.7557
56552,0.7549
56553,0.7544
56554,0.7546
56555,0.755
56556,0.7541
56557,0.7545
56558,0.7547
56559,0.7536
56560,0.7552
56561,0.7552
56562,0.7552
56563,0.7544
56564,0.7547
56565,0.7549
56566,0.7546
56567,0.7547
56568,0.7553
56569,0.7555
56570,0.7555
56571,0.7553
56572,0.7556
56573,0.7556
56574,0.7558
56575,0.756
56576,0.7552
56577,0.7555
56578,0.7554
56579,0.7558
56580,0.7559
56581,0.7557
56582,0.7561
56583,0.7557
56584,0.7561
56585,0.7554
56586,0.7558
56587,0.7564
56588,0.7565
56589,0.7566
56590,0.7565
56591,0.7562
56592,0.7562
56593,0.7546
56594,0.7543
56595,0.7544
56596,0.7547
56597,0.7556
56598,0.7554
56599,0.7545
56600,0.7545
56601,0.7548
56602,0.7548
56603,0.7555
56604,0.7551
56605,0.7551
56606,0.7549
56607,0.7546
56608,0.7547
56609,0.7547
56610,0.7552
56611,0.7553
56612,0.7552
56613,0.7557
56614,0.7554
56615,0.7554
56616,0.7557
56617,0.756
56618,0.7557
56619,0.756
56620,0.7553
56621,0.7548
56622,0.7554
56623,0.7557
56624,0.7562
56625,0.7565
56626,0.7565
56627,0.7555
56628,0.7552
56629,0.7552
56630,0.7555
56631,0.7557
56632,0.7557
56633,0.7557
56634,0.7553
56635,0.7551
56636,0.7552
56637,0.7555
56638,0.7553
56639,0.7557
56640,0.756
56641,0.7555
56642,0.7557
56643,0.7559
56644,0.755
56645,0.7544
56646,0.755
56647,0.7547
56648,0.7552
56649,0.7553
56650,0.7557
56651,0.7558
56652,0.7561
56653,0.7563
56654,0.7565
56655,0.7555
56656,0.7562
56657,0.7551
56658,0.7548
56659,0.7545
56660,0.7549
56661,0.7551
56662,0.7551
56663,0.7556
56664,0.7552
56665,0.7554
56666,0.7551
56667,0.7557
56668,0.756
56669,0.7557
56670,0.755
56671,0.7551
56672,0.7548
56673,0.7549
56674,0.7539
56675,0.7541
56676,0.754
56677,0.7542
56678,0.7544
56679,0.7549
56680,0.7553
56681,0.7482
56682,0.7485
56683,0.7493
56684,0.749
56685,0.7493
56686,0.7501
56687,0.7499
56688,0.7504
56689,0.7505
56690,0.7506
56691,0.7507
56692,0.7507
56693,0.7513
56694,0.7517
56695,0.7515
56696,0.7514
56697,0.7521
56698,0.7524
56699,0.7529
56700,0.7528
56701,0.7527
56702,0.7532
56703,0.7533
56704,0.7537
56705,0.7545
56706,0.7541
56707,0.7543
56708,0.7544
56709,0.7543
56710,0.7542
56711,0.7543
56712,0.7543
56713,0.7534
56714,0.7536
56715,0.7533
56716,0.7536
56717,0.7536
56718,0.7538
56719,0.7539
56720,0.7537
56721,0.7537
56722,0.7531
56723,0.7534
56724,0.754
56725,0.7542
56726,0.7541
56727,0.7546
56728,0.7535
56729,0.7537
56730,0.7536
56731,0.7529
56732,0.7533
56733,0.7531
56734,0.7532
56735,0.7538
56736,0.753
56737,0.7531
56738,0.7536
56739,0.7533
56740,0.7533
56741,0.7534
56742,0.753
56743,0.7532
56744,0.7528
56745,0.7532
56746,0.753
56747,0.7531
56748,0.753
56749,0.7534
56750,0.7534
56751,0.7525
56752,0.7523
56753,0.7527
56754,0.753
56755,0.7529
56756,0.7525
56757,0.7516
56758,0.7515
56759,0.7514
56760,0.7518
56761,0.7498
56762,0.7502
56763,0.75
56764,0.7502
56765,0.7513
56766,0.7522
56767,0.7523
56768,0.7531
56769,0.7535
56770,0.7527
56771,0.7531
56772,0.7531
56773,0.7535
56774,0.7533
56775,0.7532
56776,0.7535
56777,0.7539
56778,0.7536
56779,0.7534
56780,0.7534
56781,0.7534
56782,0.7532
56783,0.7531
56784,0.7533
56785,0.7535
56786,0.753
56787,0.7529
56788,0.7534
56789,0.7535
56790,0.7535
56791,0.7538
56792,0.7536
56793,0.7532
56794,0.7534
56795,0.7532
56796,0.7541
56797,0.7546
56798,0.7547
56799,0.7547
56800,0.7543
56801,0.7541
56802,0.7541
56803,0.7535
56804,0.7542
56805,0.7544
56806,0.7551
56807,0.7546
56808,0.7538
56809,0.7538
56810,0.7538
56811,0.7536
56812,0.754
56813,0.7535
56814,0.7532
56815,0.7529
56816,0.7531
56817,0.7537
56818,0.7533
56819,0.7534
56820,0.7534
56821,0.7534
56822,0.7529
56823,0.7524
56824,0.7526
56825,0.7526
56826,0.7526
56827,0.7529
56828,0.753
56829,0.7529
56830,0.7526
56831,0.7526
56832,0.752
56833,0.7525
56834,0.7522
56835,0.7524
56836,0.753
56837,0.7535
56838,0.7533
56839,0.7535
56840,0.7533
56841,0.7528
56842,0.7524
56843,0.7528
56844,0.7528
56845,0.7529
56846,0.7525
56847,0.752
56848,0.7519
56849,0.7521
56850,0.7523
56851,0.752
56852,0.7524
56853,0.7516
56854,0.752
56855,0.7518
56856,0.7515
56857,0.7521
56858,0.7521
56859,0.752
56860,0.7523
56861,0.7534
56862,0.7536
56863,0.7536
56864,0.7531
56865,0.7515
56866,0.7515
56867,0.752
56868,0.7525
56869,0.7518
56870,0.7523
56871,0.7521
56872,0.7526
56873,0.7518
56874,0.7512
56875,0.7514
56876,0.7514
56877,0.752
56878,0.7521
56879,0.7518
56880,0.7518
56881,0.7512
56882,0.7512
56883,0.7518
56884,0.7519
56885,0.7512
56886,0.7518
56887,0.7519
56888,0.7524
56889,0.7523
56890,0.753
56891,0.7518
56892,0.752
56893,0.7519
56894,0.7525
56895,0.7524
56896,0.7521
56897,0.7529
56898,0.7524
56899,0.7524
56900,0.7521
56901,0.7525
56902,0.753
56903,0.7531
56904,0.7523
56905,0.7525
56906,0.7528
56907,0.753
56908,0.7531
56909,0.7528
56910,0.7533
56911,0.7534
56912,0.7527
56913,0.7521
56914,0.7523
56915,0.753
56916,0.7522
56917,0.7523
56918,0.7532
56919,0.7528
56920,0.7526
56921,0.7528
56922,0.7522
56923,0.7529
56924,0.7529
56925,0.7531
56926,0.7529
56927,0.7526
56928,0.7524
56929,0.7523
56930,0.7522
56931,0.7527
56932,0.7527
56933,0.7524
56934,0.7518
56935,0.752
56936,0.7526
56937,0.7526
56938,0.7531
56939,0.7529
56940,0.7526
56941,0.7529
56942,0.7527
56943,0.7527
56944,0.7534
56945,0.753
56946,0.7528
56947,0.7533
56948,0.7534
56949,0.7535
56950,0.7536
56951,0.7538
56952,0.7537
56953,0.7534
56954,0.7536
56955,0.753
56956,0.7533
56957,0.7529
56958,0.7527
56959,0.7531
56960,0.7533
56961,0.7534
56962,0.7532
56963,0.7517
56964,0.7516
56965,0.7521
56966,0.7526
56967,0.7528
56968,0.7528
56969,0.7535
56970,0.753
56971,0.7532
56972,0.7527
56973,0.7532
56974,0.7545
56975,0.7546
56976,0.7546
56977,0.7545
56978,0.7549
56979,0.7535
56980,0.7535
56981,0.754
56982,0.7538
56983,0.7534
56984,0.7533
56985,0.7543
56986,0.7533
56987,0.7531
56988,0.7534
56989,0.7533
56990,0.7533
56991,0.7533
56992,0.7528
56993,0.7529
56994,0.7526
56995,0.7526
56996,0.7528
56997,0.753
56998,0.7524
56999,0.753
57000,0.7535
57001,0.7533
57002,0.7532
57003,0.7531
57004,0.7531
57005,0.7529
57006,0.7534
57007,0.7535
57008,0.7537
57009,0.7533
57010,0.7536
57011,0.7534
57012,0.7542
57013,0.7541
57014,0.7546
57015,0.7544
57016,0.7543
57017,0.7544
57018,0.7543
57019,0.7542
57020,0.7538
57021,0.7536
57022,0.7534
57023,0.7538
57024,0.7539
57025,0.7536
57026,0.7541
57027,0.7542
57028,0.7541
57029,0.7528
57030,0.753
57031,0.7532
57032,0.7532
57033,0.7533
57034,0.7531
57035,0.7528
57036,0.7531
57037,0.7533
57038,0.7532
57039,0.7523
57040,0.7528
57041,0.7532
57042,0.7532
57043,0.7531
57044,0.7533
57045,0.753
57046,0.7525
57047,0.7526
57048,0.7528
57049,0.7532
57050,0.7532
57051,0.7535
57052,0.7536
57053,0.7523
57054,0.7536
57055,0.7536
57056,0.7539
57057,0.7541
57058,0.7539
57059,0.7537
57060,0.7528
57061,0.7529
57062,0.753
57063,0.7538
57064,0.7537
57065,0.7538
57066,0.7536
57067,0.7536
57068,0.7532
57069,0.7533
57070,0.7529
57071,0.7536
57072,0.754
57073,0.7541
57074,0.7542
57075,0.7547
57076,0.7543
57077,0.7542
57078,0.7542
57079,0.754
57080,0.7538
57081,0.7532
57082,0.7538
57083,0.7536
57084,0.7538
57085,0.7535
57086,0.7536
57087,0.7533
57088,0.7532
57089,0.7523
57090,0.7529
57091,0.753
57092,0.7528
57093,0.7529
57094,0.7536
57095,0.7535
57096,0.7538
57097,0.7532
57098,0.7531
57099,0.7533
57100,0.7532
57101,0.753
57102,0.7533
57103,0.7536
57104,0.754
57105,0.7536
57106,0.7538
57107,0.7539
57108,0.7537
57109,0.7535
57110,0.7538
57111,0.7512
57112,0.7516
57113,0.7518
57114,0.7522
57115,0.7523
57116,0.7529
57117,0.7526
57118,0.7531
57119,0.7544
57120,0.7535
57121,0.7544
57122,0.7537
57123,0.7543
57124,0.7544
57125,0.7543
57126,0.7536
57127,0.7536
57128,0.7536
57129,0.754
57130,0.7539
57131,0.7543
57132,0.7546
57133,0.7548
57134,0.7541
57135,0.7527
57136,0.7528
57137,0.7528
57138,0.7532
57139,0.7535
57140,0.7537
57141,0.7534
57142,0.7535
57143,0.7539
57144,0.7536
57145,0.7539
57146,0.7532
57147,0.7531
57148,0.7527
57149,0.7525
57150,0.7526
57151,0.7529
57152,0.7527
57153,0.7529
57154,0.7531
57155,0.7521
57156,0.7524
57157,0.7532
57158,0.7527
57159,0.7528
57160,0.7524
57161,0.7526
57162,0.7523
57163,0.7523
57164,0.7523
57165,0.7522
57166,0.7532
57167,0.7528
57168,0.7532
57169,0.7533
57170,0.7527
57171,0.7529
57172,0.754
57173,0.754
57174,0.7538
57175,0.7535
57176,0.7539
57177,0.7532
57178,0.7532
57179,0.7531
57180,0.7537
57181,0.7535
57182,0.7532
57183,0.7535
57184,0.754
57185,0.7546
57186,0.7557
57187,0.7553
57188,0.755
57189,0.754
57190,0.7539
57191,0.7549
57192,0.7552
57193,0.7549
57194,0.7548
57195,0.7547
57196,0.7539
57197,0.7543
57198,0.754
57199,0.7544
57200,0.7536
57201,0.7535
57202,0.7538
57203,0.7533
57204,0.753
57205,0.7542
57206,0.7543
57207,0.7546
57208,0.7544
57209,0.7541
57210,0.7544
57211,0.7545
57212,0.7545
57213,0.7539
57214,0.754
57215,0.7548
57216,0.7546
57217,0.7547
57218,0.7547
57219,0.7543
57220,0.7552
57221,0.7549
57222,0.755
57223,0.7546
57224,0.7545
57225,0.7546
57226,0.7544
57227,0.7544
57228,0.7544
57229,0.7538
57230,0.7545
57231,0.7545
57232,0.7542
57233,0.7544
57234,0.7541
57235,0.7543
57236,0.7541
57237,0.7538
57238,0.7535
57239,0.7538
57240,0.7543
57241,0.7544
57242,0.7547
57243,0.7552
57244,0.7548
57245,0.7543
57246,0.7542
57247,0.7545
57248,0.7534
57249,0.7541
57250,0.7544
57251,0.7541
57252,0.7548
57253,0.7548
57254,0.755
57255,0.755
57256,0.754
57257,0.7545
57258,0.7549
57259,0.7553
57260,0.7553
57261,0.7556
57262,0.7555
57263,0.7554
57264,0.7554
57265,0.7552
57266,0.755
57267,0.7553
57268,0.7551
57269,0.7553
57270,0.7554
57271,0.7551
57272,0.7548
57273,0.7547
57274,0.7549
57275,0.7548
57276,0.7547
57277,0.7548
57278,0.7549
57279,0.7553
57280,0.7544
57281,0.7541
57282,0.7543
57283,0.7542
57284,0.7544
57285,0.7542
57286,0.7534
57287,0.7532
57288,0.7542
57289,0.7538
57290,0.7544
57291,0.7541
57292,0.7544
57293,0.7546
57294,0.7542
57295,0.754
57296,0.7544
57297,0.7544
57298,0.7544
57299,0.7544
57300,0.7544
57301,0.7537
57302,0.7541
57303,0.7541
57304,0.754
57305,0.7532
57306,0.7534
57307,0.7539
57308,0.7534
57309,0.7539
57310,0.7538
57311,0.7539
57312,0.754
57313,0.7541
57314,0.7545
57315,0.7543
57316,0.7544
57317,0.7544
57318,0.7544
57319,0.7546
57320,0.7545
57321,0.7545
57322,0.7547
57323,0.7543
57324,0.7549
57325,0.7545
57326,0.7543
57327,0.7544
57328,0.7547
57329,0.7548
57330,0.7551
57331,0.7551
57332,0.7548
57333,0.7548
57334,0.755
57335,0.7551
57336,0.755
57337,0.7551
57338,0.7548
57339,0.7553
57340,0.7549
57341,0.755
57342,0.7544
57343,0.7546
57344,0.7549
57345,0.7555
57346,0.7549
57347,0.7553
57348,0.755
57349,0.755
57350,0.7556
57351,0.7552
57352,0.7552
57353,0.7552
57354,0.7543
57355,0.7542
57356,0.7545
57357,0.7541
57358,0.7537
57359,0.7542
57360,0.7543
57361,0.7544
57362,0.7545
57363,0.7548
57364,0.755
57365,0.7551
57366,0.7546
57367,0.7546
57368,0.754
57369,0.754
57370,0.754
57371,0.7545
57372,0.7545
57373,0.7545
57374,0.7551
57375,0.7552
57376,0.7548
57377,0.7551
57378,0.7555
57379,0.7548
57380,0.7554
57381,0.7548
57382,0.7545
57383,0.7545
57384,0.7546
57385,0.7545
57386,0.7548
57387,0.755
57388,0.7556
57389,0.7554
57390,0.7556
57391,0.7553
57392,0.7555
57393,0.7555
57394,0.7556
57395,0.7555
57396,0.7546
57397,0.7546
57398,0.7545
57399,0.7549
57400,0.7548
57401,0.7545
57402,0.7545
57403,0.7547
57404,0.7545
57405,0.7547
57406,0.7549
57407,0.7546
57408,0.7543
57409,0.7547
57410,0.7538
57411,0.7539
57412,0.7538
57413,0.7543
57414,0.7545
57415,0.7551
57416,0.7548
57417,0.7546
57418,0.7547
57419,0.7549
57420,0.7556
57421,0.7551
57422,0.7539
57423,0.7539
57424,0.7543
57425,0.7547
57426,0.7546
57427,0.7543
57428,0.7547
57429,0.7547
57430,0.7546
57431,0.7544
57432,0.7549
57433,0.7542
57434,0.7544
57435,0.7545
57436,0.7541
57437,0.7541
57438,0.7541
57439,0.7537
57440,0.7534
57441,0.7535
57442,0.7538
57443,0.7534
57444,0.7538
57445,0.7515
57446,0.7518
57447,0.7517
57448,0.7518
57449,0.7515
57450,0.7529
57451,0.7529
57452,0.753
57453,0.7524
57454,0.753
57455,0.7534
57456,0.7532
57457,0.7535
57458,0.7541
57459,0.7539
57460,0.7528
57461,0.7528
57462,0.7527
57463,0.7526
57464,0.7518
57465,0.7524
57466,0.753
57467,0.7532
57468,0.7533
57469,0.7533
57470,0.7539
57471,0.7541
57472,0.7545
57473,0.7532
57474,0.7536
57475,0.7539
57476,0.7543
57477,0.7542
57478,0.7537
57479,0.7541
57480,0.7541
57481,0.7541
57482,0.7507
57483,0.7508
57484,0.7513
57485,0.7515
57486,0.7514
57487,0.7519
57488,0.7522
57489,0.7528
57490,0.7524
57491,0.7529
57492,0.7527
57493,0.7527
57494,0.7534
57495,0.753
57496,0.7528
57497,0.7527
57498,0.7528
57499,0.7527
57500,0.7531
57501,0.7531
57502,0.7531
57503,0.753
57504,0.7527
57505,0.7529
57506,0.753
57507,0.7531
57508,0.7532
57509,0.7533
57510,0.7536
57511,0.7529
57512,0.7534
57513,0.7536
57514,0.7533
57515,0.7533
57516,0.7531
57517,0.7533
57518,0.754
57519,0.7537
57520,0.7534
57521,0.7534
57522,0.7535
57523,0.7541
57524,0.7529
57525,0.7543
57526,0.7533
57527,0.7563
57528,0.7563
57529,0.7566
57530,0.7562
57531,0.7563
57532,0.7564
57533,0.7559
57534,0.756
57535,0.7571
57536,0.7568
57537,0.7569
57538,0.7568
57539,0.7569
57540,0.7562
57541,0.7564
57542,0.7563
57543,0.7565
57544,0.7562
57545,0.7564
57546,0.7562
57547,0.7556
57548,0.7561
57549,0.7561
57550,0.7564
57551,0.7565
57552,0.7567
57553,0.7566
57554,0.7561
57555,0.7568
57556,0.7565
57557,0.7566
57558,0.7564
57559,0.7564
57560,0.7563
57561,0.7566
57562,0.7557
57563,0.756
57564,0.7562
57565,0.7551
57566,0.7556
57567,0.7562
57568,0.756
57569,0.7554
57570,0.7551
57571,0.7555
57572,0.7558
57573,0.7558
57574,0.7559
57575,0.7562
57576,0.756
57577,0.7565
57578,0.7564
57579,0.7555
57580,0.7558
57581,0.7557
57582,0.7557
57583,0.7551
57584,0.7552
57585,0.7551
57586,0.7555
57587,0.7555
57588,0.7555
57589,0.7555
57590,0.7551
57591,0.7559
57592,0.7552
57593,0.7554
57594,0.7555
57595,0.7551
57596,0.7554
57597,0.7553
57598,0.7549
57599,0.7553
57600,0.7552
57601,0.7555
57602,0.7555
57603,0.7557
57604,0.7557
57605,0.7558
57606,0.7558
57607,0.756
57608,0.7558
57609,0.7558
57610,0.7559
57611,0.7557
57612,0.7559
57613,0.755
57614,0.7555
57615,0.7558
57616,0.7557
57617,0.756
57618,0.7555
57619,0.7552
57620,0.7554
57621,0.7558
57622,0.756
57623,0.7558
57624,0.7559
57625,0.7557
57626,0.7555
57627,0.7556
57628,0.756
57629,0.7563
57630,0.7558
57631,0.7558
57632,0.7552
57633,0.7556
57634,0.7557
57635,0.7556
57636,0.7553
57637,0.7552
57638,0.7553
57639,0.7552
57640,0.7556
57641,0.7555
57642,0.7555
57643,0.7559
57644,0.7535
57645,0.7545
57646,0.7543
57647,0.7549
57648,0.7549
57649,0.7546
57650,0.7532
57651,0.7526
57652,0.7521
57653,0.7531
57654,0.7532
57655,0.7534
57656,0.7535
57657,0.7531
57658,0.7535
57659,0.7539
57660,0.754
57661,0.7546
57662,0.7547
57663,0.7546
57664,0.7544
57665,0.7543
57666,0.7548
57667,0.7549
57668,0.755
57669,0.7544
57670,0.7544
57671,0.7547
57672,0.7551
57673,0.7553
57674,0.7556
57675,0.755
57676,0.7548
57677,0.7543
57678,0.7541
57679,0.7547
57680,0.7551
57681,0.7549
57682,0.7548
57683,0.7547
57684,0.7545
57685,0.7542
57686,0.7542
57687,0.7544
57688,0.7546
57689,0.7541
57690,0.7548
57691,0.7548
57692,0.7549
57693,0.7543
57694,0.7542
57695,0.7544
57696,0.7541
57697,0.7548
57698,0.7545
57699,0.7548
57700,0.7541
57701,0.7542
57702,0.755
57703,0.755
57704,0.7544
57705,0.7545
57706,0.7548
57707,0.7549
57708,0.7539
57709,0.7542
57710,0.7542
57711,0.7546
57712,0.7545
57713,0.7534
57714,0.7538
57715,0.7541
57716,0.7542
57717,0.7539
57718,0.7542
57719,0.7538
57720,0.7538
57721,0.7542
57722,0.7538
57723,0.7541
57724,0.7543
57725,0.7538
57726,0.7544
57727,0.7544
57728,0.7537
57729,0.7538
57730,0.7538
57731,0.7532
57732,0.7528
57733,0.7532
57734,0.753
57735,0.7532
57736,0.7537
57737,0.7531
57738,0.7539
57739,0.7541
57740,0.7534
57741,0.754
57742,0.754
57743,0.7543
57744,0.7539
57745,0.7544
57746,0.7543
57747,0.7541
57748,0.7541
57749,0.7539
57750,0.7539
57751,0.7542
57752,0.7545
57753,0.754
57754,0.7543
57755,0.7546
57756,0.7544
57757,0.7541
57758,0.754
57759,0.7543
57760,0.7543
57761,0.7539
57762,0.7543
57763,0.7546
57764,0.755
57765,0.755
57766,0.7547
57767,0.7546
57768,0.7552
57769,0.755
57770,0.7549
57771,0.7545
57772,0.7543
57773,0.7546
57774,0.7544
57775,0.7546
57776,0.7545
57777,0.7546
57778,0.7541
57779,0.7549
57780,0.7551
57781,0.7548
57782,0.7546
57783,0.754
57784,0.7545
57785,0.7554
57786,0.7555
57787,0.7555
57788,0.7555
57789,0.7548
57790,0.7551
57791,0.755
57792,0.7548
57793,0.7546
57794,0.7548
57795,0.7547
57796,0.7553
57797,0.7551
57798,0.755
57799,0.7554
57800,0.7551
57801,0.7541
57802,0.7542
57803,0.7542
57804,0.7545
57805,0.7542
57806,0.7541
57807,0.7542
57808,0.7539
57809,0.7532
57810,0.7536
57811,0.7538
57812,0.7541
57813,0.7546
57814,0.7536
57815,0.754
57816,0.7538
57817,0.7542
57818,0.7543
57819,0.755
57820,0.7549
57821,0.7542
57822,0.7546
57823,0.7544
57824,0.7542
57825,0.7543
57826,0.7541
57827,0.7543
57828,0.7543
57829,0.7544
57830,0.7542
57831,0.7544
57832,0.7543
57833,0.7545
57834,0.7545
57835,0.7545
57836,0.7545
57837,0.7547
57838,0.7544
57839,0.7542
57840,0.7537
57841,0.7539
57842,0.7542
57843,0.7541
57844,0.754
57845,0.7547
57846,0.7543
57847,0.7543
57848,0.7547
57849,0.7552
57850,0.7556
57851,0.7554
57852,0.7554
57853,0.754
57854,0.7537
57855,0.7543
57856,0.7546
57857,0.7542
57858,0.7543
57859,0.7542
57860,0.7542
57861,0.754
57862,0.753
57863,0.7534
57864,0.7544
57865,0.7544
57866,0.7542
57867,0.7544
57868,0.7543
57869,0.7543
57870,0.7541
57871,0.7541
57872,0.7544
57873,0.7542
57874,0.7539
57875,0.7543
57876,0.7541
57877,0.7543
57878,0.754
57879,0.7536
57880,0.754
57881,0.754
57882,0.7541
57883,0.7543
57884,0.7538
57885,0.7537
57886,0.754
57887,0.754
57888,0.7537
57889,0.7539
57890,0.7537
57891,0.7532
57892,0.7537
57893,0.7534
57894,0.753
57895,0.7534
57896,0.7533
57897,0.7536
57898,0.7535
57899,0.7528
57900,0.7531
57901,0.7537
57902,0.7539
57903,0.7529
57904,0.7536
57905,0.7534
57906,0.7532
57907,0.753
57908,0.7531
57909,0.7532
57910,0.7532
57911,0.7532
57912,0.7533
57913,0.7531
57914,0.7531
57915,0.7536
57916,0.7536
57917,0.7541
57918,0.7539
57919,0.754
57920,0.7541
57921,0.7539
57922,0.7547
57923,0.7545
57924,0.7546
57925,0.7538
57926,0.7541
57927,0.7545
57928,0.7543
57929,0.7538
57930,0.7524
57931,0.7525
57932,0.7526
57933,0.7528
57934,0.7529
57935,0.7534
57936,0.7535
57937,0.7531
57938,0.7535
57939,0.753
57940,0.7532
57941,0.7531
57942,0.7532
57943,0.7537
57944,0.7535
57945,0.7535
57946,0.7541
57947,0.7537
57948,0.7536
57949,0.7537
57950,0.7527
57951,0.7537
57952,0.7538
57953,0.7541
57954,0.7542
57955,0.754
57956,0.7539
57957,0.7533
57958,0.7528
57959,0.7535
57960,0.7537
57961,0.7535
57962,0.7539
57963,0.7534
57964,0.7536
57965,0.7535
57966,0.7532
57967,0.7533
57968,0.7536
57969,0.7532
57970,0.7531
57971,0.7538
57972,0.7537
57973,0.7535
57974,0.7527
57975,0.753
57976,0.7532
57977,0.7536
57978,0.7536
57979,0.7539
57980,0.7533
57981,0.7535
57982,0.7535
57983,0.7533
57984,0.7538
57985,0.7531
57986,0.7531
57987,0.7534
57988,0.7533
57989,0.7537
57990,0.7539
57991,0.7538
57992,0.7537
57993,0.7528
57994,0.7525
57995,0.753
57996,0.7527
57997,0.7532
57998,0.753
57999,0.7526
58000,0.7531
58001,0.753
58002,0.753
58003,0.7531
58004,0.7533
58005,0.7539
58006,0.754
58007,0.7539
58008,0.7536
58009,0.7538
58010,0.7472
58011,0.7478
58012,0.7484
58013,0.7492
58014,0.7493
58015,0.7498
58016,0.7498
58017,0.7497
58018,0.7502
58019,0.7503
58020,0.7503
58021,0.7507
58022,0.7511
58023,0.7512
58024,0.7513
58025,0.7513
58026,0.7525
58027,0.7521
58028,0.7526
58029,0.7529
58030,0.7527
58031,0.7531
58032,0.7528
58033,0.7527
58034,0.7528
58035,0.7528
58036,0.7529
58037,0.7525
58038,0.7524
58039,0.7519
58040,0.7525
58041,0.7524
58042,0.7526
58043,0.7528
58044,0.7528
58045,0.7528
58046,0.7523
58047,0.7524
58048,0.752
58049,0.7523
58050,0.7519
58051,0.7524
58052,0.7523
58053,0.7525
58054,0.7523
58055,0.753
58056,0.7531
58057,0.7534
58058,0.7533
58059,0.7518
58060,0.7525
58061,0.7524
58062,0.7524
58063,0.7526
58064,0.7527
58065,0.7527
58066,0.753
58067,0.7527
58068,0.7524
58069,0.753
58070,0.7532
58071,0.7534
58072,0.7531
58073,0.753
58074,0.7523
58075,0.7526
58076,0.753
58077,0.7529
58078,0.7529
58079,0.7528
58080,0.7529
58081,0.7532
58082,0.7529
58083,0.7529
58084,0.7532
58085,0.7531
58086,0.7531
58087,0.753
58088,0.7537
58089,0.7536
58090,0.7524
58091,0.7531
58092,0.7531
58093,0.7518
58094,0.752
58095,0.7526
58096,0.7525
58097,0.7528
58098,0.7529
58099,0.753
58100,0.7529
58101,0.7527
58102,0.7531
58103,0.7531
58104,0.7528
58105,0.7525
58106,0.7527
58107,0.7528
58108,0.7529
58109,0.753
58110,0.7528
58111,0.7525
58112,0.7521
58113,0.7523
58114,0.7523
58115,0.7531
58116,0.7526
58117,0.753
58118,0.7525
58119,0.7529
58120,0.7517
58121,0.7522
58122,0.7527
58123,0.7526
58124,0.7526
58125,0.7535
58126,0.753
58127,0.7529
58128,0.7521
58129,0.7519
58130,0.7519
58131,0.7523
58132,0.7527
58133,0.7522
58134,0.7523
58135,0.7525
58136,0.7528
58137,0.7523
58138,0.7524
58139,0.7529
58140,0.7529
58141,0.7526
58142,0.7522
58143,0.7524
58144,0.7526
58145,0.753
58146,0.7525
58147,0.7529
58148,0.7526
58149,0.7529
58150,0.7531
58151,0.7526
58152,0.7526
58153,0.7529
58154,0.7529
58155,0.753
58156,0.7524
58157,0.7533
58158,0.7534
58159,0.7535
58160,0.7536
58161,0.7535
58162,0.7538
58163,0.7527
58164,0.7531
58165,0.7533
58166,0.7529
58167,0.7529
58168,0.7528
58169,0.7529
58170,0.7529
58171,0.7528
58172,0.7529
58173,0.7529
58174,0.7529
58175,0.7528
58176,0.7527
58177,0.7526
58178,0.7527
58179,0.7526
58180,0.7531
58181,0.753
58182,0.7533
58183,0.7533
58184,0.7534
58185,0.7534
58186,0.7533
58187,0.7537
58188,0.7535
58189,0.7534
58190,0.753
58191,0.7527
58192,0.7534
58193,0.7532
58194,0.7531
58195,0.7528
58196,0.7534
58197,0.7533
58198,0.7521
58199,0.7526
58200,0.7524
58201,0.7525
58202,0.7526
58203,0.753
58204,0.7531
58205,0.7531
58206,0.7538
58207,0.7541
58208,0.7531
58209,0.753
58210,0.7528
58211,0.7528
58212,0.753
58213,0.7531
58214,0.7525
58215,0.7532
58216,0.753
58217,0.7532
58218,0.7532
58219,0.7531
58220,0.7537
58221,0.7535
58222,0.7529
58223,0.7533
58224,0.7537
58225,0.7537
58226,0.7529
58227,0.7532
58228,0.7521
58229,0.7527
58230,0.7524
58231,0.7523
58232,0.7522
58233,0.7523
58234,0.7524
58235,0.7527
58236,0.7526
58237,0.7527
58238,0.7527
58239,0.753
58240,0.753
58241,0.7528
58242,0.7531
58243,0.7528
58244,0.7529
58245,0.753
58246,0.7527
58247,0.7526
58248,0.7533
58249,0.7526
58250,0.7529
58251,0.753
58252,0.7536
58253,0.7536
58254,0.7536
58255,0.7532
58256,0.7537
58257,0.7538
58258,0.7539
58259,0.7538
58260,0.7538
58261,0.7531
58262,0.7532
58263,0.7536
58264,0.7535
58265,0.7534
58266,0.7521
58267,0.7527
58268,0.7528
58269,0.753
58270,0.7532
58271,0.7531
58272,0.7529
58273,0.7528
58274,0.7532
58275,0.7531
58276,0.7529
58277,0.7531
58278,0.7531
58279,0.7531
58280,0.7532
58281,0.7532
58282,0.753
58283,0.7531
58284,0.7534
58285,0.7537
58286,0.7531
58287,0.7533
58288,0.7519
58289,0.7519
58290,0.7528
58291,0.7526
58292,0.7528
58293,0.7528
58294,0.7527
58295,0.7527
58296,0.7531
58297,0.7533
58298,0.7536
58299,0.7533
58300,0.753
58301,0.7524
58302,0.7518
58303,0.7534
58304,0.7531
58305,0.7527
58306,0.753
58307,0.7528
58308,0.7528
58309,0.7533
58310,0.7533
58311,0.753
58312,0.7532
58313,0.7533
58314,0.7524
58315,0.7525
58316,0.7529
58317,0.753
58318,0.7532
58319,0.7532
58320,0.7531
58321,0.7532
58322,0.7526
58323,0.7528
58324,0.7526
58325,0.7533
58326,0.7532
58327,0.7534
58328,0.7514
58329,0.7513
58330,0.7516
58331,0.7511
58332,0.752
58333,0.7519
58334,0.7523
58335,0.7528
58336,0.7525
58337,0.7533
58338,0.7534
58339,0.7534
58340,0.7533
58341,0.7535
58342,0.7535
58343,0.7533
58344,0.7531
58345,0.7524
58346,0.7531
58347,0.7533
58348,0.7528
58349,0.7527
58350,0.7532
58351,0.7533
58352,0.7525
58353,0.7533
58354,0.753
58355,0.7527
58356,0.7525
58357,0.7525
58358,0.7521
58359,0.7516
58360,0.7519
58361,0.7522
58362,0.751
58363,0.7513
58364,0.7515
58365,0.7517
58366,0.7519
58367,0.7521
58368,0.7477
58369,0.7479
58370,0.7472
58371,0.7479
58372,0.7481
58373,0.7492
58374,0.7495
58375,0.7498
58376,0.7505
58377,0.7515
58378,0.7508
58379,0.751
58380,0.7506
58381,0.7499
58382,0.7512
58383,0.7515
58384,0.7508
58385,0.7511
58386,0.7516
58387,0.7513
58388,0.751
58389,0.7509
58390,0.7509
58391,0.7506
58392,0.7511
58393,0.7512
58394,0.7512
58395,0.7516
58396,0.7516
58397,0.7515
58398,0.7515
58399,0.7514
58400,0.7519
58401,0.7516
58402,0.7519
58403,0.752
58404,0.7519
58405,0.7519
58406,0.7517
58407,0.7521
58408,0.7521
58409,0.7526
58410,0.7524
58411,0.7519
58412,0.7521
58413,0.7524
58414,0.7521
58415,0.7523
58416,0.7523
58417,0.7523
58418,0.7517
58419,0.7523
58420,0.7517
58421,0.7521
58422,0.7519
58423,0.7523
58424,0.7524
58425,0.7533
58426,0.7533
58427,0.7531
58428,0.7532
58429,0.7531
58430,0.7534
58431,0.7527
58432,0.7531
58433,0.7517
58434,0.7516
58435,0.7521
58436,0.7518
58437,0.7524
58438,0.7532
58439,0.7533
58440,0.7539
58441,0.7536
58442,0.7531
58443,0.7535
58444,0.7539
58445,0.7535
58446,0.7534
58447,0.7531
58448,0.7538
58449,0.754
58450,0.7523
58451,0.7528
58452,0.7529
58453,0.7529
58454,0.7526
58455,0.753
58456,0.7533
58457,0.7532
58458,0.7535
58459,0.7531
58460,0.7531
58461,0.753
58462,0.7533
58463,0.7532
58464,0.7535
58465,0.7531
58466,0.7534
58467,0.753
58468,0.7536
58469,0.7538
58470,0.7536
58471,0.7532
58472,0.7535
58473,0.7537
58474,0.7538
58475,0.7539
58476,0.7531
58477,0.7529
58478,0.7532
58479,0.7533
58480,0.7532
58481,0.7533
58482,0.7527
58483,0.7532
58484,0.7531
58485,0.7535
58486,0.7527
58487,0.753
58488,0.753
58489,0.7527
58490,0.7527
58491,0.753
58492,0.7529
58493,0.7536
58494,0.7535
58495,0.7506
58496,0.7512
58497,0.7521
58498,0.752
58499,0.7518
58500,0.752
58501,0.7522
58502,0.7523
58503,0.7521
58504,0.7523
58505,0.7525
58506,0.7524
58507,0.7529
58508,0.7532
58509,0.7531
58510,0.7529
58511,0.7531
58512,0.7533
58513,0.7535
58514,0.7528
58515,0.7532
58516,0.754
58517,0.7538
58518,0.7534
58519,0.7536
58520,0.7531
58521,0.7534
58522,0.7528
58523,0.7532
58524,0.7533
58525,0.7537
58526,0.7524
58527,0.7525
58528,0.7529
58529,0.7531
58530,0.7527
58531,0.753
58532,0.7525
58533,0.7535
58534,0.753
58535,0.753
58536,0.7526
58537,0.7525
58538,0.7529
58539,0.7528
58540,0.7535
58541,0.7537
58542,0.7538
58543,0.7536
58544,0.7536
58545,0.7539
58546,0.754
58547,0.7539
58548,0.7529
58549,0.7526
58550,0.7526
58551,0.753
58552,0.7527
58553,0.753
58554,0.7535
58555,0.7493
58556,0.7491
58557,0.7493
58558,0.7489
58559,0.7497
58560,0.7491
58561,0.7496
58562,0.7506
58563,0.7508
58564,0.7505
58565,0.7516
58566,0.7517
58567,0.752
58568,0.7508
58569,0.7511
58570,0.7509
58571,0.7509
58572,0.7528
58573,0.7526
58574,0.7555
58575,0.7548
58576,0.753
58577,0.7534
58578,0.7533
58579,0.7528
58580,0.7531
58581,0.7532
58582,0.7532
58583,0.7535
58584,0.7538
58585,0.7539
58586,0.7534
58587,0.7529
58588,0.7526
58589,0.7529
58590,0.753
58591,0.7527
58592,0.7539
58593,0.7535
58594,0.754
58595,0.7537
58596,0.7537
58597,0.754
58598,0.7543
58599,0.7544
58600,0.7542
58601,0.754
58602,0.7536
58603,0.7544
58604,0.7535
58605,0.7535
58606,0.7534
58607,0.7522
58608,0.754
58609,0.7541
58610,0.7534
58611,0.7535
58612,0.7537
58613,0.7532
58614,0.7531
58615,0.7526
58616,0.7534
58617,0.7534
58618,0.7532
58619,0.7533
58620,0.7532
58621,0.7529
58622,0.7526
58623,0.7537
58624,0.753
58625,0.7532
58626,0.7534
58627,0.7536
58628,0.7537
58629,0.7548
58630,0.7546
58631,0.7547
58632,0.7546
58633,0.7542
58634,0.7526
58635,0.7524
58636,0.7529
58637,0.7529
58638,0.7527
58639,0.7524
58640,0.7526
58641,0.7517
58642,0.7523
58643,0.7533
58644,0.7544
58645,0.7538
58646,0.7539
58647,0.7545
58648,0.754
58649,0.7543
58650,0.7539
58651,0.7537
58652,0.7537
58653,0.754
58654,0.7537
58655,0.7531
58656,0.7535
58657,0.7545
58658,0.7539
58659,0.7534
58660,0.7538
58661,0.7539
58662,0.7539
58663,0.7542
58664,0.7542
58665,0.7541
58666,0.7541
58667,0.7535
58668,0.7534
58669,0.7536
58670,0.7537
58671,0.7536
58672,0.7538
58673,0.7539
58674,0.7532
58675,0.7531
58676,0.7527
58677,0.7529
58678,0.753
58679,0.7532
58680,0.7535
58681,0.7535
58682,0.7536
58683,0.7538
58684,0.7542
58685,0.7541
58686,0.7533
58687,0.7528
58688,0.7528
58689,0.7526
58690,0.7538
58691,0.7535
58692,0.7532
58693,0.7533
58694,0.7529
58695,0.7528
58696,0.753
58697,0.7525
58698,0.7526
58699,0.7527
58700,0.7532
58701,0.7527
58702,0.7524
58703,0.7535
58704,0.7527
58705,0.7527
58706,0.7531
58707,0.7533
58708,0.7527
58709,0.7531
58710,0.7532
58711,0.7532
58712,0.7531
58713,0.7525
58714,0.7527
58715,0.7528
58716,0.7525
58717,0.7542
58718,0.754
58719,0.7534
58720,0.7543
58721,0.7544
58722,0.7546
58723,0.7547
58724,0.7546
58725,0.7544
58726,0.7545
58727,0.7547
58728,0.7543
58729,0.7558
58730,0.7554
58731,0.7556
58732,0.7544
58733,0.7546
58734,0.7543
58735,0.7533
58736,0.7533
58737,0.7536
58738,0.7537
58739,0.7531
58740,0.7532
58741,0.7545
58742,0.7543
58743,0.7541
58744,0.7538
58745,0.7534
58746,0.7539
58747,0.754
58748,0.7537
58749,0.7545
58750,0.7545
58751,0.7548
58752,0.7546
58753,0.7552
58754,0.755
58755,0.7546
58756,0.7554
58757,0.755
58758,0.7551
58759,0.7545
58760,0.7546
58761,0.7547
58762,0.7546
58763,0.7547
58764,0.7552
58765,0.7555
58766,0.7548
58767,0.7547
58768,0.7556
58769,0.7556
58770,0.7554
58771,0.7549
58772,0.7547
58773,0.7549
58774,0.7549
58775,0.7552
58776,0.7546
58777,0.7548
58778,0.7547
58779,0.7538
58780,0.7544
58781,0.7547
58782,0.7549
58783,0.7545
58784,0.7537
58785,0.7538
58786,0.7546
58787,0.7546
58788,0.7544
58789,0.754
58790,0.7542
58791,0.7547
58792,0.7537
58793,0.7538
58794,0.754
58795,0.7546
58796,0.7546
58797,0.7546
58798,0.7546
58799,0.7542
58800,0.7538
58801,0.7542
58802,0.7543
58803,0.7551
58804,0.7549
58805,0.7544
58806,0.7552
58807,0.7555
58808,0.7553
58809,0.7552
58810,0.755
58811,0.7549
58812,0.755
58813,0.7549
58814,0.7551
58815,0.7549
58816,0.7554
58817,0.7552
58818,0.7549
58819,0.7551
58820,0.7545
58821,0.7539
58822,0.7536
58823,0.7536
58824,0.7537
58825,0.7534
58826,0.7536
58827,0.7537
58828,0.7533
58829,0.7534
58830,0.7536
58831,0.7536
58832,0.7539
58833,0.7539
58834,0.7546
58835,0.7545
58836,0.7542
58837,0.7548
58838,0.7547
58839,0.7549
58840,0.7546
58841,0.7545
58842,0.7548
58843,0.7553
58844,0.7557
58845,0.7554
58846,0.7551
58847,0.7555
58848,0.7551
58849,0.7553
58850,0.7553
58851,0.7555
58852,0.7551
58853,0.7544
58854,0.7547
58855,0.7544
58856,0.7544
58857,0.7533
58858,0.7527
58859,0.7539
58860,0.7544
58861,0.7545
58862,0.7541
58863,0.7544
58864,0.7545
58865,0.7539
58866,0.7553
58867,0.7552
58868,0.7549
58869,0.7552
58870,0.7553
58871,0.7556
58872,0.7555
58873,0.7546
58874,0.7545
58875,0.7536
58876,0.7541
58877,0.7538
58878,0.7537
58879,0.754
58880,0.7535
58881,0.7538
58882,0.7541
58883,0.7541
58884,0.7543
58885,0.7545
58886,0.7543
58887,0.7528
58888,0.7524
58889,0.754
58890,0.7546
58891,0.7551
58892,0.7546
58893,0.7542
58894,0.7547
58895,0.7532
58896,0.7531
58897,0.753
58898,0.7537
58899,0.7537
58900,0.7557
58901,0.7558
58902,0.7545
58903,0.7547
58904,0.754
58905,0.7536
58906,0.7535
58907,0.7553
58908,0.7551
58909,0.7552
58910,0.7551
58911,0.7556
58912,0.7555
58913,0.7554
58914,0.7555
58915,0.7551
58916,0.755
58917,0.7549
58918,0.7548
58919,0.7552
58920,0.7552
58921,0.7544
58922,0.7537
58923,0.7534
58924,0.754
58925,0.7543
58926,0.7542
58927,0.7544
58928,0.7542
58929,0.7544
58930,0.7543
58931,0.7545
58932,0.7553
58933,0.755
58934,0.7545
58935,0.7547
58936,0.755
58937,0.7549
58938,0.7546
58939,0.7546
58940,0.7544
58941,0.7548
58942,0.7546
58943,0.7553
58944,0.7549
58945,0.7549
58946,0.755
58947,0.7545
58948,0.7551
58949,0.7555
58950,0.7554
58951,0.7553
58952,0.755
58953,0.7556
58954,0.7549
58955,0.7545
58956,0.7535
58957,0.7549
58958,0.755
58959,0.7545
58960,0.755
58961,0.7558
58962,0.7556
58963,0.7551
58964,0.7555
58965,0.7548
58966,0.7555
58967,0.7553
58968,0.7546
58969,0.7552
58970,0.7555
58971,0.7557
58972,0.7557
58973,0.7538
58974,0.7538
58975,0.7539
58976,0.7543
58977,0.7543
58978,0.7547
58979,0.755
58980,0.7547
58981,0.7556
58982,0.7549
58983,0.7549
58984,0.7547
58985,0.7551
58986,0.755
58987,0.7552
58988,0.7547
58989,0.755
58990,0.7556
58991,0.7547
58992,0.7551
58993,0.7559
58994,0.7562
58995,0.7558
58996,0.7557
58997,0.7557
58998,0.7556
58999,0.7545
59000,0.754
59001,0.7541
59002,0.7544
59003,0.7541
59004,0.7539
59005,0.7533
59006,0.7538
59007,0.7536
59008,0.7551
59009,0.7548
59010,0.7553
59011,0.755
59012,0.7555
59013,0.7552
59014,0.7556
59015,0.7554
59016,0.7547
59017,0.7548
59018,0.7546
59019,0.7547
59020,0.754
59021,0.7545
59022,0.755
59023,0.7551
59024,0.7551
59025,0.7548
59026,0.7545
59027,0.7551
59028,0.7549
59029,0.7558
59030,0.7562
59031,0.7551
59032,0.7553
59033,0.7553
59034,0.7555
59035,0.7555
59036,0.7549
59037,0.755
59038,0.7554
59039,0.7552
59040,0.7547
59041,0.7552
59042,0.7554
59043,0.7551
59044,0.754
59045,0.7548
59046,0.7545
59047,0.7548
59048,0.7548
59049,0.7552
59050,0.7561
59051,0.7556
59052,0.7554
59053,0.7545
59054,0.7547
59055,0.7542
59056,0.7549
59057,0.7548
59058,0.7546
59059,0.7552
59060,0.7554
59061,0.7554
59062,0.7558
59063,0.7558
59064,0.7559
59065,0.7555
59066,0.7554
59067,0.7547
59068,0.7549
59069,0.7547
59070,0.7553
59071,0.7559
59072,0.7563
59073,0.7561
59074,0.7562
59075,0.7557
59076,0.7556
59077,0.7551
59078,0.7552
59079,0.755
59080,0.7552
59081,0.7554
59082,0.7553
59083,0.7548
59084,0.7552
59085,0.7555
59086,0.756
59087,0.7554
59088,0.755
59089,0.7554
59090,0.7555
59091,0.756
59092,0.7552
59093,0.7548
59094,0.7549
59095,0.7544
59096,0.7551
59097,0.7543
59098,0.7537
59099,0.7543
59100,0.7539
59101,0.7541
59102,0.7542
59103,0.7537
59104,0.7542
59105,0.7549
59106,0.7549
59107,0.7547
59108,0.7552
59109,0.7545
59110,0.7543
59111,0.7546
59112,0.7544
59113,0.7544
59114,0.7551
59115,0.7547
59116,0.7546
59117,0.7541
59118,0.754
59119,0.7538
59120,0.754
59121,0.7545
59122,0.7537
59123,0.7544
59124,0.7548
59125,0.7548
59126,0.7547
59127,0.7543
59128,0.7543
59129,0.7552
59130,0.7549
59131,0.7542
59132,0.7541
59133,0.7551
59134,0.7547
59135,0.7546
59136,0.7548
59137,0.7551
59138,0.7547
59139,0.7546
59140,0.7545
59141,0.7548
59142,0.7546
59143,0.7551
59144,0.754
59145,0.7545
59146,0.7548
59147,0.7546
59148,0.7545
59149,0.7552
59150,0.7561
59151,0.7541
59152,0.754
59153,0.7541
59154,0.7545
59155,0.7547
59156,0.7546
59157,0.7548
59158,0.7551
59159,0.7552
59160,0.7556
59161,0.7574
59162,0.7538
59163,0.7543
59164,0.7543
59165,0.7546
59166,0.754
59167,0.7534
59168,0.7541
59169,0.7544
59170,0.7545
59171,0.7546
59172,0.755
59173,0.7551
59174,0.7542
59175,0.7548
59176,0.754
59177,0.7546
59178,0.7554
59179,0.7551
59180,0.7547
59181,0.7546
59182,0.7553
59183,0.7548
59184,0.7545
59185,0.7542
59186,0.7541
59187,0.7542
59188,0.7539
59189,0.7547
59190,0.7556
59191,0.7554
59192,0.7554
59193,0.7554
59194,0.7557
59195,0.7553
59196,0.7544
59197,0.7544
59198,0.7537
59199,0.7544
59200,0.7544
59201,0.7539
59202,0.7539
59203,0.7537
59204,0.754
59205,0.7544
59206,0.7541
59207,0.7536
59208,0.755
59209,0.7542
59210,0.7543
59211,0.7554
59212,0.7551
59213,0.7561
59214,0.7546
59215,0.7549
59216,0.7553
59217,0.7554
59218,0.7553
59219,0.7549
59220,0.7542
59221,0.7552
59222,0.7551
59223,0.7554
59224,0.7556
59225,0.7557
59226,0.7556
59227,0.7558
59228,0.7554
59229,0.7546
59230,0.7549
59231,0.7549
59232,0.7535
59233,0.7541
59234,0.7541
59235,0.7543
59236,0.7551
59237,0.7549
59238,0.7549
59239,0.755
59240,0.7552
59241,0.7546
59242,0.755
59243,0.7555
59244,0.7554
59245,0.7557
59246,0.7556
59247,0.7556
59248,0.7549
59249,0.7547
59250,0.7553
59251,0.7558
59252,0.7563
59253,0.7556
59254,0.7554
59255,0.7554
59256,0.7547
59257,0.7548
59258,0.7547
59259,0.7551
59260,0.7548
59261,0.7548
59262,0.755
59263,0.7553
59264,0.7553
59265,0.7548
59266,0.7545
59267,0.755
59268,0.7548
59269,0.7553
59270,0.7554
59271,0.7554
59272,0.7552
59273,0.7551
59274,0.7549
59275,0.7552
59276,0.7551
59277,0.7553
59278,0.7548
59279,0.756
59280,0.7559
59281,0.7553
59282,0.7554
59283,0.7554
59284,0.7557
59285,0.7554
59286,0.7555
59287,0.7555
59288,0.7554
59289,0.7549
59290,0.7547
59291,0.7554
59292,0.7554
59293,0.7553
59294,0.7551
59295,0.7556
59296,0.755
59297,0.7551
59298,0.7552
59299,0.7556
59300,0.7554
59301,0.7553
59302,0.7559
59303,0.7556
59304,0.7556
59305,0.7557
59306,0.7551
59307,0.7553
59308,0.7554
59309,0.7547
59310,0.7544
59311,0.7545
59312,0.754
59313,0.755
59314,0.7554
59315,0.7553
59316,0.7553
59317,0.7551
59318,0.7548
59319,0.7547
59320,0.7555
59321,0.7548
59322,0.7548
59323,0.7551
59324,0.7548
59325,0.7553
59326,0.7551
59327,0.755
59328,0.7553
59329,0.7547
59330,0.7547
59331,0.7554
59332,0.755
59333,0.755
59334,0.7546
59335,0.7554
59336,0.7556
59337,0.7554
59338,0.7553
59339,0.7553
59340,0.7558
59341,0.7558
59342,0.7558
59343,0.7558
59344,0.7551
59345,0.7548
59346,0.755
59347,0.7554
59348,0.7558
59349,0.7565
59350,0.7567
59351,0.7563
59352,0.7559
59353,0.7551
59354,0.7555
59355,0.7542
59356,0.7549
59357,0.7539
59358,0.7538
59359,0.7548
59360,0.7545
59361,0.7544
59362,0.7541
59363,0.7534
59364,0.7536
59365,0.7535
59366,0.7541
59367,0.7543
59368,0.753
59369,0.7532
59370,0.7534
59371,0.7541
59372,0.7541
59373,0.7543
59374,0.7548
59375,0.7552
59376,0.7546
59377,0.7551
59378,0.755
59379,0.7552
59380,0.7547
59381,0.7543
59382,0.7544
59383,0.7551
59384,0.7547
59385,0.7548
59386,0.7545
59387,0.7534
59388,0.7546
59389,0.7549
59390,0.7551
59391,0.7548
59392,0.7551
59393,0.7544
59394,0.7542
59395,0.7547
59396,0.7553
59397,0.7556
59398,0.7555
59399,0.7548
59400,0.754
59401,0.7545
59402,0.7547
59403,0.7587
59404,0.748
59405,0.7482
59406,0.7487
59407,0.7492
59408,0.7491
59409,0.7491
59410,0.7415
59411,0.7556
59412,0.7552
59413,0.7562
59414,0.7569
59415,0.7567
59416,0.7567
59417,0.7568
59418,0.7457
59419,0.7464
59420,0.7457
59421,0.7457
59422,0.7467
59423,0.7471
59424,0.7465
59425,0.7455
59426,0.7479
59427,0.7479
59428,0.7484
59429,0.7486
59430,0.7496
59431,0.7494
59432,0.749
59433,0.7499
59434,0.7494
59435,0.7498
59436,0.7499
59437,0.7497
59438,0.7499
59439,0.7501
59440,0.7496
59441,0.7498
59442,0.7501
59443,0.7501
59444,0.7505
59445,0.7512
59446,0.7512
59447,0.7517
59448,0.7372
59449,0.7411
59450,0.7592
59451,0.7597
59452,0.7598
59453,0.7599
59454,0.7601
59455,0.76
59456,0.7604
59457,0.7604
59458,0.7607
59459,0.7614
59460,0.7621
59461,0.7613
59462,0.7611
59463,0.761
59464,0.7615
59465,0.7607
59466,0.7605
59467,0.7606
59468,0.7611
59469,0.7613
59470,0.7618
59471,0.7616
59472,0.7616
59473,0.7592
59474,0.7595
59475,0.76
59476,0.7597
59477,0.7596
59478,0.7598
59479,0.7598
59480,0.7602
59481,0.7603
59482,0.7603
59483,0.7602
59484,0.7603
59485,0.7605
59486,0.7609
59487,0.7608
59488,0.7604
59489,0.7605
59490,0.7608
59491,0.7607
59492,0.7603
59493,0.7602
59494,0.7609
59495,0.7489
59496,0.7493
59497,0.7494
59498,0.7496
59499,0.7497
59500,0.7503
59501,0.751
59502,0.7516
59503,0.7507
59504,0.7494
59505,0.7506
59506,0.7511
59507,0.752
59508,0.7524
59509,0.7528
59510,0.7528
59511,0.7531
59512,0.7536
59513,0.7531
59514,0.7531
59515,0.7537
59516,0.7539
59517,0.7535
59518,0.7536
59519,0.7527
59520,0.7527
59521,0.7542
59522,0.7544
59523,0.7546
59524,0.7546
59525,0.7537
59526,0.7544
59527,0.7546
59528,0.7538
59529,0.7542
59530,0.7543
59531,0.7551
59532,0.7551
59533,0.7551
59534,0.7556
59535,0.7561
59536,0.7564
59537,0.7565
59538,0.7572
59539,0.7572
59540,0.7571
59541,0.7576
59542,0.7576
59543,0.7576
59544,0.7574
59545,0.758
59546,0.7504
59547,0.7495
59548,0.7493
59549,0.7497
59550,0.7498
59551,0.7505
59552,0.7509
59553,0.7506
59554,0.7507
59555,0.7507
59556,0.7511
59557,0.7514
59558,0.7523
59559,0.7516
59560,0.7525
59561,0.7529
59562,0.7531
59563,0.753
59564,0.753
59565,0.7523
59566,0.7518
59567,0.7533
59568,0.7532
59569,0.7547
59570,0.7548
59571,0.7541
59572,0.7548
59573,0.7553
59574,0.7555
59575,0.7553
59576,0.7554
59577,0.755
59578,0.755
59579,0.7549
59580,0.7553
59581,0.7557
59582,0.7558
59583,0.7559
59584,0.7559
59585,0.7561
59586,0.7561
59587,0.7561
59588,0.7567
59589,0.7571
59590,0.7566
59591,0.7563
59592,0.7566
59593,0.7565
59594,0.757
59595,0.7573
59596,0.7574
59597,0.7571
59598,0.7575
59599,0.757
59600,0.7576
59601,0.7576
59602,0.7573
59603,0.7571
59604,0.7568
59605,0.7577
59606,0.7573
59607,0.7576
59608,0.7583
59609,0.7582
59610,0.7579
59611,0.7576
59612,0.7571
59613,0.7571
59614,0.7574
59615,0.7577
59616,0.7576
59617,0.7571
59618,0.7568
59619,0.7575
59620,0.7577
59621,0.7577
59622,0.7582
59623,0.7587
59624,0.7562
59625,0.7569
59626,0.7567
59627,0.757
59628,0.7559
59629,0.7562
59630,0.7565
59631,0.7566
59632,0.7567
59633,0.7567
59634,0.7568
59635,0.7565
59636,0.7569
59637,0.7569
59638,0.7571
59639,0.756
59640,0.7564
59641,0.757
59642,0.7569
59643,0.7573
59644,0.7569
59645,0.7568
59646,0.7574
59647,0.7571
59648,0.7567
59649,0.7565
59650,0.7573
59651,0.7575
59652,0.7575
59653,0.7582
59654,0.7585
59655,0.7586
59656,0.7589
59657,0.7584
59658,0.7584
59659,0.7582
59660,0.7588
59661,0.7586
59662,0.7585
59663,0.7581
59664,0.7583
59665,0.7581
59666,0.7583
59667,0.7582
59668,0.7581
59669,0.7578
59670,0.7578
59671,0.7584
59672,0.7584
59673,0.758
59674,0.7581
59675,0.7585
59676,0.7581
59677,0.7586
59678,0.7579
59679,0.7589
59680,0.7589
59681,0.758
59682,0.7576
59683,0.7581
59684,0.7583
59685,0.7583
59686,0.7591
59687,0.7585
59688,0.7585
59689,0.7587
59690,0.7588
59691,0.7581
59692,0.7583
59693,0.7586
59694,0.7581
59695,0.7574
59696,0.7575
59697,0.7571
59698,0.7576
59699,0.7583
59700,0.7577
59701,0.7576
59702,0.7575
59703,0.7576
59704,0.7575
59705,0.7574
59706,0.7578
59707,0.7575
59708,0.7578
59709,0.7587
59710,0.7576
59711,0.758
59712,0.7574
59713,0.7574
59714,0.7573
59715,0.7584
59716,0.7583
59717,0.7586
59718,0.7579
59719,0.7577
59720,0.7577
59721,0.7576
59722,0.7578
59723,0.7578
59724,0.7576
59725,0.7581
59726,0.7584
59727,0.7583
59728,0.7576
59729,0.7579
59730,0.7579
59731,0.7577
59732,0.758
59733,0.7583
59734,0.7583
59735,0.7576
59736,0.7578
59737,0.7582
59738,0.7578
59739,0.7573
59740,0.7574
59741,0.7578
59742,0.7579
59743,0.7573
59744,0.758
59745,0.7582
59746,0.7584
59747,0.7582
59748,0.7581
59749,0.7587
59750,0.7587
59751,0.7589
59752,0.7583
59753,0.7579
59754,0.7579
59755,0.7583
59756,0.7584
59757,0.7582
59758,0.7586
59759,0.7578
59760,0.758
59761,0.7582
59762,0.7584
59763,0.7591
59764,0.7588
59765,0.7584
59766,0.7583
59767,0.7584
59768,0.7585
59769,0.7578
59770,0.7584
59771,0.7581
59772,0.7587
59773,0.7589
59774,0.7589
59775,0.7594
59776,0.7595
59777,0.7596
59778,0.7591
59779,0.7594
59780,0.7593
59781,0.7593
59782,0.7591
59783,0.7585
59784,0.7573
59785,0.7576
59786,0.7587
59787,0.7585
59788,0.7582
59789,0.7585
59790,0.7585
59791,0.758
59792,0.7579
59793,0.7584
59794,0.7581
59795,0.7584
59796,0.758
59797,0.7581
59798,0.7585
59799,0.7575
59800,0.7579
59801,0.7583
59802,0.759
59803,0.7586
59804,0.7586
59805,0.7581
59806,0.7582
59807,0.7584
59808,0.7585
59809,0.7582
59810,0.7589
59811,0.759
59812,0.7588
59813,0.7591
59814,0.7592
59815,0.7595
59816,0.7596
59817,0.7594
59818,0.7592
59819,0.7597
59820,0.7595
59821,0.7585
59822,0.7596
59823,0.7594
59824,0.7594
59825,0.7598
59826,0.7599
59827,0.7599
59828,0.7598
59829,0.7597
59830,0.7576
59831,0.758
59832,0.7586
59833,0.7586
59834,0.7586
59835,0.7587
59836,0.7596
59837,0.7596
59838,0.759
59839,0.7582
59840,0.7582
59841,0.7586
59842,0.759
59843,0.7587
59844,0.7587
59845,0.7589
59846,0.7592
59847,0.7587
59848,0.7584
59849,0.7561
59850,0.756
59851,0.7564
59852,0.7576
59853,0.7573
59854,0.7569
59855,0.7576
59856,0.7581
59857,0.7575
59858,0.759
59859,0.7592
59860,0.759
59861,0.7584
59862,0.7566
59863,0.7568
59864,0.7581
59865,0.7585
59866,0.7586
59867,0.7582
59868,0.7583
59869,0.7585
59870,0.7587
59871,0.7605
59872,0.7587
59873,0.7588
59874,0.7588
59875,0.7582
59876,0.757
59877,0.7569
59878,0.7585
59879,0.757
59880,0.7575
59881,0.7577
59882,0.7578
59883,0.7572
59884,0.7566
59885,0.7569
59886,0.7571
59887,0.7571
59888,0.7576
59889,0.7575
59890,0.7579
59891,0.7577
59892,0.7581
59893,0.7586
59894,0.7585
59895,0.7574
59896,0.7579
59897,0.7587
59898,0.7581
59899,0.7579
59900,0.7584
59901,0.758
59902,0.7595
59903,0.7595
59904,0.7593
59905,0.7586
59906,0.7586
59907,0.7583
59908,0.7582
59909,0.7578
59910,0.7584
59911,0.759
59912,0.7588
59913,0.7587
59914,0.7579
59915,0.7579
59916,0.7577
59917,0.7583
59918,0.7576
59919,0.7565
59920,0.7579
59921,0.7579
59922,0.7583
59923,0.7584
59924,0.7581
59925,0.7583
59926,0.7576
59927,0.7592
59928,0.7575
59929,0.7579
59930,0.7585
59931,0.7581
59932,0.7582
59933,0.7584
59934,0.7589
59935,0.7584
59936,0.7573
59937,0.7587
59938,0.7595
59939,0.759
59940,0.7583
59941,0.7585
59942,0.7578
59943,0.7582
59944,0.7586
59945,0.7583
59946,0.7577
59947,0.7577
59948,0.7583
59949,0.7585
59950,0.7583
59951,0.7583
59952,0.7581
59953,0.7585
59954,0.7579
59955,0.758
59956,0.758
59957,0.7574
59958,0.7578
59959,0.7578
59960,0.7584
59961,0.759
59962,0.7585
59963,0.7588
59964,0.7585
59965,0.7588
59966,0.7579
59967,0.759
59968,0.7595
59969,0.7592
59970,0.7594
59971,0.7593
59972,0.7588
59973,0.7589
59974,0.7578
59975,0.7582
59976,0.7585
59977,0.7594
59978,0.7586
59979,0.7588
59980,0.7585
59981,0.7583
59982,0.7587
59983,0.758
59984,0.7582
59985,0.7573
59986,0.7577
59987,0.7576
59988,0.7582
59989,0.7582
59990,0.7591
59991,0.7586
59992,0.7587
59993,0.759
59994,0.7587
59995,0.7576
59996,0.758
59997,0.7578
59998,0.7562
59999,0.7567
